RosTime,PositionForIiwa7,OrientationForIiwa7,PositionForIiwa14,OrientationForIiwa14
1715016002.7156394,0.46962326765060425  1.0637712478637695 0.27697569131851196, 0.00059039518237113953 -0.00023979434627108276    -0.70856320858001709      0.7056470513343811,0.46962326765060425  1.0637712478637695 0.27697569131851196, 0.00059039518237113953 -0.00023979434627108276    -0.70856320858001709      0.7056470513343811
1715016002.7206914,0.46865648031234741  1.0643010139465332 0.27692171931266785,0.00063719076570123434 -0.0005625559133477509   -0.70827305316925049    0.70593804121017456,0.46865648031234741  1.0643010139465332 0.27692171931266785,0.00063719076570123434 -0.0005625559133477509   -0.70827305316925049    0.70593804121017456
1715016002.7256141,0.46865293383598328  1.0643131732940674 0.27699410915374756, 0.00070350972237065434 -0.00063250062521547079    -0.70822149515151978     0.70598971843719482,0.46865293383598328  1.0643131732940674 0.27699410915374756, 0.00070350972237065434 -0.00063250062521547079    -0.70822149515151978     0.70598971843719482
1715016002.7306149,0.46863013505935669  1.0643192529678345 0.27695590257644653,0.00069541815901175141 -0.0005572427180595696   -0.70824533700942993    0.70596581697463989,0.46863013505935669  1.0643192529678345 0.27695590257644653,0.00069541815901175141 -0.0005572427180595696   -0.70824533700942993    0.70596581697463989
1715016002.7356501,0.46866229176521301  1.0642926692962646 0.27696135640144348, 0.00063014402985572815 -0.00053307792404666543    -0.70826172828674316     0.70594942569732666,0.46866229176521301  1.0642926692962646 0.27696135640144348, 0.00063014402985572815 -0.00053307792404666543    -0.70826172828674316     0.70594942569732666
1715016002.7406099,0.46864861249923706  1.0643095970153809 0.27693021297454834,0.00069247832288965583 -0.0006244286778382957   -0.70826631784439087     0.7059447169303894,0.46864861249923706  1.0643095970153809 0.27693021297454834,0.00069247832288965583 -0.0006244286778382957   -0.70826631784439087     0.7059447169303894
1715016002.7456155,0.46869683265686035  1.0643101930618286 0.27697139978408813, 0.00075702671892940998 -0.00067889678757637739    -0.70829159021377563     0.70591926574707031,0.46869683265686035  1.0643101930618286 0.27697139978408813, 0.00075702671892940998 -0.00067889678757637739    -0.70829159021377563     0.70591926574707031
1715016002.7506118,0.46866342425346375  1.0643191337585449 0.27695992588996887, 0.00074592308374121785 -0.00055238930508494377    -0.70825153589248657     0.70595955848693848,0.46866342425346375  1.0643191337585449 0.27695992588996887, 0.00074592308374121785 -0.00055238930508494377    -0.70825153589248657     0.70595955848693848
1715016002.7556107,0.46873274445533752  1.0643037557601929 0.27687555551528931, 0.00065788038773462176 -0.00048097915714606643     -0.7082555890083313      0.7059556245803833,0.46873274445533752  1.0643037557601929 0.27687555551528931, 0.00065788038773462176 -0.00048097915714606643     -0.7082555890083313      0.7059556245803833
1715016002.7606132, 0.4686657190322876   1.064332127571106 0.27698969841003418, 0.00059255777159705758 -0.00064111198298633099    -0.70829081535339355     0.70592021942138672, 0.4686657190322876   1.064332127571106 0.27698969841003418, 0.00059255777159705758 -0.00064111198298633099    -0.70829081535339355     0.70592021942138672
1715016002.7656138,0.46865025162696838  1.0643347501754761 0.27698197960853577, 0.00063349422998726368 -0.00057882070541381836    -0.70827502012252808     0.70593613386154175,0.46865025162696838  1.0643347501754761 0.27698197960853577, 0.00063349422998726368 -0.00057882070541381836    -0.70827502012252808     0.70593613386154175
1715016002.7706125,0.46867144107818604  1.0643266439437866  0.2769724428653717, 0.0007091528968885541 -0.0007836376316845417   -0.70828205347061157    0.70592880249023438,0.46867144107818604  1.0643266439437866  0.2769724428653717, 0.0007091528968885541 -0.0007836376316845417   -0.70828205347061157    0.70592880249023438
1715016002.7756126,0.46863368153572083  1.0643205642700195 0.27701100707054138, 0.00069048412842676044 -0.00061612616991624236    -0.70821541547775269     0.70599579811096191,0.46863368153572083  1.0643205642700195 0.27701100707054138, 0.00069048412842676044 -0.00061612616991624236    -0.70821541547775269     0.70599579811096191
1715016002.7806406,0.46866664290428162  1.0643097162246704  0.2769831120967865, 0.00070795038482174277 -0.00057611055672168732      -0.708304762840271      0.7059062123298645,0.46866664290428162  1.0643097162246704  0.2769831120967865, 0.00070795038482174277 -0.00057611055672168732      -0.708304762840271      0.7059062123298645
1715016002.7856114,0.46863895654678345  1.0643213987350464 0.27699583768844604, 0.00059127196436747909 -0.00056088133715093136    -0.70835089683532715     0.70586001873016357,0.46863895654678345  1.0643213987350464 0.27699583768844604, 0.00059127196436747909 -0.00056088133715093136    -0.70835089683532715     0.70586001873016357
1715016002.7906139,0.46864485740661621  1.0643481016159058 0.27695497870445251,0.00069042708491906524 -0.0005539216217584908   -0.70826518535614014    0.70594590902328491,0.46864485740661621  1.0643481016159058 0.27695497870445251,0.00069042708491906524 -0.0005539216217584908   -0.70826518535614014    0.70594590902328491
1715016002.7956102,0.46869108080863953  1.0643150806427002 0.27696537971496582, 0.00069918844383209944 -0.00063309032702818513    -0.70823216438293457     0.70597892999649048,0.46869108080863953  1.0643150806427002 0.27696537971496582, 0.00069918844383209944 -0.00063309032702818513    -0.70823216438293457     0.70597892999649048
1715016002.8006155,0.46873360872268677  1.0642874240875244 0.27697503566741943, 0.00074086326640099287 -0.00060262938495725393    -0.70833104848861694     0.70587974786758423,0.46873360872268677  1.0642874240875244 0.27697503566741943, 0.00074086326640099287 -0.00060262938495725393    -0.70833104848861694     0.70587974786758423
1715016002.8056123,0.46868032217025757  1.0643322467803955 0.27696290612220764, 0.00074313225923106074 -0.00064032396767288446    -0.70821505784988403     0.70599603652954102,0.46868032217025757  1.0643322467803955 0.27696290612220764, 0.00074313225923106074 -0.00064032396767288446    -0.70821505784988403     0.70599603652954102
1715016002.810611,0.46870324015617371  1.0643254518508911 0.27689966559410095, 0.00069619750138372183 -0.00057075300719588995    -0.70825880765914917     0.70595228672027588,0.46870324015617371  1.0643254518508911 0.27689966559410095, 0.00069619750138372183 -0.00057075300719588995    -0.70825880765914917     0.70595228672027588
1715016002.8156176,0.46968486905097961  1.0637648105621338 0.27694305777549744, 0.00062823964981362224 -0.00025679514510557055    -0.70858484506607056     0.70562529563903809,0.46968486905097961  1.0637648105621338 0.27694305777549744, 0.00062823964981362224 -0.00025679514510557055    -0.70858484506607056     0.70562529563903809
1715016002.820612,0.46868616342544556  1.0642833709716797 0.27692332863807678, 0.00068292283685877919 -0.00057129818014800549    -0.70825600624084473      0.7059551477432251,0.46868616342544556  1.0642833709716797 0.27692332863807678, 0.00068292283685877919 -0.00057129818014800549    -0.70825600624084473      0.7059551477432251
1715016002.8256116,0.46862843632698059  1.0643022060394287 0.27694442868232727,  0.0006163476500660181 -0.00061504397308453918    -0.70825237035751343      0.7059587836265564,0.46862843632698059  1.0643022060394287 0.27694442868232727,  0.0006163476500660181 -0.00061504397308453918    -0.70825237035751343      0.7059587836265564
1715016002.8306134,0.46868130564689636  1.0642956495285034 0.27696594595909119, 0.00059061578940600157 -0.00053918478079140186    -0.70827317237854004     0.70593804121017456,0.46868130564689636  1.0642956495285034 0.27696594595909119, 0.00059061578940600157 -0.00053918478079140186    -0.70827317237854004     0.70593804121017456
1715016002.8356662, 0.4686635434627533   1.064289927482605 0.27695590257644653, 0.00062291213544085622 -0.00064163596834987402    -0.70822036266326904     0.70599091053009033, 0.4686635434627533   1.064289927482605 0.27695590257644653, 0.00062291213544085622 -0.00064163596834987402    -0.70822036266326904     0.70599091053009033
1715016002.8406112,0.46869382262229919  1.0642749071121216 0.27694720029830933, 0.00063835794571787119 -0.00052876176778227091     -0.7082669734954834     0.70594418048858643,0.46869382262229919  1.0642749071121216 0.27694720029830933, 0.00063835794571787119 -0.00052876176778227091     -0.7082669734954834     0.70594418048858643
1715016002.8456106, 0.4687252938747406  1.0642544031143188 0.27699357271194458, 0.00055476208217442036 -0.00047977373469620943    -0.70835816860198975     0.70585280656814575, 0.4687252938747406  1.0642544031143188 0.27699357271194458, 0.00055476208217442036 -0.00047977373469620943    -0.70835816860198975     0.70585280656814575
1715016002.8506203,0.46866399049758911  1.0642858743667603 0.27696782350540161, 0.00068296503741294146 -0.00042874651262536645    -0.70829194784164429     0.70591914653778076,0.46866399049758911  1.0642858743667603 0.27696782350540161, 0.00068296503741294146 -0.00042874651262536645    -0.70829194784164429     0.70591914653778076
1715016002.8556166,0.46867918968200684  1.0642822980880737 0.27692979574203491,  0.0006134012364782393 -0.00052565138321369886    -0.70829576253890991     0.70591533184051514,0.46867918968200684  1.0642822980880737 0.27692979574203491,  0.0006134012364782393 -0.00052565138321369886    -0.70829576253890991     0.70591533184051514
1715016002.8606393, 0.4686892032623291  1.0642712116241455 0.27696189284324646,0.00053910183487460017 -0.0006008697091601789   -0.70838326215744019    0.70582753419876099, 0.4686892032623291  1.0642712116241455 0.27696189284324646,0.00053910183487460017 -0.0006008697091601789   -0.70838326215744019    0.70582753419876099
1715016002.8656445, 0.4686448872089386  1.0642908811569214 0.27699866890907288, 0.00070652685826644301 -0.00044608375173993409    -0.70829761028289795      0.7059134840965271, 0.4686448872089386  1.0642908811569214 0.27699866890907288, 0.00070652685826644301 -0.00044608375173993409    -0.70829761028289795      0.7059134840965271
1715016002.8706093,0.46863618493080139  1.0642733573913574 0.27705675363540649,   0.00073910818900913 -0.0005405701813288033   -0.70829015970230103    0.70592081546783447,0.46863618493080139  1.0642733573913574 0.27705675363540649,   0.00073910818900913 -0.0005405701813288033   -0.70829015970230103    0.70592081546783447
1715016002.8756561,0.46861591935157776  1.0642925500869751 0.27699461579322815,  0.0006764401332475245 -0.00053857313469052315    -0.70827305316925049     0.70593804121017456,0.46861591935157776  1.0642925500869751 0.27699461579322815,  0.0006764401332475245 -0.00053857313469052315    -0.70827305316925049     0.70593804121017456
1715016002.8806372,0.46860790252685547  1.0642504692077637 0.27704718708992004, 0.00071590644074603915 -0.00052300549577921629    -0.70829039812088013     0.70592063665390015,0.46860790252685547  1.0642504692077637 0.27704718708992004, 0.00071590644074603915 -0.00052300549577921629    -0.70829039812088013     0.70592063665390015
1715016002.8856115,0.46857202053070068  1.0642752647399902 0.27694356441497803,0.00069459306541830301 -0.0003937773872166872   -0.70829522609710693    0.70591586828231812,0.46857202053070068  1.0642752647399902 0.27694356441497803,0.00069459306541830301 -0.0003937773872166872   -0.70829522609710693    0.70591586828231812
1715016002.8906133,0.46857684850692749  1.0642801523208618 0.27692347764968872,  0.0007089523714967072 -0.00040426052873954177    -0.70827364921569824     0.70593756437301636,0.46857684850692749  1.0642801523208618 0.27692347764968872,  0.0007089523714967072 -0.00040426052873954177    -0.70827364921569824     0.70593756437301636
1715016002.8956118,0.46861648559570312  1.0642621517181396 0.27695128321647644, 0.00068339920835569501 -0.00041705530020408332     -0.7082861065864563     0.70592504739761353,0.46861648559570312  1.0642621517181396 0.27695128321647644, 0.00068339920835569501 -0.00041705530020408332     -0.7082861065864563     0.70592504739761353
1715016002.9006398,0.46868988871574402  1.0642619132995605 0.27692580223083496,  0.000642104831058532 -0.0004347691428847611   -0.70824134349822998    0.70596992969512939,0.46868988871574402  1.0642619132995605 0.27692580223083496,  0.000642104831058532 -0.0004347691428847611   -0.70824134349822998    0.70596992969512939
1715016002.905616,0.46871557831764221  1.0642744302749634 0.27696678042411804, 0.00062775198603048921 -0.00047994058695621789    -0.70822542905807495      0.7059859037399292,0.46871557831764221  1.0642744302749634 0.27696678042411804, 0.00062775198603048921 -0.00047994058695621789    -0.70822542905807495      0.7059859037399292
1715016002.910615,0.46871700882911682   1.064307689666748 0.27690374851226807, 0.00060867151478305459 -0.00049733504420146346    -0.70822077989578247     0.70599055290222168,0.46871700882911682   1.064307689666748 0.27690374851226807, 0.00060867151478305459 -0.00049733504420146346    -0.70822077989578247     0.70599055290222168
1715016002.9156117,0.46875715255737305  1.0642702579498291 0.27696877717971802, 0.00068147829733788967 -0.00044368172530084848    -0.70827233791351318     0.70593887567520142,0.46875715255737305  1.0642702579498291 0.27696877717971802, 0.00068147829733788967 -0.00044368172530084848    -0.70827233791351318     0.70593887567520142
1715016002.9206142,0.46880835294723511  1.0642517805099487 0.27685472369194031, 0.00057890824973583221 -0.00044029284617863595    -0.70827990770339966     0.70593130588531494,0.46880835294723511  1.0642517805099487 0.27685472369194031, 0.00057890824973583221 -0.00044029284617863595    -0.70827990770339966     0.70593130588531494
1715016002.9256179,0.46875384449958801  1.0642671585083008  0.2769697904586792, 0.00067774677881971002 -0.00050314771942794323     -0.7082364559173584     0.70597481727600098,0.46875384449958801  1.0642671585083008  0.2769697904586792, 0.00067774677881971002 -0.00050314771942794323     -0.7082364559173584     0.70597481727600098
1715016002.9306159,  0.468709796667099  1.0643008947372437 0.27690184116363525, 0.00067232269793748856 -0.00051553413504734635    -0.70823782682418823     0.70597344636917114,  0.468709796667099  1.0643008947372437 0.27690184116363525, 0.00067232269793748856 -0.00051553413504734635    -0.70823782682418823     0.70597344636917114
1715016002.9356415,0.46867316961288452  1.0642900466918945 0.27693545818328857,0.00071198749355971813 -0.0006439676508307457   -0.70830541849136353    0.70590543746948242,0.46867316961288452  1.0642900466918945 0.27693545818328857,0.00071198749355971813 -0.0006439676508307457   -0.70830541849136353    0.70590543746948242
1715016002.9406886, 0.4686846137046814  1.0642790794372559 0.27693474292755127, 0.00058094545966014266 -0.00056067487457767129    -0.70826542377471924     0.70594578981399536, 0.4686846137046814  1.0642790794372559 0.27693474292755127, 0.00058094545966014266 -0.00056067487457767129    -0.70826542377471924     0.70594578981399536
1715016002.9456134,0.46865954995155334   1.064246654510498 0.27698498964309692, 0.00074654095806181431 -0.00044180024997331202    -0.70824152231216431     0.70596969127655029,0.46865954995155334   1.064246654510498 0.27698498964309692, 0.00074654095806181431 -0.00044180024997331202    -0.70824152231216431     0.70596969127655029
1715016002.9506404, 0.4686610996723175   1.064260721206665 0.27692532539367676, 0.00071084237424656749 -0.00046702427789568901    -0.70822829008102417     0.70598298311233521, 0.4686610996723175   1.064260721206665 0.27692532539367676, 0.00071084237424656749 -0.00046702427789568901    -0.70822829008102417     0.70598298311233521
1715016002.9556396,0.46866524219512939   1.064236044883728  0.2769695520401001, 0.00067371211480349302 -0.00046848232159391046    -0.70828866958618164     0.70592248439788818,0.46866524219512939   1.064236044883728  0.2769695520401001, 0.00067371211480349302 -0.00046848232159391046    -0.70828866958618164     0.70592248439788818
1715016002.9606435,0.46869081258773804    1.06423020362854 0.27698278427124023, 0.00065468397224321961 -0.00043764949077740312    -0.70831054449081421     0.70590054988861084,0.46869081258773804    1.06423020362854 0.27698278427124023, 0.00065468397224321961 -0.00043764949077740312    -0.70831054449081421     0.70590054988861084
1715016002.9656253,0.46872857213020325  1.0642540454864502 0.27699044346809387,  0.0006644769455306232 -0.00052879221038892865    -0.70823639631271362     0.70597487688064575,0.46872857213020325  1.0642540454864502 0.27699044346809387,  0.0006644769455306232 -0.00052879221038892865    -0.70823639631271362     0.70597487688064575
1715016002.9706759, 0.4686911404132843  1.0642715692520142 0.27697393298149109,  0.0006988343084231019 -0.00044329909724183381    -0.70826780796051025     0.70594334602355957, 0.4686911404132843  1.0642715692520142 0.27697393298149109,  0.0006988343084231019 -0.00044329909724183381    -0.70826780796051025     0.70594334602355957
1715016002.9756398,0.46869850158691406  1.0642956495285034 0.27695730328559875, 0.00067845737794414163 -0.00051006802823394537    -0.70822656154632568     0.70598471164703369,0.46869850158691406  1.0642956495285034 0.27695730328559875, 0.00067845737794414163 -0.00051006802823394537    -0.70822656154632568     0.70598471164703369
1715016002.9806886,0.4687848687171936 1.0642566680908203 0.2769474983215332, 0.00058360426919534802 -0.00047684091259725392    -0.70828020572662354     0.70593100786209106,0.4687848687171936 1.0642566680908203 0.2769474983215332, 0.00058360426919534802 -0.00047684091259725392    -0.70828020572662354     0.70593100786209106
1715016002.985615,0.46873795986175537  1.0642886161804199 0.27697783708572388, 0.00061119691235944629 -0.00039921418647281826    -0.70827704668045044     0.70593416690826416,0.46873795986175537  1.0642886161804199 0.27697783708572388, 0.00061119691235944629 -0.00039921418647281826    -0.70827704668045044     0.70593416690826416
1715016002.9906898,0.46969157457351685  1.0637385845184326 0.27701762318611145, 0.00053266092436388135 -0.00013208779273554683    -0.70862340927124023     0.70558673143386841,0.46969157457351685  1.0637385845184326 0.27701762318611145, 0.00053266092436388135 -0.00013208779273554683    -0.70862340927124023     0.70558673143386841
1715016002.9956124,0.46867576241493225  1.0642656087875366 0.27699357271194458, 0.00061243970412760973 -0.00038813761784695089     -0.7083469033241272      0.7058640718460083,0.46867576241493225  1.0642656087875366 0.27699357271194458, 0.00061243970412760973 -0.00038813761784695089     -0.7083469033241272      0.7058640718460083
1715016003.0006135,0.46865555644035339  1.0642788410186768 0.27698150277137756, 0.00060973415384069085 -0.00041515889461152256     -0.7083316445350647     0.70587944984436035,0.46865555644035339  1.0642788410186768 0.27698150277137756, 0.00060973415384069085 -0.00041515889461152256     -0.7083316445350647     0.70587944984436035
1715016003.0056326,0.46867910027503967  1.0642902851104736 0.27701771259307861,0.00065502937650308013 -0.0006014644168317318   -0.70836079120635986    0.70585000514984131,0.46867910027503967  1.0642902851104736 0.27701771259307861,0.00065502937650308013 -0.0006014644168317318   -0.70836079120635986    0.70585000514984131
1715016003.010613, 0.4686627984046936  1.0642455816268921 0.27702069282531738, 0.00069409416755661368 -0.00036985133192501962    -0.70828986167907715     0.70592129230499268, 0.4686627984046936  1.0642455816268921 0.27702069282531738, 0.00069409416755661368 -0.00036985133192501962    -0.70828986167907715     0.70592129230499268
1715016003.0156112,0.46863162517547607  1.0642744302749634 0.27696487307548523, 0.00069133518263697624 -0.00039822258986532688    -0.70828068256378174     0.70593047142028809,0.46863162517547607  1.0642744302749634 0.27696487307548523, 0.00069133518263697624 -0.00039822258986532688    -0.70828068256378174     0.70593047142028809
1715016003.020611, 0.4686812162399292  1.0642480850219727 0.27701285481452942, 0.00066821050131693482 -0.00040435005212202668    -0.70829159021377563     0.70591956377029419, 0.4686812162399292  1.0642480850219727 0.27701285481452942, 0.00066821050131693482 -0.00040435005212202668    -0.70829159021377563     0.70591956377029419
1715016003.0256155,0.46866762638092041  1.0642243623733521   0.277008056640625, 0.00070501561276614666 -0.00032614058000035584    -0.70830041170120239     0.70591068267822266,0.46866762638092041  1.0642243623733521   0.277008056640625, 0.00070501561276614666 -0.00032614058000035584    -0.70830041170120239     0.70591068267822266
1715016003.0306118,0.46868214011192322  1.0642273426055908  0.2770254909992218, 0.00070595927536487579 -0.00039450344047509134    -0.70826905965805054     0.70594209432601929,0.46868214011192322  1.0642273426055908  0.2770254909992218, 0.00070595927536487579 -0.00039450344047509134    -0.70826905965805054     0.70594209432601929
1715016003.0356395,0.46868297457695007  1.0642342567443848 0.27698296308517456, 0.00069429544964805245 -0.00043225407716818154    -0.70829731225967407     0.70591378211975098,0.46868297457695007  1.0642342567443848 0.27698296308517456, 0.00069429544964805245 -0.00043225407716818154    -0.70829731225967407     0.70591378211975098
1715016003.0406175,0.46866855025291443  1.0642507076263428 0.27697440981864929, 0.00064214383019134402 -0.00042258866596966982    -0.70830035209655762     0.70591080188751221,0.46866855025291443  1.0642507076263428 0.27697440981864929, 0.00064214383019134402 -0.00042258866596966982    -0.70830035209655762     0.70591080188751221
1715016003.0456169,0.46870669722557068  1.0642670392990112 0.27693226933479309, 0.00065353192621842027 -0.00050319940783083439    -0.70822793245315552     0.70598340034484863,0.46870669722557068  1.0642670392990112 0.27693226933479309, 0.00065353192621842027 -0.00050319940783083439    -0.70822793245315552     0.70598340034484863
1715016003.0506294,0.46875008940696716  1.0642423629760742 0.27695021033287048, 0.00073574751149863005 -0.00033429524046368897    -0.70825320482254028     0.70595800876617432,0.46875008940696716  1.0642423629760742 0.27695021033287048, 0.00073574751149863005 -0.00033429524046368897    -0.70825320482254028     0.70595800876617432
1715016003.0555825,0.46872773766517639  1.0642539262771606 0.27694275975227356, 0.00070675293682143092 -0.00045318607590161264    -0.70827203989028931     0.70593905448913574,0.46872773766517639  1.0642539262771606 0.27694275975227356, 0.00070675293682143092 -0.00045318607590161264    -0.70827203989028931     0.70593905448913574
1715016003.0606112,0.46871864795684814  1.0642623901367188 0.27696743607521057, 0.00066510372562333941 -0.00047147014993242919    -0.70827215909957886     0.70593899488449097,0.46871864795684814  1.0642623901367188 0.27696743607521057, 0.00066510372562333941 -0.00047147014993242919    -0.70827215909957886     0.70593899488449097
1715016003.0656102,0.46873083710670471  1.0642513036727905 0.27697175741195679, 0.00068826333153992891 -0.00052707747090607882    -0.70824283361434937     0.70596832036972046,0.46873083710670471  1.0642513036727905 0.27697175741195679, 0.00068826333153992891 -0.00052707747090607882    -0.70824283361434937     0.70596832036972046
1715016003.0706122,0.46872326731681824  1.0642846822738647 0.27692791819572449, 0.00072563590947538614 -0.00067990610841661692    -0.70828098058700562     0.70592993497848511,0.46872326731681824  1.0642846822738647 0.27692791819572449, 0.00072563590947538614 -0.00067990610841661692    -0.70828098058700562     0.70592993497848511
1715016003.0756116,0.46869376301765442  1.0642615556716919 0.27701252698898315, 0.00067437975667417049 -0.00056998891523107886      -0.708221435546875     0.70598983764648438,0.46869376301765442  1.0642615556716919 0.27701252698898315, 0.00067437975667417049 -0.00056998891523107886      -0.708221435546875     0.70598983764648438
1715016003.0806105,0.46870887279510498  1.0642633438110352 0.27695941925048828, 0.00065560144139453769 -0.00054887298028916121      -0.708221435546875     0.70598983764648438,0.46870887279510498  1.0642633438110352 0.27695941925048828, 0.00065560144139453769 -0.00054887298028916121      -0.708221435546875     0.70598983764648438
1715016003.0856175,0.46869075298309326  1.0642576217651367  0.2769724428653717, 0.00065298244589939713 -0.00049908121582120657    -0.70820075273513794     0.70601063966751099,0.46869075298309326  1.0642576217651367  0.2769724428653717, 0.00065298244589939713 -0.00049908121582120657    -0.70820075273513794     0.70601063966751099
1715016003.0906124,0.46868818998336792  1.0642719268798828  0.2769521176815033,0.00069564871955662966 -0.0005174330435693264   -0.70821356773376465    0.70599770545959473,0.46868818998336792  1.0642719268798828  0.2769521176815033,0.00069564871955662966 -0.0005174330435693264   -0.70821356773376465    0.70599770545959473
1715016003.095696, 0.4686715304851532  1.0642480850219727 0.27699485421180725, 0.00067836628295481205 -0.00044399063335731626    -0.70829153060913086     0.70591956377029419, 0.4686715304851532  1.0642480850219727 0.27699485421180725, 0.00067836628295481205 -0.00044399063335731626    -0.70829153060913086     0.70591956377029419
1715016003.1006119,0.46970829367637634  1.0637074708938599 0.27701875567436218, 0.00056685158051550388 -2.9565728254965506e-05     -0.7085992693901062     0.70561087131500244,0.46970829367637634  1.0637074708938599 0.27701875567436218, 0.00056685158051550388 -2.9565728254965506e-05     -0.7085992693901062     0.70561087131500244
1715016003.1056128,0.46867650747299194  1.0642465353012085 0.27703431248664856, 0.00071608496364206076 -0.00040266613359563053    -0.70831739902496338     0.70589363574981689,0.46867650747299194  1.0642465353012085 0.27703431248664856, 0.00071608496364206076 -0.00040266613359563053    -0.70831739902496338     0.70589363574981689
1715016003.1106102,0.46870779991149902  1.0642468929290771 0.27701237797737122, 0.00067256338661536574 -0.00037848553620278835    -0.70830434560775757     0.70590674877166748,0.46870779991149902  1.0642468929290771 0.27701237797737122, 0.00067256338661536574 -0.00037848553620278835    -0.70830434560775757     0.70590674877166748
1715016003.1156161,0.46866726875305176  1.0642629861831665 0.27702134847640991, 0.00069691927637904882 -0.00038998934905976057    -0.70826810598373413     0.70594310760498047,0.46866726875305176  1.0642629861831665 0.27702134847640991, 0.00069691927637904882 -0.00038998934905976057    -0.70826810598373413     0.70594310760498047
1715016003.1206131,0.46870589256286621  1.0642637014389038 0.27697840332984924, 0.00062802934553474188 -0.00039303547237068415    -0.70833218097686768      0.7058788537979126,0.46870589256286621  1.0642637014389038 0.27697840332984924, 0.00062802934553474188 -0.00039303547237068415    -0.70833218097686768      0.7058788537979126
1715016003.125612,0.46863991022109985  1.0642286539077759 0.27704373002052307, 0.00078812352148815989 -0.00040396506665274501    -0.70830607414245605     0.70590484142303467,0.46863991022109985  1.0642286539077759 0.27704373002052307, 0.00078812352148815989 -0.00040396506665274501    -0.70830607414245605     0.70590484142303467
1715016003.1306114,0.46864220499992371  1.0642416477203369 0.27701917290687561,  0.0007324668113142252 -0.00042090562055818737    -0.70827233791351318     0.70593881607055664,0.46864220499992371  1.0642416477203369 0.27701917290687561,  0.0007324668113142252 -0.00042090562055818737    -0.70827233791351318     0.70593881607055664
1715016003.1356108,0.46860513091087341  1.0642538070678711 0.27703982591629028, 0.00064440077403560281 -0.00040796498069539666    -0.70832455158233643     0.70588648319244385,0.46860513091087341  1.0642538070678711 0.27703982591629028, 0.00064440077403560281 -0.00040796498069539666    -0.70832455158233643     0.70588648319244385
1715016003.1406124,0.46859374642372131  1.0642497539520264  0.2770734429359436,   0.001000302261672914 -0.00040258999797515571    -0.70826375484466553     0.70594710111618042,0.46859374642372131  1.0642497539520264  0.2770734429359436,   0.001000302261672914 -0.00040258999797515571    -0.70826375484466553     0.70594710111618042
1715016003.1456125,0.46868833899497986  1.0642241239547729 0.27699923515319824, 0.00062719307607039809 -0.00038986396975815296    -0.70838463306427002     0.70582622289657593,0.46868833899497986  1.0642241239547729 0.27699923515319824, 0.00062719307607039809 -0.00038986396975815296    -0.70838463306427002     0.70582622289657593
1715016003.1506155,0.46869409084320068  1.0642348527908325 0.27705830335617065, 0.00063519889954477549 -0.00035695976112037897    -0.70838004350662231     0.70583087205886841,0.46869409084320068  1.0642348527908325 0.27705830335617065, 0.00063519889954477549 -0.00035695976112037897    -0.70838004350662231     0.70583087205886841
1715016003.1556127,0.46866154670715332  1.0642954111099243 0.27702334523200989, 0.00095345464069396257 -0.00049985590158030391    -0.70818996429443359     0.70602113008499146,0.46866154670715332  1.0642954111099243 0.27702334523200989, 0.00095345464069396257 -0.00049985590158030391    -0.70818996429443359     0.70602113008499146
1715016003.1606119,0.46871739625930786  1.0642727613449097 0.27696681022644043,  0.0005762146320194006 -0.00039868842577561736    -0.70833086967468262     0.70588022470474243,0.46871739625930786  1.0642727613449097 0.27696681022644043,  0.0005762146320194006 -0.00039868842577561736    -0.70833086967468262     0.70588022470474243
1715016003.1656137,0.46875211596488953  1.0642211437225342 0.27697080373764038, 0.00062443758361041546 -0.00038769430830143392    -0.70836049318313599     0.70585042238235474,0.46875211596488953  1.0642211437225342 0.27697080373764038, 0.00062443758361041546 -0.00038769430830143392    -0.70836049318313599     0.70585042238235474
1715016003.1706138, 0.4686877429485321  1.0642409324645996 0.27700918912887573,  0.0006823519361205399 -0.00040086873923428357     -0.7083095908164978     0.70590150356292725, 0.4686877429485321  1.0642409324645996 0.27700918912887573,  0.0006823519361205399 -0.00040086873923428357     -0.7083095908164978     0.70590150356292725
1715016003.1756401,0.46866387128829956  1.0642569065093994 0.27702230215072632, 0.00068535958416759968 -0.00038719770964235067    -0.70829695463180542     0.70591413974761963,0.46866387128829956  1.0642569065093994 0.27702230215072632, 0.00068535958416759968 -0.00038719770964235067    -0.70829695463180542     0.70591413974761963
1715016003.1806135,0.46868905425071716  1.0642364025115967 0.27699252963066101, 0.00069161516148597002 -0.00044905624235980213    -0.70827686786651611     0.70593428611755371,0.46868905425071716  1.0642364025115967 0.27699252963066101, 0.00069161516148597002 -0.00044905624235980213    -0.70827686786651611     0.70593428611755371
1715016003.1856136,0.46869882941246033  1.0642411708831787 0.27698424458503723, 0.00061774393543601036 -0.00033515819814056158    -0.70823526382446289     0.70597612857818604,0.46869882941246033  1.0642411708831787 0.27698424458503723, 0.00061774393543601036 -0.00033515819814056158    -0.70823526382446289     0.70597612857818604
1715016003.1907196,0.46866372227668762  1.0642597675323486 0.27699899673461914, 0.00066480651730671525 -0.00046038805157877505    -0.70825827121734619     0.70595300197601318,0.46866372227668762  1.0642597675323486 0.27699899673461914, 0.00066480651730671525 -0.00046038805157877505    -0.70825827121734619     0.70595300197601318
1715016003.1956103,0.46865105628967285   1.064237117767334 0.27705705165863037,  0.0006924609187990427 -0.00040953140705823898    -0.70824575424194336     0.70596545934677124,0.46865105628967285   1.064237117767334 0.27705705165863037,  0.0006924609187990427 -0.00040953140705823898    -0.70824575424194336     0.70596545934677124
1715016003.2006216,0.46863791346549988  1.0642267465591431 0.27701416611671448, 0.00070531276287510991 -0.00040800141869112849    -0.70828145742416382     0.70592969655990601,0.46863791346549988  1.0642267465591431 0.27701416611671448, 0.00070531276287510991 -0.00040800141869112849    -0.70828145742416382     0.70592969655990601
1715016003.2056179,0.46864563226699829   1.064210057258606 0.27706217765808105,0.00071295979432761669 -0.0004460848867893219   -0.70826011896133423    0.70595109462738037,0.46864563226699829   1.064210057258606 0.27706217765808105,0.00071295979432761669 -0.0004460848867893219   -0.70826011896133423    0.70595109462738037
1715016003.2106144,0.46867737174034119  1.0627968311309814 0.27730786800384521, 0.0026067013386636972 0.00041829675319604576   -0.70756334066390991    0.70664495229721069,0.46867737174034119  1.0627968311309814 0.27730786800384521, 0.0026067013386636972 0.00041829675319604576   -0.70756334066390991    0.70664495229721069
1715016003.2156129,0.46788129210472107  1.0601997375488281  0.2776305079460144,0.0056606275029480457 0.0024624811485409737  -0.70581942796707153   0.70836490392684937,0.46788129210472107  1.0601997375488281  0.2776305079460144,0.0056606275029480457 0.0024624811485409737  -0.70581942796707153   0.70836490392684937
1715016003.2206421,0.46790003776550293  1.0545074939727783 0.27803090214729309,0.0062675066292285919 0.0028131615836173296  -0.70234930515289307   0.71179932355880737,0.46790003776550293  1.0545074939727783 0.27803090214729309,0.0062675066292285919 0.0028131615836173296  -0.70234930515289307   0.71179932355880737
1715016003.2256401, 0.4675481915473938  1.0479573011398315 0.27855020761489868,0.0065616290085017681  0.003892725333571434  -0.69901829957962036   0.71506309509277344, 0.4675481915473938  1.0479573011398315 0.27855020761489868,0.0065616290085017681  0.003892725333571434  -0.69901829957962036   0.71506309509277344
1715016003.2306445,0.46738296747207642  1.0447356700897217 0.27876904606819153,0.0059963474050164223 0.0031783354934304953  -0.69763725996017456    0.7164190411567688,0.46738296747207642  1.0447356700897217 0.27876904606819153,0.0059963474050164223 0.0031783354934304953  -0.69763725996017456    0.7164190411567688
1715016003.235651,0.46707642078399658  1.0384706258773804 0.27921837568283081,0.0063509335741400719 0.0027226065285503864  -0.69477033615112305   0.71919846534729004,0.46707642078399658  1.0384706258773804 0.27921837568283081,0.0063509335741400719 0.0027226065285503864  -0.69477033615112305   0.71919846534729004
1715016003.2406139,0.46677136421203613  1.0321918725967407   0.279123455286026,0.0062955580651760101 0.0021529125515371561  -0.69158405065536499   0.72226536273956299,0.46677136421203613  1.0321918725967407   0.279123455286026,0.0062955580651760101 0.0021529125515371561  -0.69158405065536499   0.72226536273956299
1715016003.24561,0.46641093492507935  1.0259281396865845 0.27898791432380676,0.0064307372085750103 0.0020442495588213205  -0.68855708837509155    0.7251507043838501,0.46641093492507935  1.0259281396865845 0.27898791432380676,0.0064307372085750103 0.0020442495588213205  -0.68855708837509155    0.7251507043838501
1715016003.2506075, 0.4660499095916748  1.0197629928588867 0.27861055731773376,0.0065589337609708309 0.0012601463822647929   -0.6855195164680481   0.72802364826202393, 0.4660499095916748  1.0197629928588867 0.27861055731773376,0.0065589337609708309 0.0012601463822647929   -0.6855195164680481   0.72802364826202393
1715016003.2556133,0.46589863300323486  1.0167409181594849 0.27834418416023254,0.0062799523584544659 0.0013500497443601489  -0.68414813280105591   0.72931480407714844,0.46589863300323486  1.0167409181594849 0.27834418416023254,0.0062799523584544659 0.0013500497443601489  -0.68414813280105591   0.72931480407714844
1715016003.2606146,0.46567836403846741  1.0108360052108765 0.27805939316749573,  0.0044566160067915916 -4.5800668885931373e-05    -0.68128389120101929     0.73200571537017822,0.46567836403846741  1.0108360052108765 0.27805939316749573,  0.0044566160067915916 -4.5800668885931373e-05    -0.68128389120101929     0.73200571537017822
1715016003.2657175,0.46555691957473755  1.0052367448806763 0.27778658270835876, 0.0030284109525382519 -0.0008752577705308795   -0.67834174633026123    0.73473978042602539,0.46555691957473755  1.0052367448806763 0.27778658270835876, 0.0030284109525382519 -0.0008752577705308795   -0.67834174633026123    0.73473978042602539
1715016003.2706134,0.46546563506126404 0.99951744079589844 0.27734199166297913,0.00070630357367917895 -0.0018183790380135179   -0.67555660009384155    0.73730552196502686,0.46546563506126404 0.99951744079589844 0.27734199166297913,0.00070630357367917895 -0.0018183790380135179   -0.67555660009384155    0.73730552196502686
1715016003.275604,0.46546176075935364 0.99354749917984009 0.27751371264457703,-6.1240236391313374e-05   -0.001308957114815712    -0.67269527912139893     0.73991847038269043,0.46546176075935364 0.99354749917984009 0.27751371264457703,-6.1240236391313374e-05   -0.001308957114815712    -0.67269527912139893     0.73991847038269043
1715016003.2806053,0.46544933319091797  0.9905085563659668  0.2775866687297821,-8.4815648733638227e-05 -0.00095144129591062665    -0.67163383960723877     0.74088263511657715,0.46544933319091797  0.9905085563659668  0.2775866687297821,-8.4815648733638227e-05 -0.00095144129591062665    -0.67163383960723877     0.74088263511657715
1715016003.2856045,0.46542000770568848 0.98428523540496826  0.2774730920791626,-4.7574285417795181e-05  0.00027776043862104416    -0.66847717761993408     0.74373257160186768,0.46542000770568848 0.98428523540496826  0.2774730920791626,-4.7574285417795181e-05  0.00027776043862104416    -0.66847717761993408     0.74373257160186768
1715016003.2906036,0.46527102589607239 0.97807985544204712 0.27756696939468384,-0.00014990082127042115  0.00079265324166044593    -0.66583865880966187     0.74609529972076416,0.46527102589607239 0.97807985544204712 0.27756696939468384,-0.00014990082127042115  0.00079265324166044593    -0.66583865880966187     0.74609529972076416
1715016003.295603,0.46501457691192627 0.97219264507293701 0.27762064337730408,-4.3623040255624801e-05  0.00050391687545925379    -0.66309362649917603     0.74853628873825073,0.46501457691192627 0.97219264507293701 0.27762064337730408,-4.3623040255624801e-05  0.00050391687545925379    -0.66309362649917603     0.74853628873825073
1715016003.3006034,0.46455520391464233 0.96630138158798218 0.27745166420936584,  0.000576317950617522 0.00011503284622449428   -0.66008085012435913    0.75119435787200928,0.46455520391464233 0.96630138158798218 0.27745166420936584,  0.000576317950617522 0.00011503284622449428   -0.66008085012435913    0.75119435787200928
1715016003.305604,0.46441349387168884 0.96339231729507446 0.27744767069816589, 0.00045855119242332876 -0.00010228457540506497    -0.65868598222732544     0.75241780281066895,0.46441349387168884 0.96339231729507446 0.27744767069816589, 0.00045855119242332876 -0.00010228457540506497    -0.65868598222732544     0.75241780281066895
1715016003.3106034,0.46401357650756836 0.95759612321853638 0.27739876508712769, 0.00065164343686774373 -0.00056808540830388665    -0.65558254718780518     0.75512301921844482,0.46401357650756836 0.95759612321853638 0.27739876508712769, 0.00065164343686774373 -0.00056808540830388665    -0.65558254718780518     0.75512301921844482
1715016003.3156033,0.46359771490097046  0.9517817497253418 0.27748078107833862,  0.0011200163280591369 -0.00022704360890202224    -0.65284287929534912     0.75749248266220093,0.46359771490097046  0.9517817497253418 0.27748078107833862,  0.0011200163280591369 -0.00022704360890202224    -0.65284287929534912     0.75749248266220093
1715016003.3206041,0.46415415406227112 0.94554328918457031 0.27759274840354919,  0.0016929691191762686 -8.1626458268146962e-05    -0.65025430917739868     0.75971472263336182,0.46415415406227112 0.94554328918457031 0.27759274840354919,  0.0016929691191762686 -8.1626458268146962e-05    -0.65025430917739868     0.75971472263336182
1715016003.3256052,0.46298918128013611 0.94029998779296875 0.27752557396888733, 0.0014419248327612877 -0.0010718150297179818    -0.6472015380859375    0.76231682300567627,0.46298918128013611 0.94029998779296875 0.27752557396888733, 0.0014419248327612877 -0.0010718150297179818    -0.6472015380859375    0.76231682300567627
1715016003.3306046,0.46275657415390015  0.9374769926071167 0.27755224704742432,  0.0015010111965239048 -0.00098586687818169594    -0.64566290378570557     0.76362043619155884,0.46275657415390015  0.9374769926071167 0.27755224704742432,  0.0015010111965239048 -0.00098586687818169594    -0.64566290378570557     0.76362043619155884
1715016003.3356037,0.46260833740234375 0.93182384967803955  0.2774808406829834,  0.0013465686934068799 -0.00083739799447357655    -0.64291948080062866     0.76593214273452759,0.46260833740234375 0.93182384967803955  0.2774808406829834,  0.0013465686934068799 -0.00083739799447357655    -0.64291948080062866     0.76593214273452759
1715016003.3406036,0.46238073706626892 0.92636984586715698   0.277558833360672,  0.0012288352008908987 -0.00099367450457066298    -0.64025211334228516     0.76816320419311523,0.46238073706626892 0.92636984586715698   0.277558833360672,  0.0012288352008908987 -0.00099367450457066298    -0.64025211334228516     0.76816320419311523
1715016003.3456032,0.46219739317893982 0.92084771394729614 0.27766436338424683,0.00082045799354091287  -0.001267000799998641   -0.63772821426391602    0.77025997638702393,0.46219739317893982 0.92084771394729614 0.27766436338424683,0.00082045799354091287  -0.001267000799998641   -0.63772821426391602    0.77025997638702393
1715016003.3506038,0.46204391121864319 0.91546416282653809  0.2776305079460144, 0.0007296621915884316 -0.0012775781797245145   -0.63509058952331543    0.77243626117706299,0.46204391121864319 0.91546416282653809  0.2776305079460144, 0.0007296621915884316 -0.0012775781797245145   -0.63509058952331543    0.77243626117706299
1715016003.355603,0.46192535758018494   0.912800133228302 0.27760249376296997,0.00096411950653418899 -0.0010681105777621269   -0.63372856378555298    0.77355414628982544,0.46192535758018494   0.912800133228302 0.27760249376296997,0.00096411950653418899 -0.0010681105777621269   -0.63372856378555298    0.77355414628982544
1715016003.3606045,0.46253776550292969 0.90696686506271362 0.27760449051856995, 0.00020612597290892154 -0.00033074113889597356    -0.63144689798355103     0.77541899681091309,0.46253776550292969 0.90696686506271362 0.27760449051856995, 0.00020612597290892154 -0.00033074113889597356    -0.63144689798355103     0.77541899681091309
1715016003.3656025,0.46142026782035828 0.90219759941101074  0.2776549756526947, 5.6836364819901064e-05 -0.00077002914622426033    -0.62869346141815186      0.7776528000831604,0.46142026782035828 0.90219759941101074  0.2776549756526947, 5.6836364819901064e-05 -0.00077002914622426033    -0.62869346141815186      0.7776528000831604
1715016003.370604,0.46120661497116089 0.89696788787841797  0.2775459885597229, 0.00043129856931045651 -0.00087709474610164762    -0.62596815824508667     0.77984803915023804,0.46120661497116089 0.89696788787841797  0.2775459885597229, 0.00043129856931045651 -0.00087709474610164762    -0.62596815824508667     0.77984803915023804
1715016003.3756034,0.46092009544372559 0.89178359508514404 0.27764523029327393, 0.00021686931722797453 -0.00081268255598843098     -0.6235162615776062     0.78180992603302002,0.46092009544372559 0.89178359508514404 0.27764523029327393, 0.00021686931722797453 -0.00081268255598843098     -0.6235162615776062     0.78180992603302002
1715016003.3806031, 0.4607938826084137  0.8892483115196228 0.27763739228248596, 0.00034266928560100496 -0.00098309305030852556    -0.62191784381866455     0.78308182954788208, 0.4607938826084137  0.8892483115196228 0.27763739228248596, 0.00034266928560100496 -0.00098309305030852556    -0.62191784381866455     0.78308182954788208
1715016003.3856044,0.46053293347358704 0.88420099020004272 0.27779304981231689, 0.00035232750815339386 -0.00049715768545866013    -0.61964648962020874     0.78488081693649292,0.46053293347358704 0.88420099020004272 0.27779304981231689, 0.00035232750815339386 -0.00049715768545866013    -0.61964648962020874     0.78488081693649292
1715016003.3906026,0.46021050214767456 0.87920784950256348 0.27774173021316528,0.00069604674354195595 -0.0011329377302899957   -0.61667853593826294    0.78721392154693604,0.46021050214767456 0.87920784950256348 0.27774173021316528,0.00069604674354195595 -0.0011329377302899957   -0.61667853593826294    0.78721392154693604
1715016003.3956034,0.45982757210731506 0.87419581413269043 0.27778199315071106, 0.00063498655799776316 -0.00086487614316865802    -0.61426907777786255     0.78909587860107422,0.45982757210731506 0.87419581413269043 0.27778199315071106, 0.00063498655799776316 -0.00086487614316865802    -0.61426907777786255     0.78909587860107422
1715016003.4006031,0.45958530902862549 0.86933040618896484 0.27768644690513611,  0.0004213837964925915 -0.00096338347066193819    -0.61173045635223389     0.79106557369232178,0.45958530902862549 0.86933040618896484 0.27768644690513611,  0.0004213837964925915 -0.00096338347066193819    -0.61173045635223389     0.79106557369232178
1715016003.4056027,0.45941585302352905 0.86688685417175293 0.27778267860412598,0.00039145763730630279  -0.001129180658608675   -0.61037325859069824    0.79211300611495972,0.45941585302352905 0.86688685417175293 0.27778267860412598,0.00039145763730630279  -0.001129180658608675   -0.61037325859069824    0.79211300611495972
1715016003.4106054,0.45908370614051819 0.86209189891815186 0.27777469158172607, 0.00080459279706701636 -0.00050983409164473414    -0.60766327381134033     0.79419422149658203,0.45908370614051819 0.86209189891815186 0.27777469158172607, 0.00080459279706701636 -0.00050983409164473414    -0.60766327381134033     0.79419422149658203
1715016003.4156029,0.45884975790977478 0.85743176937103271 0.27779123187065125,0.00036421473487280309  -0.001058244495652616   -0.60521620512008667    0.79606038331985474,0.45884975790977478 0.85743176937103271 0.27779123187065125,0.00036421473487280309  -0.001058244495652616   -0.60521620512008667    0.79606038331985474
1715016003.420604,0.45867690443992615 0.85273295640945435 0.27782022953033447,0.00070811045588925481 -0.0010428028181195259   -0.60284483432769775    0.79785746335983276,0.45867690443992615 0.85273295640945435 0.27782022953033447,0.00070811045588925481 -0.0010428028181195259   -0.60284483432769775    0.79785746335983276
1715016003.4256034,0.45836663246154785 0.84819602966308594 0.27793088555335999,5.4312444262905046e-05 -0.0002813890459947288   -0.60066944360733032    0.79949742555618286,0.45836663246154785 0.84819602966308594 0.27793088555335999,5.4312444262905046e-05 -0.0002813890459947288   -0.60066944360733032    0.79949742555618286
1715016003.4306176,0.45828145742416382 0.84591543674468994 0.27785071730613708, 0.00014566666504833847 -0.00038424029480665922    -0.59927493333816528     0.80054318904876709,0.45828145742416382 0.84591543674468994 0.27785071730613708, 0.00014566666504833847 -0.00038424029480665922    -0.59927493333816528     0.80054318904876709
1715016003.4356036,0.45800679922103882 0.84143173694610596 0.27783316373825073, 0.00054551614448428154 -0.00051849044393748045    -0.59681534767150879     0.80237823724746704,0.45800679922103882 0.84143173694610596 0.27783316373825073, 0.00054551614448428154 -0.00051849044393748045    -0.59681534767150879     0.80237823724746704
1715016003.4406025,0.45782843232154846 0.83703345060348511 0.27785617113113403, 0.00047522151726298034 -0.00065838207956403494    -0.59433692693710327     0.80421572923660278,0.45782843232154846 0.83703345060348511 0.27785617113113403, 0.00047522151726298034 -0.00065838207956403494    -0.59433692693710327     0.80421572923660278
1715016003.4456975,0.45758989453315735 0.83265507221221924 0.27789360284805298, 0.00036584251211024821 -0.00058063463075086474    -0.59207957983016968     0.80587917566299438,0.45758989453315735 0.83265507221221924 0.27789360284805298, 0.00036584251211024821 -0.00058063463075086474    -0.59207957983016968     0.80587917566299438
1715016003.4506383,0.45729759335517883 0.82841479778289795  0.2779889702796936, 0.00026944710407406092 -0.00037597646587528288    -0.58984518051147461     0.80751621723175049,0.45729759335517883 0.82841479778289795  0.2779889702796936, 0.00026944710407406092 -0.00037597646587528288    -0.58984518051147461     0.80751621723175049
1715016003.4556293,0.45709744095802307 0.82633590698242188 0.27797505259513855, 0.00038755737477913499 -0.00085661729099228978    -0.58846324682235718     0.80852341651916504,0.45709744095802307 0.82633590698242188 0.27797505259513855, 0.00038755737477913499 -0.00085661729099228978    -0.58846324682235718     0.80852341651916504
1715016003.4606194,0.45676940679550171 0.82218396663665771 0.27798223495483398, 0.00070951582165434957 -0.00097889581229537725    -0.58612746000289917     0.81021797657012939,0.45676940679550171 0.82218396663665771 0.27798223495483398, 0.00070951582165434957 -0.00097889581229537725    -0.58612746000289917     0.81021797657012939
1715016003.4656079,0.45654919743537903 0.81802988052368164 0.27795189619064331, 0.0003832009679172188 -0.0010459682671353221   -0.58379089832305908    0.81190329790115356,0.45654919743537903 0.81802988052368164 0.27795189619064331, 0.0003832009679172188 -0.0010459682671353221   -0.58379089832305908    0.81190329790115356
1715016003.485554,0.45523098111152649 0.80026578903198242  0.2781466543674469, 0.00050335493870079517 -0.00081144412979483604    -0.57339656352996826     0.81927740573883057,0.45523098111152649 0.80026578903198242  0.2781466543674469, 0.00050335493870079517 -0.00081144412979483604    -0.57339656352996826     0.81927740573883057
1715016003.4906135,0.45523098111152649 0.80026578903198242  0.2781466543674469, 0.00050335493870079517 -0.00081144412979483604    -0.57339656352996826     0.81927740573883057,0.45523098111152649 0.80026578903198242  0.2781466543674469, 0.00050335493870079517 -0.00081144412979483604    -0.57339656352996826     0.81927740573883057
1715016003.4956112,0.45492061972618103 0.79644066095352173   0.278135746717453,0.00066703499760478735 -0.0008417994249612093   -0.57153099775314331    0.82057976722717285,0.45492061972618103 0.79644066095352173   0.278135746717453,0.00066703499760478735 -0.0008417994249612093   -0.57153099775314331    0.82057976722717285
1715016003.5006123,0.45468306541442871 0.79270738363265991 0.27808228135108948,0.00048568079364486039 -0.0007048234692774713   -0.56931799650192261    0.82211697101593018,0.45468306541442871 0.79270738363265991 0.27808228135108948,0.00048568079364486039 -0.0007048234692774713   -0.56931799650192261    0.82211697101593018
1715016003.5056109,0.45458012819290161 0.79089915752410889 0.27805668115615845,0.00055725470883771777 -0.0008749508997425437   -0.56783509254455566    0.82314169406890869,0.45458012819290161 0.79089915752410889 0.27805668115615845,0.00055725470883771777 -0.0008749508997425437   -0.56783509254455566    0.82314169406890869
1715016003.5106111, 0.4543018639087677 0.78725939989089966 0.27811840176582336, 0.00049631198635324836 -0.00059996487107127905      -0.566078782081604     0.82435077428817749, 0.4543018639087677 0.78725939989089966 0.27811840176582336, 0.00049631198635324836 -0.00059996487107127905      -0.566078782081604     0.82435077428817749
1715016003.5156114,0.45410215854644775 0.78371012210845947 0.27819761633872986,   0.000523723429068923 -0.00049549632240086794    -0.56391894817352295     0.82582980394363403,0.45410215854644775 0.78371012210845947 0.27819761633872986,   0.000523723429068923 -0.00049549632240086794    -0.56391894817352295     0.82582980394363403
1715016003.5206394,0.45373550057411194 0.78014731407165527 0.27816784381866455, 0.00043096215813420713 -0.00056922243675217032    -0.56166559457778931     0.82736402750015259,0.45373550057411194 0.78014731407165527 0.27816784381866455, 0.00043096215813420713 -0.00056922243675217032    -0.56166559457778931     0.82736402750015259
1715016003.5255976,0.45348179340362549 0.77670276165008545 0.27823686599731445, 0.00068773457314819098 -0.00078453286550939083    -0.55952197313308716     0.82881486415863037,0.45348179340362549 0.77670276165008545 0.27823686599731445, 0.00068773457314819098 -0.00078453286550939083    -0.55952197313308716     0.82881486415863037
1715016003.5305905,0.45316186547279358 0.77327120304107666 0.27825334668159485, 0.00045975486864335835 -0.00027439033146947622    -0.55769145488739014     0.83004820346832275,0.45316186547279358 0.77327120304107666 0.27825334668159485, 0.00045975486864335835 -0.00027439033146947622    -0.55769145488739014     0.83004820346832275
1715016003.5356064,0.45304015278816223  0.7715873122215271  0.2782306969165802, 0.00042939625564031303 -0.00048583355965092778     -0.5565376877784729     0.83082211017608643,0.45304015278816223  0.7715873122215271  0.2782306969165802, 0.00042939625564031303 -0.00048583355965092778     -0.5565376877784729     0.83082211017608643
1715016003.5406122,0.45269390940666199 0.76823908090591431 0.27825218439102173, 1.4372002624440938e-05 -0.00065821915632113814    -0.55485677719116211     0.83194559812545776,0.45269390940666199 0.76823908090591431 0.27825218439102173, 1.4372002624440938e-05 -0.00065821915632113814    -0.55485677719116211     0.83194559812545776
1715016003.5456131,0.45251268148422241 0.76504981517791748 0.27831116318702698, 0.00021399217075668275 -0.00054397626081481576    -0.55245643854141235     0.83354157209396362,0.45251268148422241 0.76504981517791748 0.27831116318702698, 0.00021399217075668275 -0.00054397626081481576    -0.55245643854141235     0.83354157209396362
1715016003.5506122,0.45220828056335449 0.76169931888580322 0.27825957536697388, 0.00067671504803001881 -0.00078494392801076174    -0.55047553777694702     0.83485066890716553,0.45220828056335449 0.76169931888580322 0.27825957536697388, 0.00067671504803001881 -0.00078494392801076174    -0.55047553777694702     0.83485066890716553
1715016003.5556104,0.45194247364997864  0.7585873007774353 0.27826908230781555, 0.00047299600555561483 -0.00081751850666478276    -0.54849404096603394     0.83615392446517944,0.45194247364997864  0.7585873007774353 0.27826908230781555, 0.00047299600555561483 -0.00081751850666478276    -0.54849404096603394     0.83615392446517944
1715016003.5606432,0.45185551047325134 0.75707888603210449 0.27828425168991089, 0.00050262873992323875 -0.00051172752864658833    -0.54746609926223755     0.83682751655578613,0.45185551047325134 0.75707888603210449 0.27828425168991089, 0.00050262873992323875 -0.00051172752864658833    -0.54746609926223755     0.83682751655578613
1715016003.5656118,0.45157009363174438 0.75401681661605835  0.2782844603061676, 0.00060386914992704988 -0.00075050583109259605    -0.54576271772384644     0.83793920278549194,0.45157009363174438 0.75401681661605835  0.2782844603061676, 0.00060386914992704988 -0.00075050583109259605    -0.54576271772384644     0.83793920278549194
1715016003.5706131,0.45143231749534607 0.75101989507675171 0.27827730774879456, 0.00052065355703234673 -0.00079440471017733216    -0.54367625713348389     0.83929449319839478,0.45143231749534607 0.75101989507675171 0.27827730774879456, 0.00052065355703234673 -0.00079440471017733216    -0.54367625713348389     0.83929449319839478
1715016003.5756161,0.45108172297477722 0.74812239408493042 0.27829477190971375, 0.00042606607894413173 -0.00063652906101197004    -0.54198282957077026      0.8403891921043396,0.45108172297477722 0.74812239408493042 0.27829477190971375, 0.00042606607894413173 -0.00063652906101197004    -0.54198282957077026      0.8403891921043396
1715016003.580611,0.45098596811294556 0.74664199352264404 0.27830061316490173, 0.00037544508813880384 -0.00017969797772821039     -0.5410001277923584     0.84102237224578857,0.45098596811294556 0.74664199352264404 0.27830061316490173, 0.00037544508813880384 -0.00017969797772821039     -0.5410001277923584     0.84102237224578857
1715016003.5856133, 0.4507407546043396 0.74386513233184814 0.27838841080665588, 0.00064005434978753328 -0.00017182408191729337    -0.53906345367431641     0.84226489067077637, 0.4507407546043396 0.74386513233184814 0.27838841080665588, 0.00064005434978753328 -0.00017182408191729337    -0.53906345367431641     0.84226489067077637
1715016003.5906115,0.45046123862266541 0.74103480577468872 0.27832084894180298, 0.00014726084191352129 -0.00064006808679550886    -0.53740459680557251     0.84332430362701416,0.45046123862266541 0.74103480577468872 0.27832084894180298, 0.00014726084191352129 -0.00064006808679550886    -0.53740459680557251     0.84332430362701416
1715016003.5956366,0.45018795132637024 0.73835128545761108  0.2783585786819458, 9.0489065769361332e-06 -0.00055991648696362972    -0.53552097082138062     0.84452176094055176,0.45018795132637024 0.73835128545761108  0.2783585786819458, 9.0489065769361332e-06 -0.00055991648696362972    -0.53552097082138062     0.84452176094055176
1715016003.6006382,0.44996476173400879 0.73567682504653931  0.2783375084400177, 0.00028635843773372471 -0.00075675599509850144    -0.53366076946258545     0.84569823741912842,0.44996476173400879 0.73567682504653931  0.2783375084400177, 0.00028635843773372471 -0.00075675599509850144    -0.53366076946258545     0.84569823741912842
1715016003.6056156,0.44965502619743347 0.73313874006271362 0.27834621071815491,0.00021783511328976601 -0.0004170409229118377   -0.53183233737945557    0.84684956073760986,0.44965502619743347 0.73313874006271362 0.27834621071815491,0.00021783511328976601 -0.0004170409229118377   -0.53183233737945557    0.84684956073760986
1715016003.6106405,0.44944199919700623  0.7305443286895752 0.27835696935653687, 0.00037689553573727608 -0.00055761629482731223    -0.53021609783172607     0.84786230325698853,0.44944199919700623  0.7305443286895752 0.27835696935653687, 0.00037689553573727608 -0.00055761629482731223    -0.53021609783172607     0.84786230325698853
1715016003.615634,0.44933909177780151 0.72935622930526733 0.27841159701347351, 0.00014812809240538627 -0.00066514208447188139     -0.5292888879776001     0.84844142198562622,0.44933909177780151 0.72935622930526733 0.27841159701347351, 0.00014812809240538627 -0.00066514208447188139     -0.5292888879776001     0.84844142198562622
1715016003.6206346,0.44910147786140442 0.72684043645858765 0.27838703989982605, 0.00022638922382611781 -0.00067396671511232853    -0.52780944108963013     0.84936255216598511,0.44910147786140442 0.72684043645858765 0.27838703989982605, 0.00022638922382611781 -0.00067396671511232853    -0.52780944108963013     0.84936255216598511
1715016003.6256104,0.44890013337135315 0.72441673278808594 0.27838855981826782, 0.00020301580661907792 -0.00066595227690413594     -0.5260506272315979      0.8504529595375061,0.44890013337135315 0.72441673278808594 0.27838855981826782, 0.00020301580661907792 -0.00066595227690413594     -0.5260506272315979      0.8504529595375061
1715016003.6306095,0.44878709316253662 0.72325009107589722 0.27842816710472107, 0.00031459901947528124 -0.00023927661823108792     -0.5253443717956543     0.85088962316513062,0.44878709316253662 0.72325009107589722 0.27842816710472107, 0.00031459901947528124 -0.00023927661823108792     -0.5253443717956543     0.85088962316513062
1715016003.6356099,0.44847595691680908 0.72098684310913086 0.27850821614265442, 0.00017378764459863305 -0.00050550914602354169    -0.52359533309936523     0.85196691751480103,0.44847595691680908 0.72098684310913086 0.27850821614265442, 0.00017378764459863305 -0.00050550914602354169    -0.52359533309936523     0.85196691751480103
1715016003.6406386,  0.448274165391922 0.71873420476913452 0.27844628691673279, 0.00029164942679926753 -0.00058191374409943819    -0.52185606956481934     0.85303330421447754,  0.448274165391922 0.71873420476913452 0.27844628691673279, 0.00029164942679926753 -0.00058191374409943819    -0.52185606956481934     0.85303330421447754
1715016003.6456389,0.44800928235054016 0.71652328968048096 0.27848294377326965, 0.00049679982475936413 -0.00061662693042308092    -0.52016341686248779     0.85406637191772461,0.44800928235054016 0.71652328968048096 0.27848294377326965, 0.00049679982475936413 -0.00061662693042308092    -0.52016341686248779     0.85406637191772461
1715016003.650636,0.44773438572883606 0.71432638168334961 0.27837461233139038, 0.00041469957795925438 -0.00055763893760740757    -0.51864570379257202     0.85498893260955811,0.44773438572883606 0.71432638168334961 0.27837461233139038, 0.00041469957795925438 -0.00055763893760740757    -0.51864570379257202     0.85498893260955811
1715016003.6556101,0.44751319289207458  0.7132420539855957 0.27844536304473877, 0.00042104654130525887 -0.00059849245008081198    -0.51818668842315674      0.8552672266960144,0.44751319289207458  0.7132420539855957 0.27844536304473877, 0.00042104654130525887 -0.00059849245008081198    -0.51818668842315674      0.8552672266960144
1715016003.6606274,0.44731065630912781  0.7112080454826355 0.27843365073204041, 0.00026455713668838143 -0.00049867521738633513    -0.51641392707824707     0.85633891820907593,0.44731065630912781  0.7112080454826355 0.27843365073204041, 0.00026455713668838143 -0.00049867521738633513    -0.51641392707824707     0.85633891820907593
1715016003.6656108,0.44710701704025269 0.70924115180969238 0.27845314145088196, 0.00024396767548751086 -0.00051126308972015977    -0.51475042104721069     0.85733985900878906,0.44710701704025269 0.70924115180969238 0.27845314145088196, 0.00024396767548751086 -0.00051126308972015977    -0.51475042104721069     0.85733985900878906
1715016003.6706095,0.44690057635307312 0.70724153518676758 0.27846610546112061, 0.00047431778511963785 -0.00046727011795155704     -0.5133240818977356     0.85819458961486816,0.44690057635307312 0.70724153518676758 0.27846610546112061, 0.00047431778511963785 -0.00046727011795155704     -0.5133240818977356     0.85819458961486816
1715016003.6756108, 0.4466688334941864 0.70530766248703003 0.27849376201629639, 9.8900280136149377e-05 -0.00014599649875890464    -0.51223397254943848     0.85884594917297363, 0.4466688334941864 0.70530766248703003 0.27849376201629639, 9.8900280136149377e-05 -0.00014599649875890464    -0.51223397254943848     0.85884594917297363
1715016003.6806102,0.44652864336967468 0.70436316728591919 0.27850127220153809, 0.00045768570271320641 -0.00027475692331790924    -0.51115769147872925     0.85948681831359863,0.44652864336967468 0.70436316728591919 0.27850127220153809, 0.00045768570271320641 -0.00027475692331790924    -0.51115769147872925     0.85948681831359863
1715016003.685657,0.44637054204940796 0.70256245136260986  0.2784913182258606, 0.00031923589995130897 -0.00052681734086945653     -0.5097048282623291     0.86034911870956421,0.44637054204940796 0.70256245136260986  0.2784913182258606, 0.00031923589995130897 -0.00052681734086945653     -0.5097048282623291     0.86034911870956421
1715016003.6906147,0.44614952802658081 0.70076566934585571 0.27852648496627808, 0.00038962639519013464 -0.00056246883468702435    -0.50825828313827515     0.86120438575744629,0.44614952802658081 0.70076566934585571 0.27852648496627808, 0.00038962639519013464 -0.00056246883468702435    -0.50825828313827515     0.86120438575744629
1715016003.6956282,0.44588962197303772 0.69904452562332153  0.2785097062587738, 0.00023892612080089748 -0.00063643668545410037     -0.5072702169418335     0.86178678274154663,0.44588962197303772 0.69904452562332153  0.2785097062587738, 0.00023892612080089748 -0.00063643668545410037     -0.5072702169418335     0.86178678274154663
1715016003.7005932, 0.4457114040851593 0.69735366106033325 0.27851155400276184, 0.00032633906812407076 -0.00065986427944153547    -0.50589966773986816     0.86259198188781738, 0.4457114040851593 0.69735366106033325 0.27851155400276184, 0.00032633906812407076 -0.00065986427944153547    -0.50589966773986816     0.86259198188781738
1715016003.7056093,0.44563418626785278 0.69656717777252197 0.27852857112884521, 0.00030293644522316754 -0.00073133781552314758    -0.50505852699279785     0.86308473348617554,0.44563418626785278 0.69656717777252197 0.27852857112884521, 0.00030293644522316754 -0.00073133781552314758    -0.50505852699279785     0.86308473348617554
1715016003.7106333,0.44539636373519897 0.69508212804794312 0.27859500050544739, 1.2911832527606748e-05 -0.00044960077502764761     -0.5040326714515686     0.86368447542190552,0.44539636373519897 0.69508212804794312 0.27859500050544739, 1.2911832527606748e-05 -0.00044960077502764761     -0.5040326714515686     0.86368447542190552
1715016003.7156742,0.44515898823738098 0.69350212812423706 0.27852025628089905, 3.4679054806474596e-05 -0.00063789437990635633    -0.50265532732009888      0.8644866943359375,0.44515898823738098 0.69350212812423706 0.27852025628089905, 3.4679054806474596e-05 -0.00063789437990635633    -0.50265532732009888      0.8644866943359375
1715016003.7206087,0.44489532709121704 0.69208848476409912 0.27852493524551392, 4.4399497710401192e-05 -0.00063554308144375682    -0.50138181447982788     0.86522591114044189,0.44489532709121704 0.69208848476409912 0.27852493524551392, 4.4399497710401192e-05 -0.00063554308144375682    -0.50138181447982788     0.86522591114044189
1715016003.7256088,0.44479918479919434  0.6906394362449646 0.27852135896682739, 0.00011428613652242348 -0.00050840567564591765    -0.50031155347824097     0.86584532260894775,0.44479918479919434  0.6906394362449646 0.27852135896682739, 0.00011428613652242348 -0.00050840567564591765    -0.50031155347824097     0.86584532260894775
1715016003.7306097,0.44468128681182861 0.68996542692184448 0.27854675054550171, 0.00015959276061039418 -0.00073519523721188307    -0.49944853782653809     0.86634320020675659,0.44468128681182861 0.68996542692184448 0.27854675054550171, 0.00015959276061039418 -0.00073519523721188307    -0.49944853782653809     0.86634320020675659
1715016003.7356088,0.44446897506713867 0.68874478340148926 0.27862221002578735, 0.00021368800662457943 -0.00056786742061376572    -0.49827033281326294     0.86702150106430054,0.44446897506713867 0.68874478340148926 0.27862221002578735, 0.00021368800662457943 -0.00056786742061376572    -0.49827033281326294     0.86702150106430054
1715016003.7406435,0.44429939985275269 0.68736428022384644 0.27857336401939392,0.00029038963839411736 -0.0009004116291180253   -0.49725863337516785    0.86760187149047852,0.44429939985275269 0.68736428022384644 0.27857336401939392,0.00029038963839411736 -0.0009004116291180253   -0.49725863337516785    0.86760187149047852
1715016003.7457011,0.44401618838310242 0.68625718355178833 0.27859687805175781, 0.00042819709051400423 -0.00040469618397764862    -0.49619361758232117     0.86821168661117554,0.44401618838310242 0.68625718355178833 0.27859687805175781, 0.00042819709051400423 -0.00040469618397764862    -0.49619361758232117     0.86821168661117554
1715016003.7506566,0.44384756684303284 0.68504428863525391 0.27854424715042114,-0.00012298254296183586 -0.00063016905914992094    -0.49523299932479858     0.86875993013381958,0.44384756684303284 0.68504428863525391 0.27854424715042114,-0.00012298254296183586 -0.00063016905914992094    -0.49523299932479858     0.86875993013381958
1715016003.7556119,0.44372445344924927 0.68392246961593628 0.27853617072105408, 7.5103591370861977e-05 -0.00035147779271937907    -0.49433839321136475     0.86926949024200439,0.44372445344924927 0.68392246961593628 0.27853617072105408, 7.5103591370861977e-05 -0.00035147779271937907    -0.49433839321136475     0.86926949024200439
1715016003.7606061,0.44362446665763855 0.68346321582794189 0.27860325574874878, 0.00010204183490714058 -0.00057546625612303615    -0.49380707740783691      0.8695712685585022,0.44362446665763855 0.68346321582794189 0.27860325574874878, 0.00010204183490714058 -0.00057546625612303615    -0.49380707740783691      0.8695712685585022
1715016003.76561,0.44351527094841003  0.6823890209197998 0.27860119938850403,  0.0002637859433889389 -0.00062875781441107392     -0.4926171600818634     0.87024587392807007,0.44351527094841003  0.6823890209197998 0.27860119938850403,  0.0002637859433889389 -0.00062875781441107392     -0.4926171600818634     0.87024587392807007
1715016003.7706096, 0.4433225691318512 0.68138450384140015 0.27858966588973999, 0.00015149390674196184 -0.00055670458823442459    -0.49173194169998169      0.8707464337348938, 0.4433225691318512 0.68138450384140015 0.27858966588973999, 0.00015149390674196184 -0.00055670458823442459    -0.49173194169998169      0.8707464337348938
1715016003.7756095,0.44311478734016418 0.68044763803482056 0.27859389781951904,-3.0647373932879418e-05 -0.00054766662651672959    -0.49076777696609497     0.87129020690917969,0.44311478734016418 0.68044763803482056 0.27859389781951904,-3.0647373932879418e-05 -0.00054766662651672959    -0.49076777696609497     0.87129020690917969
1715016003.7806146,0.44299381971359253   0.680012047290802 0.27855744957923889,-4.8164070904022083e-05 -0.00024867281899787486    -0.49049258232116699     0.87144535779953003,0.44299381971359253   0.680012047290802 0.27855744957923889,-4.8164070904022083e-05 -0.00024867281899787486    -0.49049258232116699     0.87144535779953003
1715016003.7856102,0.44282382726669312 0.67911738157272339 0.27863937616348267,-6.9368797994684428e-05 -0.00026105617871508002    -0.48958244919776917     0.87195694446563721,0.44282382726669312 0.67911738157272339 0.27863937616348267,-6.9368797994684428e-05 -0.00026105617871508002    -0.48958244919776917     0.87195694446563721
1715016003.7906098,0.44262504577636719 0.67826402187347412 0.27866196632385254,-0.00015382937272079289  0.00017785734962671995    -0.48873969912528992     0.87242960929870605,0.44262504577636719 0.67826402187347412 0.27866196632385254,-0.00015382937272079289  0.00017785734962671995    -0.48873969912528992     0.87242960929870605
1715016003.7956109,0.44252032041549683 0.67748063802719116 0.27859324216842651,-0.00032184537849389017 -0.00026471694582141936    -0.48781365156173706     0.87294769287109375,0.44252032041549683 0.67748063802719116 0.27859324216842651,-0.00032184537849389017 -0.00026471694582141936    -0.48781365156173706     0.87294769287109375
1715016003.800611,0.44236591458320618 0.67680144309997559 0.27865362167358398,-0.00010643556015565991 -0.00045511825010180473    -0.48709627985954285      0.8733481764793396,0.44236591458320618 0.67680144309997559 0.27865362167358398,-0.00010643556015565991 -0.00045511825010180473    -0.48709627985954285      0.8733481764793396
1715016003.8056118,0.44232094287872314 0.67645138502120972 0.27863490581512451,-2.6375595552963205e-05 -0.00037047595833428204    -0.48655104637145996     0.87365204095840454,0.44232094287872314 0.67645138502120972 0.27863490581512451,-2.6375595552963205e-05 -0.00037047595833428204    -0.48655104637145996     0.87365204095840454
1715016003.8106101,0.44215908646583557 0.67575079202651978 0.27868381142616272,0.00019580169464461505  -0.000314341887133196   -0.48564344644546509     0.8741568922996521,0.44215908646583557 0.67575079202651978 0.27868381142616272,0.00019580169464461505  -0.000314341887133196   -0.48564344644546509     0.8741568922996521
1715016003.8156099,0.44201850891113281 0.67515510320663452 0.27867451310157776, 5.1987994083901867e-05 -0.00022798751888331026    -0.48505133390426636     0.87448567152023315,0.44201850891113281 0.67515510320663452 0.27867451310157776, 5.1987994083901867e-05 -0.00022798751888331026    -0.48505133390426636     0.87448567152023315
1715016003.8206255,0.44193446636199951  0.6746029257774353 0.27862906455993652,-0.00012347893789410591 -0.00031342959846369922    -0.48458811640739441     0.87474238872528076,0.44193446636199951  0.6746029257774353 0.27862906455993652,-0.00012347893789410591 -0.00031342959846369922    -0.48458811640739441     0.87474238872528076
1715016003.8256128,0.44177815318107605 0.67407894134521484 0.27865037322044373,  8.698025339981541e-05 -0.00036599175655283034    -0.48386034369468689     0.87514513731002808,0.44177815318107605 0.67407894134521484 0.27865037322044373,  8.698025339981541e-05 -0.00036599175655283034    -0.48386034369468689     0.87514513731002808
1715016003.8306632,0.44166964292526245 0.67381882667541504 0.27865216135978699,-0.00023333632270805538  0.00038441159995272756    -0.48345142602920532     0.87537109851837158,0.44166964292526245 0.67381882667541504 0.27865216135978699,-0.00023333632270805538  0.00038441159995272756    -0.48345142602920532     0.87537109851837158
1715016003.8356087,0.44157704710960388 0.67334723472595215 0.27867960929870605,-0.00031834884430281818 -9.4089744379743934e-05     -0.4826492965221405     0.87581366300582886,0.44157704710960388 0.67334723472595215 0.27867960929870605,-0.00031834884430281818 -9.4089744379743934e-05     -0.4826492965221405     0.87581366300582886
1715016003.8406093,0.44146320223808289 0.67293429374694824 0.27861490845680237,-5.3169565944699571e-05 -4.3785454181488603e-05    -0.48229536414146423     0.87600868940353394,0.44146320223808289 0.67293429374694824 0.27861490845680237,-5.3169565944699571e-05 -4.3785454181488603e-05    -0.48229536414146423     0.87600868940353394
1715016003.8456089,0.44130131602287292 0.67265462875366211 0.27863836288452148,-9.2765185399912298e-05 -6.3931809563655406e-05    -0.48192217946052551     0.87621402740478516,0.44130131602287292 0.67265462875366211 0.27863836288452148,-9.2765185399912298e-05 -6.3931809563655406e-05    -0.48192217946052551     0.87621402740478516
1715016003.850611,0.44123968482017517 0.67234909534454346 0.27865651249885559,-0.00015192636055871844 -2.4292439775308594e-05    -0.48148095607757568     0.87645655870437622,0.44123968482017517 0.67234909534454346 0.27865651249885559,-0.00015192636055871844 -2.4292439775308594e-05    -0.48148095607757568     0.87645655870437622
1715016003.8556151,0.44120725989341736 0.67219597101211548 0.27867007255554199,  -9.84321886789985e-05 -8.2537924754433334e-05    -0.48122084140777588     0.87659937143325806,0.44120725989341736 0.67219597101211548 0.27867007255554199,  -9.84321886789985e-05 -8.2537924754433334e-05    -0.48122084140777588     0.87659937143325806
1715016003.8606091,0.44106143712997437 0.67193132638931274 0.27866348624229431,-0.00012988210073672235 -7.7414217230398208e-05    -0.48087817430496216     0.87678742408752441,0.44106143712997437 0.67193132638931274 0.27866348624229431,-0.00012988210073672235 -7.7414217230398208e-05    -0.48087817430496216     0.87678742408752441
1715016003.8656089,0.44098156690597534 0.67174005508422852 0.27867543697357178,-0.00017634054529480636  0.00028445568750612438    -0.48065757751464844     0.87690830230712891,0.44098156690597534 0.67174005508422852 0.27867543697357178,-0.00017634054529480636  0.00028445568750612438    -0.48065757751464844     0.87690830230712891
1715016003.8706081,0.44094082713127136 0.67160004377365112 0.27863261103630066, -7.561689562862739e-05 -6.6612847149372101e-05    -0.48007601499557495     0.87722688913345337,0.44094082713127136 0.67160004377365112 0.27863261103630066, -7.561689562862739e-05 -6.6612847149372101e-05    -0.48007601499557495     0.87722688913345337
1715016003.8756099,0.44091957807540894 0.67147839069366455  0.2786332368850708,-9.3411050329450518e-05 -5.5795837397454306e-05    -0.47977086901664734     0.87739378213882446,0.44091957807540894 0.67147839069366455  0.2786332368850708,-9.3411050329450518e-05 -5.5795837397454306e-05    -0.47977086901664734     0.87739378213882446
1715016003.8806081,0.44089359045028687 0.67146551609039307 0.27863433957099915, -0.0001151675678556785 -5.6525346735725179e-05    -0.47964885830879211      0.8774605393409729,0.44089359045028687 0.67146551609039307 0.27863433957099915, -0.0001151675678556785 -5.6525346735725179e-05    -0.47964885830879211      0.8774605393409729
1715016003.8856392, 0.4408562183380127 0.67141509056091309 0.27865859866142273, 5.8902413002215326e-05 -0.00014427874702960253    -0.47945711016654968     0.87756526470184326, 0.4408562183380127 0.67141509056091309 0.27865859866142273, 5.8902413002215326e-05 -0.00014427874702960253    -0.47945711016654968     0.87756526470184326
1715016003.8906412,0.44082385301589966 0.67138785123825073 0.27862945199012756,-0.00010232365457341075 -0.00019548392447177321    -0.47943058609962463     0.87757980823516846,0.44082385301589966 0.67138785123825073 0.27862945199012756,-0.00010232365457341075 -0.00019548392447177321    -0.47943058609962463     0.87757980823516846
1715016003.895611,0.44085618853569031 0.67135822772979736  0.2786082923412323,-8.0657584476284683e-05 -0.00024394987849518657    -0.47937104105949402     0.87761229276657104,0.44085618853569031 0.67135822772979736  0.2786082923412323,-8.0657584476284683e-05 -0.00024394987849518657    -0.47937104105949402     0.87761229276657104
1715016003.9006097,0.44082677364349365 0.67141711711883545 0.27856644988059998,-0.00016021248302422464 -0.00020301375479903072    -0.47943213582038879     0.87757891416549683,0.44082677364349365 0.67141711711883545 0.27856644988059998,-0.00016021248302422464 -0.00020301375479903072    -0.47943213582038879     0.87757891416549683
1715016003.9056096,0.44085493683815002 0.67144137620925903 0.27860429883003235,-0.00025321345310658216 -0.00016172546020243317     -0.4794001579284668     0.87759637832641602,0.44085493683815002 0.67144137620925903 0.27860429883003235,-0.00025321345310658216 -0.00016172546020243317     -0.4794001579284668     0.87759637832641602
1715016003.9106085,0.44091188907623291 0.67142683267593384 0.27862069010734558,-0.00032377155730500817  -0.0001497314078733325    -0.47932487726211548     0.87763750553131104,0.44091188907623291 0.67142683267593384 0.27862069010734558,-0.00032377155730500817  -0.0001497314078733325    -0.47932487726211548     0.87763750553131104
1715016003.9156392,0.44097825884819031 0.67145693302154541 0.27861639857292175,-0.00047301754239015281 -1.0803967853689755e-07    -0.47937709093093872     0.87760889530181885,0.44097825884819031 0.67145693302154541 0.27861639857292175,-0.00047301754239015281 -1.0803967853689755e-07    -0.47937709093093872     0.87760889530181885
1715016003.92061,0.44099646806716919 0.67153000831604004 0.27859696745872498,-0.00059884553775191307   8.251515100710094e-05    -0.47935956716537476     0.87761837244033813,0.44099646806716919 0.67153000831604004 0.27859696745872498,-0.00059884553775191307   8.251515100710094e-05    -0.47935956716537476     0.87761837244033813
1715016003.9256573,0.44105914235115051 0.67157518863677979 0.27861219644546509,-0.00073123053880408406  0.00014391948934644461    -0.47929191589355469     0.87765520811080933,0.44105914235115051 0.67157518863677979 0.27861219644546509,-0.00073123053880408406  0.00014391948934644461    -0.47929191589355469     0.87765520811080933
1715016003.9306109,0.44108811020851135 0.67158365249633789 0.27860811352729797,-0.00085485936142504215  0.00015646684914827347    -0.47933545708656311     0.87763136625289917,0.44108811020851135 0.67158365249633789 0.27860811352729797,-0.00085485936142504215  0.00015646684914827347    -0.47933545708656311     0.87763136625289917
1715016003.9356091,0.44109556078910828 0.67160046100616455 0.27865070104598999,-0.00084072415484115481  0.00016792207316029817    -0.47929936647415161     0.87765103578567505,0.44109556078910828 0.67160046100616455 0.27865070104598999,-0.00084072415484115481  0.00016792207316029817    -0.47929936647415161     0.87765103578567505
1715016003.9406095,0.44110435247421265 0.67161297798156738 0.27862739562988281,-0.0009163472568616271 0.00016239113756455481   -0.47932714223861694    0.87763583660125732,0.44110435247421265 0.67161297798156738 0.27862739562988281,-0.0009163472568616271 0.00016239113756455481   -0.47932714223861694    0.87763583660125732
1715016003.9456112,0.44105643033981323 0.67159199714660645 0.27860778570175171,-0.00075738091254606843  0.00014842816744931042    -0.47930127382278442     0.87765008211135864,0.44105643033981323 0.67159199714660645 0.27860778570175171,-0.00075738091254606843  0.00014842816744931042    -0.47930127382278442     0.87765008211135864
1715016003.950639,0.44101697206497192 0.67157930135726929 0.27858391404151917,-0.00074740929994732141  0.00013257253158371896    -0.47936645150184631     0.87761449813842773,0.44101697206497192 0.67157930135726929 0.27858391404151917,-0.00074740929994732141  0.00013257253158371896    -0.47936645150184631     0.87761449813842773
1715016003.9556384,0.44099512696266174 0.67155313491821289 0.27859950065612793,-0.00053887214744463563  0.00013609461893793195    -0.47936588525772095     0.87761497497558594,0.44099512696266174 0.67155313491821289 0.27859950065612793,-0.00053887214744463563  0.00013609461893793195    -0.47936588525772095     0.87761497497558594
1715016003.9606364,0.44093582034111023 0.67154389619827271 0.27862709760665894,-0.00052241544472053647   8.912471093935892e-05    -0.47934341430664062     0.87762725353240967,0.44093582034111023 0.67154389619827271 0.27862709760665894,-0.00052241544472053647   8.912471093935892e-05    -0.47934341430664062     0.87762725353240967
1715016003.965606,0.44092309474945068 0.67152982950210571 0.27863267064094543,-0.00047359085874632001  5.5576645536348224e-05    -0.47934305667877197     0.87762749195098877,0.44092309474945068 0.67152982950210571 0.27863267064094543,-0.00047359085874632001  5.5576645536348224e-05    -0.47934305667877197     0.87762749195098877
1715016003.9706085,0.44092464447021484 0.67150229215621948 0.27864843606948853,-0.00041314843110740185 -1.8070120859192684e-05    -0.47938060760498047     0.87760698795318604,0.44092464447021484 0.67150229215621948 0.27864843606948853,-0.00041314843110740185 -1.8070120859192684e-05    -0.47938060760498047     0.87760698795318604
1715016003.9756124,0.44092327356338501 0.67150861024856567 0.27863258123397827,-0.00041240296559408307  1.5498671928071417e-06    -0.47937124967575073     0.87761211395263672,0.44092327356338501 0.67150861024856567 0.27863258123397827,-0.00041240296559408307  1.5498671928071417e-06    -0.47937124967575073     0.87761211395263672
1715016003.9806108,0.44091710448265076 0.67152369022369385 0.27859541773796082,-0.00057818385539576411 -2.5867182557703927e-05    -0.47938293218612671      0.8776056170463562,0.44091710448265076 0.67152369022369385 0.27859541773796082,-0.00057818385539576411 -2.5867182557703927e-05    -0.47938293218612671      0.8776056170463562
1715016003.9856098,0.44093403220176697 0.67153608798980713  0.2786141037940979,-0.00033939283457584679   6.161579949548468e-05    -0.47935160994529724     0.87762290239334106,0.44093403220176697 0.67153608798980713  0.2786141037940979,-0.00033939283457584679   6.161579949548468e-05    -0.47935160994529724     0.87762290239334106
1715016003.9906106,0.44164535403251648 0.67100566625595093  0.2785167396068573,-0.00057268596719950438   0.0003849522618111223    -0.47975894808769226     0.87740004062652588,0.44164535403251648 0.67100566625595093  0.2785167396068573,-0.00057268596719950438   0.0003849522618111223    -0.47975894808769226     0.87740004062652588
1715016003.9956095,0.44106742739677429 0.67153471708297729 0.27857992053031921,-0.00066693458938971162  5.2885457989759743e-05    -0.47931993007659912      0.8776400089263916,0.44106742739677429 0.67153471708297729 0.27857992053031921,-0.00066693458938971162  5.2885457989759743e-05    -0.47931993007659912      0.8776400089263916
1715016004.000612,0.44108399748802185 0.67155390977859497 0.27864763140678406,-0.00074161426164209843  8.5368315922096372e-05    -0.47932618856430054     0.87763649225234985,0.44108399748802185 0.67155390977859497 0.27864763140678406,-0.00074161426164209843  8.5368315922096372e-05    -0.47932618856430054     0.87763649225234985
1715016004.0056112,0.44106262922286987 0.67162013053894043 0.27862870693206787,-0.00085638731252402067  1.9923214495065622e-05    -0.47936266660690308     0.87761646509170532,0.44106262922286987 0.67162013053894043 0.27862870693206787,-0.00085638731252402067  1.9923214495065622e-05    -0.47936266660690308     0.87761646509170532
1715016004.0106254,0.44109922647476196 0.67160993814468384 0.27862992882728577,-0.00071611179737374187  0.00014662453031633049     -0.4793553352355957     0.87762057781219482,0.44109922647476196 0.67160993814468384 0.27862992882728577,-0.00071611179737374187  0.00014662453031633049     -0.4793553352355957     0.87762057781219482
1715016004.0156093,0.44108402729034424 0.67159742116928101 0.27861124277114868,-0.00080874440027400851  0.00012261961819604039    -0.47934040427207947     0.87762868404388428,0.44108402729034424 0.67159742116928101 0.27861124277114868,-0.00080874440027400851  0.00012261961819604039    -0.47934040427207947     0.87762868404388428
1715016004.0206449,0.44109201431274414 0.67156028747558594 0.27860531210899353, -0.0007368926890194416 -1.8649760022526607e-05    -0.47936052083969116     0.87761777639389038,0.44109201431274414 0.67156028747558594 0.27860531210899353, -0.0007368926890194416 -1.8649760022526607e-05    -0.47936052083969116     0.87761777639389038
1715016004.0256166,0.44100120663642883 0.67156529426574707 0.27864015102386475,-0.00082277099136263132  0.00013944113743491471    -0.47938835620880127     0.87760245800018311,0.44100120663642883 0.67156529426574707 0.27864015102386475,-0.00082277099136263132  0.00013944113743491471    -0.47938835620880127     0.87760245800018311
1715016004.0306723,0.44102045893669128 0.67150604724884033 0.27861770987510681,-0.00067925418261438608  0.00015546892245765775    -0.47936654090881348     0.87761449813842773,0.44102045893669128 0.67150604724884033 0.27861770987510681,-0.00067925418261438608  0.00015546892245765775    -0.47936654090881348     0.87761449813842773
1715016004.0356345,0.44098684191703796 0.67151212692260742 0.27863150835037231,-0.0006052523385733366 5.9860500186914578e-05   -0.47938355803489685    0.87760531902313232,0.44098684191703796 0.67151212692260742 0.27863150835037231,-0.0006052523385733366 5.9860500186914578e-05   -0.47938355803489685    0.87760531902313232
1715016004.0406106, 0.4409770667552948 0.67154026031494141 0.27862697839736938,-0.00054200115846469998  7.5616830145008862e-05    -0.47936466336250305     0.87761563062667847, 0.4409770667552948 0.67154026031494141 0.27862697839736938,-0.00054200115846469998  7.5616830145008862e-05    -0.47936466336250305     0.87761563062667847
1715016004.0456326, 0.4409332275390625 0.67153793573379517 0.27862289547920227,-0.00055938493460416794  6.6749307734426111e-05    -0.47938916087150574     0.87760227918624878, 0.4409332275390625 0.67153793573379517 0.27862289547920227,-0.00055938493460416794  6.6749307734426111e-05    -0.47938916087150574     0.87760227918624878
1715016004.0506108,0.44098582863807678 0.67153298854827881 0.27860429883003235,-0.00072249968070536852  9.0799119789153337e-05    -0.47942420840263367     0.87758296728134155,0.44098582863807678 0.67153298854827881 0.27860429883003235,-0.00072249968070536852  9.0799119789153337e-05    -0.47942420840263367     0.87758296728134155
1715016004.0556099,0.44100859761238098 0.67152136564254761   0.278667151927948,-0.00050821132026612759 -3.2498959626536816e-05    -0.47939607501029968     0.87759852409362793,0.44100859761238098 0.67152136564254761   0.278667151927948,-0.00050821132026612759 -3.2498959626536816e-05    -0.47939607501029968     0.87759852409362793
1715016004.0606089,0.44096890091896057 0.67154777050018311 0.27864840626716614,-0.00070109532680362463  0.00011525583977345377    -0.47941181063652039     0.87758976221084595,0.44096890091896057 0.67154777050018311 0.27864840626716614,-0.00070109532680362463  0.00011525583977345377    -0.47941181063652039     0.87758976221084595
1715016004.065608,0.44100913405418396 0.67155516147613525 0.27862811088562012,-0.00075378356268629432  9.7874515631701797e-05    -0.47939789295196533     0.87759733200073242,0.44100913405418396 0.67155516147613525 0.27862811088562012,-0.00075378356268629432  9.7874515631701797e-05    -0.47939789295196533     0.87759733200073242
1715016004.0705864,0.44103527069091797 0.67156809568405151 0.27861231565475464,-0.00081201188731938601  0.00012187832908239216    -0.47938910126686096     0.87760210037231445,0.44103527069091797 0.67156809568405151 0.27861231565475464,-0.00081201188731938601  0.00012187832908239216    -0.47938910126686096     0.87760210037231445
1715016004.0756438,0.44168642163276672 0.67105907201766968   0.278521329164505,-0.00073263485683128238  0.00046014561667107046    -0.47973266243934631      0.8774142861366272,0.44168642163276672 0.67105907201766968   0.278521329164505,-0.00073263485683128238  0.00046014561667107046    -0.47973266243934631      0.8774142861366272
1715016004.0806108,0.44103875756263733 0.67157727479934692 0.27860134840011597,-0.00074060587212443352  0.00014458833902608603    -0.47934445738792419     0.87762653827667236,0.44103875756263733 0.67157727479934692 0.27860134840011597,-0.00074060587212443352  0.00014458833902608603    -0.47934445738792419     0.87762653827667236
1715016004.0856102,0.44105648994445801 0.67161315679550171 0.27857670187950134,-0.00086477096192538738  2.6994826839654706e-05    -0.47936955094337463     0.87761270999908447,0.44105648994445801 0.67161315679550171 0.27857670187950134,-0.00086477096192538738  2.6994826839654706e-05    -0.47936955094337463     0.87761270999908447
1715016004.0906098,0.44105210900306702 0.67159527540206909 0.27857020497322083,-0.00077911425614729524  2.1531977836275473e-05     -0.4793543815612793     0.87762105464935303,0.44105210900306702 0.67159527540206909 0.27857020497322083,-0.00077911425614729524  2.1531977836275473e-05     -0.4793543815612793     0.87762105464935303
1715016004.0956395,0.44104614853858948 0.67156225442886353 0.27862882614135742,-0.00072939903475344181  1.5926683772704564e-05    -0.47937661409378052      0.8776090145111084,0.44104614853858948 0.67156225442886353 0.27862882614135742,-0.00072939903475344181  1.5926683772704564e-05    -0.47937661409378052      0.8776090145111084
1715016004.1006095, 0.4410383403301239 0.67157071828842163 0.27863535284996033,-0.00061261112568899989  0.00010441143967909738    -0.47933724522590637     0.87763059139251709, 0.4410383403301239 0.67157071828842163 0.27863535284996033,-0.00061261112568899989  0.00010441143967909738    -0.47933724522590637     0.87763059139251709
1715016004.105613,0.44101867079734802 0.67158830165863037 0.27858787775039673,-0.00062489480478689075  7.1749273047316819e-05    -0.47931954264640808      0.8776402473449707,0.44101867079734802 0.67158830165863037 0.27858787775039673,-0.00062489480478689075  7.1749273047316819e-05    -0.47931954264640808      0.8776402473449707
1715016004.1106455,0.44103121757507324 0.67154407501220703 0.27861469984054565,-0.00071136048063635826  1.9819432054646313e-05    -0.47936415672302246     0.87761580944061279,0.44103121757507324 0.67154407501220703 0.27861469984054565,-0.00071136048063635826  1.9819432054646313e-05    -0.47936415672302246     0.87761580944061279
1715016004.1156425,0.44104528427124023 0.67157047986984253 0.27862614393234253,-0.00058992067351937294  5.0517955969553441e-05    -0.47936081886291504     0.87761771678924561,0.44104528427124023 0.67157047986984253 0.27862614393234253,-0.00058992067351937294  5.0517955969553441e-05    -0.47936081886291504     0.87761771678924561
1715016004.1206269,0.44100922346115112 0.67158401012420654 0.27865630388259888,-0.00056413077982142568  5.9854552091564983e-05    -0.47936132550239563      0.8776174783706665,0.44100922346115112 0.67158401012420654 0.27865630388259888,-0.00056413077982142568  5.9854552091564983e-05    -0.47936132550239563      0.8776174783706665
1715016004.1255906,0.44101610779762268 0.67159134149551392 0.27859827876091003,-0.00077057036105543375 -6.9688585426774807e-06     -0.4794122576713562     0.87758946418762207,0.44101610779762268 0.67159134149551392 0.27859827876091003,-0.00077057036105543375 -6.9688585426774807e-06     -0.4794122576713562     0.87758946418762207
1715016004.1305842,0.44103434681892395 0.67159318923950195 0.27863308787345886,-0.00068714132066816092  1.1852761417685542e-05    -0.47936078906059265     0.87761765718460083,0.44103434681892395 0.67159318923950195 0.27863308787345886,-0.00068714132066816092  1.1852761417685542e-05    -0.47936078906059265     0.87761765718460083
1715016004.1355631,0.44103783369064331 0.67158263921737671 0.27864536643028259,-0.0006124508217908442 0.00011999662820016965    -0.4793325662612915    0.87763315439224243,0.44103783369064331 0.67158263921737671 0.27864536643028259,-0.0006124508217908442 0.00011999662820016965    -0.4793325662612915    0.87763315439224243
1715016004.1406832, 0.4410528838634491 0.67157667875289917 0.27856698632240295,-0.0006580434856005013 0.00018476751574780792   -0.47935107350349426    0.87762296199798584, 0.4410528838634491 0.67157667875289917 0.27856698632240295,-0.0006580434856005013 0.00018476751574780792   -0.47935107350349426    0.87762296199798584
1715016004.1456087, 0.4410233199596405 0.67160642147064209 0.27862682938575745,-0.00068004906643182039  0.00013126818521413952    -0.47932222485542297     0.87763869762420654, 0.4410233199596405 0.67160642147064209 0.27862682938575745,-0.00068004906643182039  0.00013126818521413952    -0.47932222485542297     0.87763869762420654
1715016004.150609,0.44103878736495972 0.67157655954360962 0.27857556939125061,-0.00074812263483181596   0.0001070242069545202    -0.47935914993286133     0.87761849164962769,0.44103878736495972 0.67157655954360962 0.27857556939125061,-0.00074812263483181596   0.0001070242069545202    -0.47935914993286133     0.87761849164962769
1715016004.1556122,0.44103676080703735 0.67158669233322144 0.27857708930969238,-0.00064162438502535224  0.00016769790090620518    -0.47936442494392395     0.87761569023132324,0.44103676080703735 0.67158669233322144 0.27857708930969238,-0.00064162438502535224  0.00016769790090620518    -0.47936442494392395     0.87761569023132324
1715016004.1606755, 0.4410301148891449 0.67155766487121582 0.27857968211174011,-0.0007337297429330647 0.00012645778770092875   -0.47937461733818054    0.87761008739471436, 0.4410301148891449 0.67155766487121582 0.27857968211174011,-0.0007337297429330647 0.00012645778770092875   -0.47937461733818054    0.87761008739471436
1715016004.1656342,0.44102966785430908 0.67155224084854126 0.27854815125465393,-0.00077091541606932878  0.00012685781985055655    -0.47943684458732605     0.87757605314254761,0.44102966785430908 0.67155224084854126 0.27854815125465393,-0.00077091541606932878  0.00012685781985055655    -0.47943684458732605     0.87757605314254761
1715016004.1706665,0.44099810719490051 0.67155539989471436 0.27858623862266541,-0.00073256791802123189  0.00013149779988452792    -0.47940996289253235     0.87759077548980713,0.44099810719490051 0.67155539989471436 0.27858623862266541,-0.00073256791802123189  0.00013149779988452792    -0.47940996289253235     0.87759077548980713
1715016004.1756353,0.44101056456565857 0.67153620719909668 0.27857780456542969,-0.00056458747712895274  4.4339216401567683e-05    -0.47940513491630554      0.8775935173034668,0.44101056456565857 0.67153620719909668 0.27857780456542969,-0.00056458747712895274  4.4339216401567683e-05    -0.47940513491630554      0.8775935173034668
1715016004.1806674,0.44103893637657166 0.67154043912887573 0.27856692671775818,-0.00067915709223598242  8.6033811385277659e-05    -0.47941297292709351     0.87758916616439819,0.44103893637657166 0.67154043912887573 0.27856692671775818,-0.00067915709223598242  8.6033811385277659e-05    -0.47941297292709351     0.87758916616439819
1715016004.1856108,0.44106432795524597 0.67156088352203369 0.27857428789138794,-0.00082593446131795645  6.8802844907622784e-05    -0.47938230633735657     0.87760579586029053,0.44106432795524597 0.67156088352203369 0.27857428789138794,-0.00082593446131795645  6.8802844907622784e-05    -0.47938230633735657     0.87760579586029053
1715016004.1906083,0.44103273749351501  0.6715582013130188 0.27861031889915466,-0.00077622151002287865  3.0050268833292648e-05    -0.47943025827407837     0.87757962942123413,0.44103273749351501  0.6715582013130188 0.27861031889915466,-0.00077622151002287865  3.0050268833292648e-05    -0.47943025827407837     0.87757962942123413
1715016004.1956501,0.44102498888969421 0.67157083749771118 0.27861899137496948,-0.00059521710500121117  0.00011898817319888622    -0.47939634323120117     0.87759828567504883,0.44102498888969421 0.67157083749771118 0.27861899137496948,-0.00059521710500121117  0.00011898817319888622    -0.47939634323120117     0.87759828567504883
1715016004.2006376,0.44102990627288818 0.67156994342803955 0.27861401438713074,-0.0006114519783295691 0.00012871953367721289   -0.47940796613693237    0.87759196758270264,0.44102990627288818 0.67156994342803955 0.27861401438713074,-0.0006114519783295691 0.00012871953367721289   -0.47940796613693237    0.87759196758270264
1715016004.20561, 0.4410388171672821 0.67157161235809326 0.27860942482948303,-0.00061361136613413692  0.00017484574345871806    -0.47937470674514771     0.87761008739471436, 0.4410388171672821 0.67157161235809326 0.27860942482948303,-0.00061361136613413692  0.00017484574345871806    -0.47937470674514771     0.87761008739471436
1715016004.2106094,0.44103816151618958 0.67158269882202148   0.278624027967453,-0.00061956566059961915  0.00014154604286886752    -0.47931185364723206     0.87764441967010498,0.44103816151618958 0.67158269882202148   0.278624027967453,-0.00061956566059961915  0.00014154604286886752    -0.47931185364723206     0.87764441967010498
1715016004.2156091,0.44101408123970032 0.67157858610153198 0.27860626578330994,-0.00061787135200574994   0.0001138090156018734    -0.47935673594474792     0.87761992216110229,0.44101408123970032 0.67157858610153198 0.27860626578330994,-0.00061787135200574994   0.0001138090156018734    -0.47935673594474792     0.87761992216110229
1715016004.2206109,0.44102984666824341 0.67158317565917969 0.27859070897102356,-0.0006385594024322927 0.00019667024025693536   -0.47937411069869995    0.87761038541793823,0.44102984666824341 0.67158317565917969 0.27859070897102356,-0.0006385594024322927 0.00019667024025693536   -0.47937411069869995    0.87761038541793823
1715016004.2256098,0.44104653596878052 0.67157548666000366 0.27860072255134583,-0.00069351959973573685  0.00015936580894049257    -0.47937440872192383     0.87761020660400391,0.44104653596878052 0.67157548666000366 0.27860072255134583,-0.00069351959973573685  0.00015936580894049257    -0.47937440872192383     0.87761020660400391
1715016004.2306123,0.44100058078765869 0.67158240079879761 0.27859920263290405,-0.00069591280771419406  5.5939737649168819e-05    -0.47940227389335632     0.87759500741958618,0.44100058078765869 0.67158240079879761 0.27859920263290405,-0.00069591280771419406  5.5939737649168819e-05    -0.47940227389335632     0.87759500741958618
1715016004.2356091,0.44102218747138977 0.67157852649688721 0.27860662341117859,-0.0006173750152811408 7.4982439400628209e-05   -0.47938799858093262    0.87760287523269653,0.44102218747138977 0.67157852649688721 0.27860662341117859,-0.0006173750152811408 7.4982439400628209e-05   -0.47938799858093262    0.87760287523269653
1715016004.2406101,0.44106101989746094 0.67157280445098877 0.27860820293426514,-0.00071192969335243106  0.00013706515892408788    -0.47939851880073547     0.87759703397750854,0.44106101989746094 0.67157280445098877 0.27860820293426514,-0.00071192969335243106  0.00013706515892408788    -0.47939851880073547     0.87759703397750854
1715016004.245609, 0.4410325288772583 0.67157530784606934 0.27859064936637878,-0.00083495461149141192  0.00010090294381370768    -0.47940763831138611     0.87759190797805786, 0.4410325288772583 0.67157530784606934 0.27859064936637878,-0.00083495461149141192  0.00010090294381370768    -0.47940763831138611     0.87759190797805786
1715016004.2506433,0.44104683399200439 0.67155826091766357 0.27859607338905334,-0.00072594505036249757  3.9960355934454128e-05    -0.47941088676452637     0.87759023904800415,0.44104683399200439 0.67155826091766357 0.27859607338905334,-0.00072594505036249757  3.9960355934454128e-05    -0.47941088676452637     0.87759023904800415
1715016004.2556405,0.44107452034950256 0.67155873775482178 0.27860838174819946,-0.00060099351685494184  6.5334672399330884e-05    -0.47936522960662842     0.87761527299880981,0.44107452034950256 0.67155873775482178 0.27860838174819946,-0.00060099351685494184  6.5334672399330884e-05    -0.47936522960662842     0.87761527299880981
1715016004.2606089, 0.4410528838634491 0.67157822847366333 0.27859130501747131,-0.00080007308861240745  5.4444437409983948e-05    -0.47940245270729065     0.87759482860565186, 0.4410528838634491 0.67157822847366333 0.27859130501747131,-0.00080007308861240745  5.4444437409983948e-05    -0.47940245270729065     0.87759482860565186
1715016004.2656393,0.44107037782669067 0.67157435417175293 0.27859711647033691,-0.00083753321086987853  9.3765505880583078e-05    -0.47940114140510559     0.87759548425674438,0.44107037782669067 0.67157435417175293 0.27859711647033691,-0.00083753321086987853  9.3765505880583078e-05    -0.47940114140510559     0.87759548425674438
1715016004.2706392,0.44104960560798645 0.67158222198486328 0.27861776947975159,-0.00064260873477905989  0.00012105021596653387    -0.47932621836662292     0.87763655185699463,0.44104960560798645 0.67158222198486328 0.27861776947975159,-0.00064260873477905989  0.00012105021596653387    -0.47932621836662292     0.87763655185699463
1715016004.2756097,0.44105744361877441 0.67156106233596802 0.27863147854804993,-0.00064638396725058556  0.00014686054782941937    -0.47938463091850281     0.87760466337203979,0.44105744361877441 0.67156106233596802 0.27863147854804993,-0.00064638396725058556  0.00014686054782941937    -0.47938463091850281     0.87760466337203979
1715016004.2806406,0.44105380773544312 0.67158204317092896 0.27860727906227112,-0.00080627854913473129  8.0830090155359358e-05    -0.47939079999923706     0.87760114669799805,0.44105380773544312 0.67158204317092896 0.27860727906227112,-0.00080627854913473129  8.0830090155359358e-05    -0.47939079999923706     0.87760114669799805
1715016004.285634,0.44103583693504333 0.67158037424087524  0.2786065936088562,-0.0006315874052233994 0.00014452023606281728   -0.47938248515129089     0.8776058554649353,0.44103583693504333 0.67158037424087524  0.2786065936088562,-0.0006315874052233994 0.00014452023606281728   -0.47938248515129089     0.8776058554649353
1715016004.2906134, 0.4410347044467926 0.67156636714935303 0.27861526608467102,-0.00060104939620941877  0.00017453674809075892    -0.47939670085906982      0.8775981068611145, 0.4410347044467926 0.67156636714935303 0.27861526608467102,-0.00060104939620941877  0.00017453674809075892    -0.47939670085906982      0.8775981068611145
1715016004.2956085,0.44101402163505554  0.6715620756149292 0.27866271138191223,-0.00056795607088133693   6.058226790628396e-05     -0.4794057309627533     0.87759321928024292,0.44101402163505554  0.6715620756149292 0.27866271138191223,-0.00056795607088133693   6.058226790628396e-05     -0.4794057309627533     0.87759321928024292
1715016004.3006117,0.44103944301605225 0.67157423496246338 0.27860888838768005,-0.00057890161406248808  8.8146764028351754e-05    -0.47940751910209656     0.87759220600128174,0.44103944301605225 0.67157423496246338 0.27860888838768005,-0.00057890161406248808  8.8146764028351754e-05    -0.47940751910209656     0.87759220600128174
1715016004.3056064,0.44104108214378357 0.67156845331192017 0.27859517931938171,-0.00079655315494164824  0.00011242629261687398    -0.47942659258842468     0.87758159637451172,0.44104108214378357 0.67156845331192017 0.27859517931938171,-0.00079655315494164824  0.00011242629261687398    -0.47942659258842468     0.87758159637451172
1715016004.310643,0.44102257490158081 0.67155873775482178 0.27861207723617554,-0.00072922452818602324  0.00010177453805226833    -0.47940665483474731     0.87759256362915039,0.44102257490158081 0.67155873775482178 0.27861207723617554,-0.00072922452818602324  0.00010177453805226833    -0.47940665483474731     0.87759256362915039
1715016004.3156092,0.44100403785705566 0.67156636714935303 0.27861449122428894,-0.00072747614467516541  0.00013207130541559309    -0.47940528392791748     0.87759333848953247,0.44100403785705566 0.67156636714935303 0.27861449122428894,-0.00072747614467516541  0.00013207130541559309    -0.47940528392791748     0.87759333848953247
1715016004.3206332,0.44104185700416565 0.67158931493759155 0.27856656908988953,-0.00062053691362962127  8.9613626187201589e-05    -0.47932124137878418      0.8776392936706543,0.44104185700416565 0.67158931493759155 0.27856656908988953,-0.00062053691362962127  8.9613626187201589e-05    -0.47932124137878418      0.8776392936706543
1715016004.3256083,0.44101575016975403 0.67157751321792603 0.27855581045150757,-0.00081788789248093963  0.00013135372137185186    -0.47944208979606628     0.87757313251495361,0.44101575016975403 0.67157751321792603 0.27855581045150757,-0.00081788789248093963  0.00013135372137185186    -0.47944208979606628     0.87757313251495361
1715016004.3306081,0.44103890657424927 0.67155152559280396 0.27857717871665955,-0.00070326565764844418  6.3757237512618303e-05    -0.47942075133323669     0.87758487462997437,0.44103890657424927 0.67155152559280396 0.27857717871665955,-0.00070326565764844418  6.3757237512618303e-05    -0.47942075133323669     0.87758487462997437
1715016004.3356097, 0.4410514235496521 0.67156654596328735 0.27860018610954285,-0.00078665209002792835  2.1622441636282019e-05    -0.47938376665115356     0.87760502099990845, 0.4410514235496521 0.67156654596328735 0.27860018610954285,-0.00078665209002792835  2.1622441636282019e-05    -0.47938376665115356     0.87760502099990845
1715016004.3406088,0.44107300043106079 0.67156404256820679 0.27861809730529785,-0.00064989121165126562  4.4602718844544142e-05     -0.4793606698513031     0.87761777639389038,0.44107300043106079 0.67156404256820679 0.27861809730529785,-0.00064989121165126562  4.4602718844544142e-05     -0.4793606698513031     0.87761777639389038
1715016004.3456104, 0.4410550594329834 0.67153829336166382 0.27857321500778198,-0.00072811136487871408  0.00012015137326670811    -0.47947773337364197     0.87755370140075684, 0.4410550594329834 0.67153829336166382 0.27857321500778198,-0.00072811136487871408  0.00012015137326670811    -0.47947773337364197     0.87755370140075684
1715016004.3506,0.44104447960853577 0.67157703638076782 0.27857887744903564,-0.00084040086949244142  9.7900861874222755e-05    -0.47944152355194092     0.87757343053817749,0.44104447960853577 0.67157703638076782 0.27857887744903564,-0.00084040086949244142  9.7900861874222755e-05    -0.47944152355194092     0.87757343053817749
1715016004.3556113,0.44104903936386108 0.67158132791519165 0.27857589721679688,-0.00062734435778111219   8.333253936143592e-05    -0.47939863801002502     0.87759703397750854,0.44104903936386108 0.67158132791519165 0.27857589721679688,-0.00062734435778111219   8.333253936143592e-05    -0.47939863801002502     0.87759703397750854
1715016004.3606086,0.44104522466659546 0.67158406972885132 0.27855944633483887,-0.00084707711357623339  0.00011081611592089757    -0.47942706942558289     0.87758129835128784,0.44104522466659546 0.67158406972885132 0.27855944633483887,-0.00084707711357623339  0.00011081611592089757    -0.47942706942558289     0.87758129835128784
1715016004.3656583,0.44105836749076843 0.67157894372940063 0.27861011028289795,-0.00082765478873625398  8.4595834778156132e-05    -0.47937437891960144     0.87761008739471436,0.44105836749076843 0.67157894372940063 0.27861011028289795,-0.00082765478873625398  8.4595834778156132e-05    -0.47937437891960144     0.87761008739471436
1715016004.3706119,0.44100958108901978 0.67162507772445679 0.27860784530639648,-0.0006203676457516849  9.848226181929931e-05   -0.47933182120323181    0.87763351202011108,0.44100958108901978 0.67162507772445679 0.27860784530639648,-0.0006203676457516849  9.848226181929931e-05   -0.47933182120323181    0.87763351202011108
1715016004.3756564,0.44105076789855957 0.67158782482147217 0.27861186861991882,-0.00063886266434565187  0.00012818671530112624    -0.47932466864585876     0.87763744592666626,0.44105076789855957 0.67158782482147217 0.27861186861991882,-0.00063886266434565187  0.00012818671530112624    -0.47932466864585876     0.87763744592666626
1715016004.3806114,0.44106227159500122 0.67158728837966919 0.27857550978660583,-0.00065015495056286454  6.6106498707085848e-05    -0.47939589619636536     0.87759852409362793,0.44106227159500122 0.67158728837966919 0.27857550978660583,-0.00065015495056286454  6.6106498707085848e-05    -0.47939589619636536     0.87759852409362793
1715016004.3856194,0.44106596708297729 0.67158281803131104 0.27860888838768005,-0.00063243292970582843  0.00013371728709898889    -0.47933158278465271     0.87763363122940063,0.44106596708297729 0.67158281803131104 0.27860888838768005,-0.00063243292970582843  0.00013371728709898889    -0.47933158278465271     0.87763363122940063
1715016004.3906326,0.44103291630744934  0.6715703010559082 0.27863642573356628,-0.00057439896045252681  9.4518116384278983e-05    -0.47935116291046143     0.87762302160263062,0.44103291630744934  0.6715703010559082 0.27863642573356628,-0.00057439896045252681  9.4518116384278983e-05    -0.47935116291046143     0.87762302160263062
1715016004.3956332,0.44102591276168823 0.67162084579467773 0.27856582403182983,-0.00060667563229799271  7.2338953032158315e-05    -0.47935235500335693     0.87762230634689331,0.44102591276168823 0.67162084579467773 0.27856582403182983,-0.00060667563229799271  7.2338953032158315e-05    -0.47935235500335693     0.87762230634689331
1715016004.4006102,0.44104012846946716 0.67158776521682739 0.27861544489860535,-0.00059787969803437591  7.9033176007214934e-05    -0.47935450077056885     0.87762117385864258,0.44104012846946716 0.67158776521682739 0.27861544489860535,-0.00059787969803437591  7.9033176007214934e-05    -0.47935450077056885     0.87762117385864258
1715016004.4056118,0.44105815887451172  0.6715427041053772 0.27862685918807983,-0.00069215736584737897  0.00011557972175069153    -0.47939100861549377     0.87760114669799805,0.44105815887451172  0.6715427041053772 0.27862685918807983,-0.00069215736584737897  0.00011557972175069153    -0.47939100861549377     0.87760114669799805
1715016004.4106328,0.44102057814598083 0.67158371210098267 0.27859452366828918,-0.00059189507737755775  9.9312848760746419e-05    -0.47939729690551758     0.87759780883789062,0.44102057814598083 0.67158371210098267 0.27859452366828918,-0.00059189507737755775  9.9312848760746419e-05    -0.47939729690551758     0.87759780883789062
1715016004.4156702,0.44104906916618347 0.67156505584716797 0.27856963872909546,-0.00061574333813041449  0.00013963319361209869    -0.47943642735481262     0.87757641077041626,0.44104906916618347 0.67156505584716797 0.27856963872909546,-0.00061574333813041449  0.00013963319361209869    -0.47943642735481262     0.87757641077041626
1715016004.4206324, 0.4410327672958374 0.67157024145126343 0.27860662341117859,-0.00061695865588262677  6.3376428443007171e-05    -0.47942072153091431     0.87758499383926392, 0.4410327672958374 0.67157024145126343 0.27860662341117859,-0.00061695865588262677  6.3376428443007171e-05    -0.47942072153091431     0.87758499383926392
1715016004.4256105,0.44103378057479858 0.67155706882476807 0.27858269214630127,-0.00080983818043023348  0.00012462776794563979    -0.47946536540985107     0.87756043672561646,0.44103378057479858 0.67155706882476807 0.27858269214630127,-0.00080983818043023348  0.00012462776794563979    -0.47946536540985107     0.87756043672561646
1715016004.4306281,0.44107860326766968 0.67155998945236206 0.27856221795082092,-0.00051868607988581061  0.00010309000936103985    -0.47936785221099854     0.87761390209197998,0.44107860326766968 0.67155998945236206 0.27856221795082092,-0.00051868607988581061  0.00010309000936103985    -0.47936785221099854     0.87761390209197998
1715016004.4356086,0.44106653332710266 0.67155593633651733 0.27859014272689819,-0.00056075665634125471  2.5709705369081348e-05    -0.47940462827682495     0.87759381532669067,0.44106653332710266 0.67155593633651733 0.27859014272689819,-0.00056075665634125471  2.5709705369081348e-05    -0.47940462827682495     0.87759381532669067
1715016004.4406331,0.44103610515594482 0.67158102989196777 0.27857205271720886,-0.00070725090336054564  2.6669602448237129e-05    -0.47942596673965454     0.87758207321166992,0.44103610515594482 0.67158102989196777 0.27857205271720886,-0.00070725090336054564  2.6669602448237129e-05    -0.47942596673965454     0.87758207321166992
1715016004.4455972,0.44103193283081055 0.67155736684799194 0.27862322330474854,-0.00080892810365185142  0.00013054026931058615    -0.47945225238800049      0.8775675892829895,0.44103193283081055 0.67155736684799194 0.27862322330474854,-0.00080892810365185142  0.00013054026931058615    -0.47945225238800049      0.8775675892829895
1715016004.4506009,0.44103196263313293 0.67153871059417725 0.27861383557319641,-0.00072492251638323069  0.00012926415365654975    -0.47944557666778564     0.87757128477096558,0.44103196263313293 0.67153871059417725 0.27861383557319641,-0.00072492251638323069  0.00012926415365654975    -0.47944557666778564     0.87757128477096558
1715016004.4556675,0.44105672836303711 0.67158389091491699 0.27860081195831299,-0.00068992347223684192 -3.0855382647132501e-05    -0.47934219241142273     0.87762778997421265,0.44105672836303711 0.67158389091491699 0.27860081195831299,-0.00068992347223684192 -3.0855382647132501e-05    -0.47934219241142273     0.87762778997421265
1715016004.4606345,0.44103437662124634 0.67156845331192017 0.27858993411064148,-0.00082763860700652003   9.369651525048539e-05    -0.47942328453063965     0.87758338451385498,0.44103437662124634 0.67156845331192017 0.27858993411064148,-0.00082763860700652003   9.369651525048539e-05    -0.47942328453063965     0.87758338451385498
1715016004.4656675,0.44105526804924011 0.67153966426849365 0.27860742807388306,-0.00079550972441211343  0.00012949091615155339     -0.4794745147228241     0.87755542993545532,0.44105526804924011 0.67153966426849365 0.27860742807388306,-0.00079550972441211343  0.00012949091615155339     -0.4794745147228241     0.87755542993545532
1715016004.4706342,0.44103354215621948 0.67156475782394409 0.27866539359092712,-0.00073598336894065142  5.5930184316821396e-05    -0.47936758399009705     0.87761390209197998,0.44103354215621948 0.67156475782394409 0.27866539359092712,-0.00073598336894065142  5.5930184316821396e-05    -0.47936758399009705     0.87761390209197998
1715016004.4756117,0.44168588519096375 0.67105013132095337 0.27853599190711975,-0.00070900376886129379  0.00040668554720468819    -0.47974991798400879     0.87740492820739746,0.44168588519096375 0.67105013132095337 0.27853599190711975,-0.00070900376886129379  0.00040668554720468819    -0.47974991798400879     0.87740492820739746
1715016004.4806118,0.44104674458503723 0.67154192924499512 0.27862146496772766,-0.00079578242730349302  0.00013880351616535336    -0.47947818040847778     0.87755340337753296,0.44104674458503723 0.67154192924499512 0.27862146496772766,-0.00079578242730349302  0.00013880351616535336    -0.47947818040847778     0.87755340337753296
1715016004.4856772, 0.4410550594329834 0.67153364419937134 0.27861294150352478,-0.00062390748644247651  0.00014003540854901075    -0.47940531373023987     0.87759339809417725, 0.4410550594329834 0.67153364419937134 0.27861294150352478,-0.00062390748644247651  0.00014003540854901075    -0.47940531373023987     0.87759339809417725
1715016004.4906089,0.44105947017669678 0.67154252529144287 0.27859500050544739,-0.00072934239869937301  0.00011297703167656437    -0.47941938042640686     0.87758558988571167,0.44105947017669678 0.67154252529144287 0.27859500050544739,-0.00072934239869937301  0.00011297703167656437    -0.47941938042640686     0.87758558988571167
1715016004.495635,0.44104161858558655 0.67157500982284546 0.27857512235641479,-0.00045281648635864258  6.3547398895025253e-05    -0.47933882474899292     0.87762981653213501,0.44104161858558655 0.67157500982284546 0.27857512235641479,-0.00045281648635864258  6.3547398895025253e-05    -0.47933882474899292     0.87762981653213501
1715016004.5006108,0.44103997945785522 0.67158043384552002 0.27858319878578186,-0.00074551289435476065  0.00011988260666839778    -0.47936752438545227     0.87761396169662476,0.44103997945785522 0.67158043384552002 0.27858319878578186,-0.00074551289435476065  0.00011988260666839778    -0.47936752438545227     0.87761396169662476
1715016004.5056365,0.44101479649543762 0.67156797647476196 0.27860432863235474,-0.00073448166949674487  0.00010600966197671369    -0.47940081357955933     0.87759572267532349,0.44101479649543762 0.67156797647476196 0.27860432863235474,-0.00073448166949674487  0.00010600966197671369    -0.47940081357955933     0.87759572267532349
1715016004.5106251, 0.4410443902015686 0.67155259847640991 0.27859222888946533,-0.00074566097464412451  0.00013155234046280384    -0.47939190268516541     0.87760061025619507, 0.4410443902015686 0.67155259847640991 0.27859222888946533,-0.00074566097464412451  0.00013155234046280384    -0.47939190268516541     0.87760061025619507
1715016004.5156295,0.44102799892425537 0.67157739400863647 0.27862012386322021,-0.00058673543389886618  5.0278417802473996e-06    -0.47939169406890869     0.87760084867477417,0.44102799892425537 0.67157739400863647 0.27862012386322021,-0.00058673543389886618  5.0278417802473996e-06    -0.47939169406890869     0.87760084867477417
1715016004.5206575,0.44104087352752686 0.67157471179962158 0.27858668565750122,-0.00083701155381277204  9.0111134340986609e-05    -0.47938844561576843     0.87760239839553833,0.44104087352752686 0.67157471179962158 0.27858668565750122,-0.00083701155381277204  9.0111134340986609e-05    -0.47938844561576843     0.87760239839553833
1715016004.5255678,0.44103324413299561 0.67157471179962158 0.27857354283332825,-0.00082982104504480958  8.9013112301472574e-05    -0.47945159673690796     0.87756794691085815,0.44103324413299561 0.67157471179962158 0.27857354283332825,-0.00082982104504480958  8.9013112301472574e-05    -0.47945159673690796     0.87756794691085815
1715016004.5306129,0.44102674722671509 0.67156970500946045 0.27863195538520813,-0.00050013349391520023  0.00012947736831847578    -0.47933933138847351     0.87762951850891113,0.44102674722671509 0.67156970500946045 0.27863195538520813,-0.00050013349391520023  0.00012947736831847578    -0.47933933138847351     0.87762951850891113
1715016004.535609,0.44104817509651184 0.67158830165863037 0.27859744429588318,-0.00062788673676550388  5.6450360716553405e-05    -0.47937679290771484     0.87760895490646362,0.44104817509651184 0.67158830165863037 0.27859744429588318,-0.00062788673676550388  5.6450360716553405e-05    -0.47937679290771484     0.87760895490646362
1715016004.5406103,0.44104719161987305 0.67160475254058838 0.27858489751815796,-0.00071179040241986513  6.5796404669526964e-05    -0.47935593128204346     0.87762027978897095,0.44104719161987305 0.67160475254058838 0.27858489751815796,-0.00071179040241986513  6.5796404669526964e-05    -0.47935593128204346     0.87762027978897095
1715016004.5456109,0.44105070829391479 0.67158538103103638 0.27856054902076721,-0.00084478675853461027  0.00010141981329070404    -0.47937899827957153     0.87760758399963379,0.44105070829391479 0.67158538103103638 0.27856054902076721,-0.00084478675853461027  0.00010141981329070404    -0.47937899827957153     0.87760758399963379
1715016004.5506098,0.44104832410812378 0.67155754566192627 0.27861478924751282,-0.0008271941333077848 0.00010554237815085799   -0.47938108444213867    0.87760645151138306,0.44104832410812378 0.67155754566192627 0.27861478924751282,-0.0008271941333077848 0.00010554237815085799   -0.47938108444213867    0.87760645151138306
1715016004.5556087,0.44102254509925842 0.67160385847091675 0.27859437465667725,-0.00074571184813976288  0.00011796662147389725    -0.47934138774871826     0.87762820720672607,0.44102254509925842 0.67160385847091675 0.27859437465667725,-0.00074571184813976288  0.00011796662147389725    -0.47934138774871826     0.87762820720672607
1715016004.5606086,0.44103071093559265 0.67155802249908447 0.27859088778495789,-0.00083433400141075253  1.5524015907431021e-05    -0.47944089770317078     0.87757378816604614,0.44103071093559265 0.67155802249908447 0.27859088778495789,-0.00083433400141075253  1.5524015907431021e-05    -0.47944089770317078     0.87757378816604614
