DesiredFlux,1.156,HitTime,1715791942.2198467,DesiredPos,0.53870773315429688 0.31731617450714111 0.21952670812606812
RobotName,RosTime,JointPosition,JointVelocity,JointEffort,TorqueCmd,EEF_Position,EEF_Orientation,EEF_Velocity,EEF_DesiredVelocity,Inertia,DirGrad,HittingFlux
IIWA_7,1715791941.7207358,-0.46618718770814854    1.131604624302144 0.018485127573980759  -1.3083679270239008  -1.9646728346596196  -1.8916746077737279 -0.90710791425977411, 2.8586341305516052e-06 -1.9246542909018088e-05  1.4537910166152724e-07   6.135171776807442e-06 -2.2408680472776975e-06 -3.2641666288155171e-07 -1.1921188495327845e-05,-0.010753997802734375    64.420479587554937   -2.0195800399780275   -15.330848655700683   -1.2712613677978515    1.7458550300598144  -0.18122716140747069, -0.15690573139832006   -3.5527729165317878    1.0078204918967497  -0.11215912396815741   0.68030469125038873 -0.044781953835192595  -0.82239641622248061,  0.54696333408355713 -0.041664134711027145   0.20935146510601044,  -0.69976794719696045 -0.0095946667715907097   0.021937588229775429    0.71396887302398682,4.1277899072156288e-06 4.4447023128668661e-07 1.0534992725297343e-05,-0.01068158820271492   1.6690516471862793 0.013165413402020931,  0.24822266399860382  0.029416739940643311   0.06457771360874176  0.029416739940643311    0.2317967563867569 -0.022861812263727188   0.06457771360874176 -0.022861812263727188   0.18540112674236298,   -1.0950162012122178   -0.38267665901603465    -1.1465566081989564    0.68998978215883966    0.55172961805549647   0.099951044257196031 2.6914771744657173e-05,7.8423709055641666e-06
IIWA_7,1715791941.7257667,-0.46618712782153859    1.131604504528924 0.018485187569673798  -1.3083678071415978  -1.9646728346596196  -1.8916746077737279   -0.907107974146384, 4.6823717023941908e-06 -2.0188163127561176e-05  2.5161310028734561e-06  9.7034295403879844e-06  -1.792694437822158e-06 -2.6113333030524136e-07 -1.1932415191994738e-05,0.012098247528076173   64.433922084808344  -2.0134174156188966  -15.329968280792237  -1.2747828674316406   1.7491925468444824 -0.17989215469360351, -0.15946148643401242   -3.5506331795469768    1.0053306730829981  -0.11022151049949623   0.68079776145379189 -0.042447351884104395  -0.82239760872770995,  0.54696333408355713 -0.041664153337478638   0.20935150980949402,  -0.69976788759231567 -0.0095947412773966789   0.021937590092420578    0.71396887302398682,3.6051724237040617e-06 -3.712790999088611e-07 1.0457179996592458e-05,-0.010681556537747383    1.6690516471862793  0.013165315613150597,  0.24822264909744263  0.029416754841804504  0.064577721059322357  0.029416754841804504    0.2317967414855957 -0.022861817851662636  0.064577721059322357 -0.022861817851662636   0.18540114164352417,   -1.0950167869463456   -0.38267673422076598    -1.1465569931434771    0.68999002987979452    0.55172984164642003   0.099951332478198651 2.6914825923540775e-05,7.6649967013509013e-06
IIWA_7,1715791941.7307601,-0.46618706782584557    1.131604504528924 0.018485247456283757  -1.3083679270239008  -1.9646728346596196  -1.8916746077737279   -0.907108034032994, 6.1457250829044758e-06 -1.6150530502048943e-05  4.4083692006680058e-06  2.9674515133683591e-06 -1.4341555502577264e-06 -2.0890666424419309e-07 -1.1941396553769144e-05,0.024196495056152345   64.489036323547367  -2.0125370407104493  -15.326446781158447  -1.2703809928894043   1.7511950569152832 -0.18022590637207031,  43.632378072004506   3.4004884583130042   27.245874258991101  -10.205046468751027   1.3737310858370881   2.6832446782915458 -0.82237076609585691,  0.5469633936882019 -0.04166412353515625  0.20935159921646118,  -0.69976794719696045 -0.0095948763191699982   0.021937515586614609    0.71396887302398682,5.0159387683379464e-06 8.8759861682774499e-07 1.1953890862059779e-05,-0.010681542567908764    1.6690516471862793  0.013165279291570187, 0.24822261929512024 0.029416764155030251 0.064577735960483551 0.029416764155030251   0.2317967414855957 -0.02286180667579174 0.064577735960483551 -0.02286180667579174  0.18540117144584656,    -1.095017138113441   -0.38267652818380071    -1.1465569528690267     0.6899900132575354     0.5517299613195803   0.099951430106770545 2.6914857897963884e-05,8.9992672656080686e-06
IIWA_7,1715791941.7357361,-0.46618700793923556   1.1316046842978371 0.018485187569673798  -1.3083679270239008  -1.9646726428479346   -1.891674428004815 -0.90710809402868708, 7.3120444664969337e-06 -5.7296678780828814e-06  1.1312309621651644e-06  2.3739612106946875e-06  6.5251429589828502e-06  7.0236311832791356e-06 -1.1952944966224885e-05,0.034950492858886718   64.564314308166502  -2.0116566658020019  -15.329968280792237  -1.2783043670654297   1.7495262985229492 -0.17989215469360351,  43.632317857931945   3.4003433884691421   27.245868403713704  -10.204935614762134   1.3737822255865542   2.6832542339045431 -0.82239374711730129,   0.5469633936882019 -0.041664052754640579   0.20935159921646118,  -0.69976788759231567 -0.0095948996022343636   0.021937554702162743    0.71396887302398682,2.9797017759847222e-06 3.4887502806668635e-06 9.3110247689764947e-06,-0.010681511834263802    1.6690515279769897  0.013165183365345001,  0.24822261929512024  0.029416758567094803  0.064577735960483551  0.029416758567094803    0.2317967563867569 -0.022861799225211143  0.064577735960483551 -0.022861799225211143   0.18540115654468536,   -1.0950168060954724   -0.38267631124444534    -1.1465565213208961    0.68998970846845253    0.55172999100161491   0.099951716351576181 2.6914918294096424e-05,7.1889348873810377e-06
IIWA_7,1715791941.7407339,-0.46615998347926385    1.131619544685587 0.018516766029996287  -1.3083976479084838  -1.9646707254292184  -1.8916434487378413 -0.90710821380190698,  0.0010868280344417571  0.00058983177569326079   0.0012640433976693047  -0.0011869362143503755  8.1916863017037817e-05   0.0012447895838949214 -1.4353284768885721e-05,-0.14921171951293946   64.441987583160397  -2.4597674942016603  -14.963732318878174  -1.3179212379455567   1.6403894996643067  -0.1818946647644043,  43.632339364149253   3.4001069188533677   27.245978188294629  -10.204861551111518   1.3737971515135274   2.6831498889415322 -0.82241593262463497,  0.5469633936882019 -0.04166402667760849  0.20935148000717163,  -0.69976788759231567 -0.0095947971567511559   0.021937498822808266    0.71396893262863159,3.8151479202497285e-06 3.8237976696109399e-06 3.0362309644260677e-06,-0.010681558400392532    1.6690517663955688   0.01316502969712019,  0.24822264909744263  0.029416736215353012  0.064577728509902954  0.029416736215353012    0.2317967563867569 -0.022861797362565994  0.064577728509902954 -0.022861797362565994   0.18540114164352417,   -1.0950160057827674   -0.38267625107035741    -1.1465560601671143      0.689989588271267    0.55172963079996862   0.099951251645080674 2.6914833028968133e-05,4.291466211725492e-06
IIWA_7,1715791941.7457349,-0.46570943655033858   1.1317338742235681 0.019026155425655632  -1.3087577738012695  -1.9646519341672939  -1.8913197548478617 -0.90710773449086113,  0.018891339584564053  0.0050450469397975168   0.021386810544509225  -0.015354584682907006 0.00081718396739363392    0.01394358726629787 7.6898140190279993e-06, -8.7645082092285165   60.319173675537108  -8.2517540168762213  -10.176253566741943  -1.1753005027770995    1.301297794342041 -0.20492353057861329,  43.604252457903812   3.3755340945869787   27.230931666039154  -10.186923270189562   1.3819611221181936    2.681005876541255 -0.82683183189779386,  0.54696160554885864 -0.041633311659097672   0.20934009552001953,  -0.69975972175598145 -0.0095931403338909149   0.021953824907541275    0.71397644281387329,-6.9317815359681845e-05   0.0012317575747147202 -0.00045349617721512914,-0.010681558400392532    1.6690517663955688   0.01316502969712019,  0.24822382628917694  0.029412323608994484   0.06457829475402832  0.029412323608994484   0.23180148005485535 -0.022857097908854485   0.06457829475402832 -0.022857097908854485   0.18539656698703766,   -1.0948071884691046   -0.38256189849583677    -1.1462973327009962    0.68985800165055622    0.55171233883744009    0.10001451293462083 2.6927764018580547e-05,0.00091032386990264058
IIWA_7,1715791941.7507377, -0.4652251540432184    1.131704452881118 0.019614341201054764  -1.3090370063012191   -1.964621925674267  -1.8906918414516964 -0.90711037102886238,   0.034484371952458515   0.0028591838538341036    0.040636879451572655   -0.023452967744311819   0.0018540868949918224    0.036271405659650403 -9.9309668834976085e-05, -17.967241828918457   59.726359546661378  -12.905415782928467  -10.221152687072754 -0.71486442565917963   1.6280406875610351 -0.17154836273193361,  43.149094091329836   3.1742589048741618   26.918320385255434  -9.9904656883675056   1.4606804783006673   2.7157299649808326 -0.86461824310192614,  0.54695332050323486 -0.041155293583869934   0.20926827192306519,  -0.69962126016616821 -0.0096861040219664574    0.02218964509665966    0.71410351991653442,-0.00039689097320660949    0.020106658339500427  -0.0032324199564754963,-0.010681712068617344    1.6690621376037598  0.013165374286472797, 0.24821308255195618 0.029362596571445465 0.064597718417644501 0.029362596571445465  0.23187267780303955 -0.02278326079249382 0.064597718417644501 -0.02278326079249382  0.18535149097442627,   -1.0922845926462088   -0.38075841359130891    -1.1426616973162496    0.68795898116658094    0.55170440072505045    0.10130985852896401 2.7192140095166906e-05,0.014105391688644886
IIWA_7,1715791941.7557418,-0.46491871742346719    1.131641715493992 0.020281203364807609  -1.3094659216193951  -1.9646049560124828  -1.8897549146753054 -0.90711186906677599,   0.039844962352015442 -0.00022214840197403015    0.059183990111371938    -0.03591898692249007   0.0021620559873621109    0.066494195583360782 -0.00013936925161219552, -22.338741935729981   59.874227016448977  -14.157308902740478  -11.256473579406737  -1.3170408630371093  0.92282339096069332 -0.15719704055786132,  42.781244055218046   3.1491668575523626   26.621686109910524  -9.9601543885879771   1.4772746652724473   2.6804608684439661 -0.86520221562006006,  0.54703450202941895 -0.040648471564054489   0.20924165844917297,  -0.69958353042602539 -0.0098198642954230309   0.022295774891972542    0.71413540840148926,   0.00290690828114748   0.036363296210765839 -0.0036436088848859072,-0.010687783360481262    1.6692197322845459  0.013190451078116894,  0.24817122519016266  0.029303394258022308  0.064635150134563446  0.029303394258022308   0.23194257915019989 -0.022692859172821045  0.064635150134563446 -0.022692859172821045    0.1853405088186264,   -1.0894245992210116   -0.37866256573781953     -1.138502093249727    0.68585718911862159    0.55145287616209515    0.10207145439977694 2.7342218267278895e-05,0.025385389104485512
IIWA_7,1715791941.7607431,-0.46482308330701799   1.1315739446863864 0.021113447910657838  -1.3101234361269236  -1.9645972859885519  -1.8884799729279238  -0.9071127079156478,   0.035701334539580146  -0.0028885510258016456    0.080636973923106703   -0.055035769839131637   0.0020364457471245875     0.10419302636195385 -0.00014504935616212376, -20.735052013397215   59.563705329895022  -12.155336360931397  -10.546891403198241 -0.80026079177856446   1.3940807609558106   -0.192240966796875,  42.59474898574242  3.0675598513057527  26.445707766892337  -9.933545912024595  1.5105853906598752  2.5639109327036791 -0.8836275604903624,  0.54711741209030151 -0.040190625935792923   0.20916633307933807,  -0.6995963454246521 -0.009815877303481102  0.022313745692372322   0.71412229537963867, 0.0056096827611327171   0.047414030879735947 -0.0059165991842746735,-0.010726485401391983    1.6693726778030396  0.013344951905310154,  0.24814781546592712  0.029217200353741646  0.064668715000152588  0.029217200353741646   0.23201015591621399 -0.022600756958127022  0.064668715000152588 -0.022600756958127022   0.18532185256481171,   -1.0855874632458296   -0.37668485663555629    -1.1338517872712117    0.68365382397406194    0.55068450798323454    0.10206601659401571 2.7334872143569555e-05,0.033310212194919586
IIWA_7,1715791941.7657409,-0.46480564626787674   1.1314870591418957 0.022237508234949167  -1.3109140354805751  -1.9645775360172693  -1.8868073945623898 -0.90711792099595734,   0.029258549197314312  -0.0057862626002675478     0.10947199211013854   -0.075652590017363089   0.0024191554490045992      0.1502575557109242 -0.00032456269731132731,  -16.69692583847046   58.950727455139159  -10.955385360717774  -10.089096450805664 -0.89181978225708003  0.90747081375122074 -0.19524473190307617,  42.550361015445063   2.9000439071365487   26.347113197751714   -9.876477147625037   1.5691750536228235   2.3805993128561536 -0.92861573253275298,  0.54718667268753052 -0.039757668972015381   0.20902800559997559,  -0.69962483644485474 -0.0096490820869803429    0.02225848101079464    0.71409839391708374,0.0072213131934404373  0.055263381451368332 -0.010246316902339458,-0.010902352631092072    1.6695202589035034  0.013466356322169304,  0.24815019965171814   0.02909415028989315  0.064697690308094025   0.02909415028989315   0.23208199441432953 -0.022502118721604347  0.064697690308094025 -0.022502118721604347   0.18528428673744202,   -1.0803476002809731   -0.37474720215868729    -1.1283165753397384     0.6812186861946401     0.5493124067452726    0.10135873065308942 2.7187223139435446e-05,0.039231367409229279
IIWA_7,1715791941.7707422,-0.46473110434635484   1.1313357582943697 0.023693232058916967  -1.3118519808747506  -1.9645687156468283  -1.8847943444567765 -0.90711893972282509,   0.026388516218727367   -0.010681043981254627      0.1458065466468228   -0.098039887780913548   0.0022881391768405056     0.20072804879326961 -0.00030039923255913988,  -15.28411937713623   59.567738079071042   -10.93073486328125  -11.037260227203369  -1.2466108703613281   1.4668386268615723 -0.19090596008300781,  42.513847830120675   2.7389159984189737   26.198702417340225  -9.8452781224443466   1.6182993089916617   2.1468330335587447 -0.97404952189694116,  0.54729610681533813 -0.039247326552867889   0.20886386930942535,  -0.69966328144073486 -0.0094237802550196648   0.022120831534266472    0.71406799554824829, 0.010103411041200161  0.064646273851394653 -0.014726008288562298,-0.011120304465293884    1.6696758270263672  0.013699751347303391,  0.24814991652965546  0.028932264074683189  0.064738698303699493  0.028932264074683189   0.23216865956783295 -0.022376839071512222  0.064738698303699493 -0.022376839071512222   0.18524377048015594,   -1.0735359919262777   -0.37238210262824367    -1.1212164772080868     0.6782782022387579    0.54742140969921138    0.10021287723738226 2.6955817133966775e-05,0.046426381915807724
IIWA_7,1715791941.7757397,-0.46460131522727494   1.1311460479859949  0.02541380730613026   -1.312994676733964  -1.9645631550278315  -1.8823690967783107 -0.90712301430304698,   0.026302377738178048   -0.016133247519994891     0.18546824720598998    -0.12413974459326438   0.0020529361013449572        0.25759234617325 -0.00040330259492295635, -16.278864173889161   60.932151550292971  -12.285631847381591  -10.906084365844727  -1.0934256362915038   1.0042588005065918 -0.16620833587646483, 42.378523773759845  2.6279486609465534  25.928917856709095 -9.8290272959497553  1.6596088004039922  1.9188197399516465 -1.0146045323496358,  0.54744303226470947 -0.038573287427425385   0.20871025323867798,  -0.69969332218170166 -0.0092220930382609367   0.021964335814118385    0.71404606103897095, 0.013879268430173397  0.078713789582252502 -0.017863195389509201,-0.011362743563950062    1.6698631048202515  0.014069455675780773,  0.24813133478164673  0.028737861663103104  0.064797252416610718  0.028737861663103104   0.23228073120117188 -0.022214002907276154  0.064797252416610718 -0.022214002907276154   0.18520478904247284,   -1.0652953880052607   -0.36927730138369697    -1.1123028320731976    0.67456560365464213    0.54523851701304693   0.099096188713510003 2.6731158619952566e-05,0.056685265153646469
IIWA_7,1715791941.7807384,-0.46448087376441943   1.1309412375252641 0.027319239101068534   -1.314316356980634  -1.9645585531181928  -1.8796063135489829 -0.90712936599252725,  0.025859560704762554  -0.021099016445229594    0.22459186956232294   -0.15217900554141189  0.0018264252666235926    0.31658520611171082 -0.0005767096551490135, -17.808620361328124   61.631161407470707  -12.162379360198974  -10.777549629211425  -1.0599713897705079   1.2632501029968262 -0.22428112792968749, 42.185530349462695  2.4791821136643772  25.622506495578175 -9.7909589718819987  1.7178602964628378  1.6619832735063136 -1.0636919245785901,  0.54761463403701782 -0.037748809903860092   0.20852106809616089,  -0.69973927736282349 -0.0089834891259670258   0.021793724969029427    0.71400928497314453, 0.017849566414952278  0.096002407371997833 -0.021763753145933151,-0.011708983220160007    1.6701048612594604  0.014537212438881397, 0.24810972809791565 0.028505509719252586 0.064865730702877045 0.028505509719252586  0.23241564631462097  -0.0220173429697752 0.064865730702877045  -0.0220173429697752  0.18515713512897491,   -1.0554576064922827   -0.36550882946428942    -1.1016185955643465    0.67003620332162228     0.5426580992740071   0.097797882562922211 2.6467644076433317e-05,0.069230720400810242
IIWA_7,1715791941.7857382,-0.46440543310741583   1.1307322925977017 0.029445420357965206  -1.3158076738494531  -1.9645454182938411  -1.8765195366693765 -0.90714284822466662,  0.023705274843954058  -0.025237010258679856    0.26472074592572525   -0.18139587918589323  0.0019865331873678239    0.37673924007362247 -0.0010006570096941063,-17.538426166534425  62.499546730041502 -11.001164855957031  -10.78283187866211  -1.077578887939453  1.4104345932006837 -0.2336261749267578, 42.009814198376667   2.285084471633652  25.343024569993286    -9.7322495714618  1.7919120774114274  1.3800258364371811 -1.1234139886044594,  0.54779672622680664 -0.036839071661233902   0.20828747749328613,  -0.69980281591415405 -0.0086770467460155487   0.021600838750600815    0.71395665407180786, 0.021405307576060295   0.11326146870851517 -0.026626706123352051,-0.012129555456340313    1.6703962087631226  0.015019381418824196,  0.24809446930885315    0.0282411128282547  0.064937666058540344    0.0282411128282547   0.23256434500217438 -0.021798828616738319  0.064937666058540344 -0.021798828616738319   0.18509846925735474,   -1.0443333562513146   -0.36135433805384309     -1.089674484937575    0.66495096060847914    0.53969369364548214   0.096207075417353849 2.6144245879322625e-05,0.081849366426467896
IIWA_7,1715791941.7907383,-0.46433945987985664   1.1305354517466679 0.031849216194594895  -1.3174735410967642  -1.9645351597720966  -1.8731174549339236 -0.90716370076407093,  0.021603148977530875  -0.028063242248294883    0.30792843020576777   -0.21175139324115874   0.001999567419675127    0.43747466147701708 -0.0016346271839278708, -15.739820034027099   62.178271045684816  -10.210588188171387  -10.740573883056641  -1.0106703948974609     1.24723002243042 -0.20225351715087891, 41.863789766542055  2.0663172836414088  25.073656511041989 -9.6650309974542452  1.8709892603553997   1.079645043541297 -1.1907418945433108,  0.54799109697341919 -0.035851918160915375   0.20801635086536407,  -0.69986790418624878 -0.0083036776632070541   0.021371999755501747    0.71390420198440552, 0.024696806445717812   0.13018566370010376 -0.031975783407688141,-0.012637170031666756    1.6703871488571167  0.015614875592291355,  0.24808533489704132  0.027943119406700134  0.065014176070690155  0.027943119406700134   0.23272629082202911 -0.021558180451393127  0.065014176070690155 -0.021558180451393127   0.18502905964851379,  -1.0318788586216598  -0.35683936053931831   -1.0764328195431716   0.65936022236723346   0.53632113081469868  0.094326830533120187 2.576624158479035e-05,0.094289101660251617
IIWA_7,1715791941.7957666,-0.46421931806821709   1.1303175185916237 0.034542191380747475  -1.3193245045473232  -1.9645228880130601  -1.8694972602745135 -0.90719054545512978,  0.022088191647606756  -0.031167920000406257     0.3540617516107174   -0.24343965261528772  0.0020905242972004399    0.49478751555801781 -0.0023814893894961815, -14.236948841094971   61.471195690155028  -9.8646008491516106  -10.540728778839112  -1.0326797676086426     1.50355131149292 -0.17922465133666993, 41.700466584271176  1.8247035955024953  24.772656450373123 -9.5779590591032733  1.9596752664604185 0.77742766742240177 -1.2657358822064184,  0.54819595813751221 -0.034746754914522171   0.20771040022373199,  -0.69991451501846313 -0.0078903837129473686   0.021133715286850929    0.71387028694152832,  0.02768944576382637   0.14847344160079956 -0.037591408938169479,-0.012642371468245983    1.6710746288299561  0.015621302649378777,  0.24807806313037872   0.02760990709066391  0.065097689628601074   0.02760990709066391   0.23290720582008362 -0.021288616582751274  0.065097689628601074 -0.021288616582751274    0.1849471777677536,   -1.0179937635639291   -0.35181238619141908    -1.0616247311450167    0.65314482450418154    0.53260053602066648   0.092359187619628358 2.5375980428066214e-05,0.10763439536094666
IIWA_7,1715791941.8007622,-0.46400348214443538   1.1300611759757309 0.037494145611711063    -1.32132077691192  -1.9645059183512759  -1.8656603908424498 -0.90723159145397969,  0.026303990269354021  -0.035188040636037074    0.40132757052711748    -0.2746026166761007   0.002351205909129005    0.54930478972895935 -0.0035470314655933052,  -13.57020097732544    61.08405176925659  -10.538968029022216  -10.305668678283691  -1.0995882606506346    1.639721996307373 -0.17455212783813476, 41.460861696738021  1.6020572260010337  24.388742885263348 -9.4666408372494004  2.0496439823050991 0.51993855664722521 -1.3427358753143328,  0.54840177297592163 -0.033485740423202515   0.20740647614002228,  -0.69991427659988403 -0.0074895783327519894   0.020922696217894554    0.71388107538223267, 0.030046533793210983   0.16937538981437683 -0.041935048997402191,-0.01388062909245491   1.6714496612548828 0.017210464924573898,  0.24806526303291321  0.027248445898294449  0.065190136432647705  0.027248445898294449   0.23311063647270203 -0.020987031981348991  0.065190136432647705 -0.020987031981348991   0.18485550582408905,   -1.0029166882166152   -0.34617308807849412    -1.0452891592356295    0.64623587878998023    0.52870331344667676   0.090634157298374873 2.5039582851604791e-05,0.12241197377443314
IIWA_7,1715791941.8057597,-0.46369956218038244   1.1297510842001937 0.040629578452955173  -1.3234780572090101   -1.964494892931858  -1.8616311745640104 -0.90728803714731843,  0.033199990777600594  -0.040554103530317756    0.44647937007145838   -0.30597330522448735  0.0023219815040186904    0.60061248292074509 -0.0050954529060240773,  -15.63631280517578   61.473884189605712  -11.911472511291503   -9.729023113250733  -1.2351659965515136   1.4361334724426269 -0.16654208755493163, 41.173816097546933  1.4373173188636033  23.944673221500338 -9.3582037686016051   2.134072476324115 0.31128150024472356 -1.4135525164308069,  0.54862022399902344 -0.032062452286481857   0.20711471140384674,  -0.69988441467285156 -0.0071272156201303005    0.02073255367577076    0.71391957998275757,0.032344166189432144  0.19262869656085968 -0.04484926164150238,-0.014613605104386806     1.671883225440979   0.01819927990436554,  0.24804097414016724  0.026862747967243195  0.065293088555335999  0.026862747967243195   0.23333446681499481 -0.020652689039707184  0.065293088555335999 -0.020652689039707184   0.18476082384586334,  -0.98682744264699807   -0.33989566313241681    -1.0275253471254686    0.63864388108747505    0.52468790504534013   0.089159797886928516 2.4756634076084083e-05,0.13851480185985565
IIWA_7,1715791941.810761,-0.46340415113276534   1.1294101929265958 0.043887190341408193  -1.3257514047375181  -1.9644740882581084  -1.8574990138575496 -0.90741554926622292,  0.03837643452676448 -0.046078933768167039   0.48748797159528751  -0.33571254531990752 0.0026897721531966138   0.64577641459502932 -0.009176847080999008, -18.086880054473877   61.593522415161132  -11.650881538391113  -9.7880082321166988 -0.69373542785644526   1.9377622451782226 -0.14384697341918945, 40.842591946191753  1.2595208540776774  23.489889517591017 -9.2448596425044443  2.2214935740974071 0.10980283567236071 -1.4826418044779217,  0.54883706569671631 -0.030505402013659477   0.20682957768440247,  -0.69984209537506104 -0.0067854919470846653   0.020569955930113792    0.71396911144256592, 0.034011412411928177   0.21662262082099915 -0.046847056597471237,-0.015370030887424946    1.6723610162734985  0.019216792657971382,  0.24801108241081238  0.026457328349351883   0.06540120393037796  0.026457328349351883   0.23357382416725159 -0.020292153581976891   0.06540120393037796 -0.020292153581976891     0.184661865234375,  -0.96994575990194676   -0.33311677752667634    -1.0086616845246255     0.6304517413502353     0.5205829764838299   0.087868812686409115 2.4509888341128772e-05,0.15492697060108185
IIWA_7,1715791941.8157341,-0.46317507263236718    1.129039281117199 0.047288732770122334  -1.3281522044983205  -1.9644340130550217  -1.8531993136511189 -0.90769891623300436, 0.039864287637338028 -0.051699619390407896   0.52605207442479562  -0.36460202668802322 0.0037548258460247666   0.68860913993325024   -0.0186761563360568, -18.749595169067383   62.929706642150876  -11.424625186920165  -9.7844867324829092  -1.0177133941650391   1.6487332916259765 -0.14851949691772462,   40.567367059220189    1.1270322646913766    23.062320269060621   -9.1421297555248042    2.2998073921685496 -0.053802650104586291    -1.541579042410425,  0.54904443025588989 -0.028893863782286644   0.20655308663845062,  -0.69977986812591553 -0.0064544794149696827   0.020387064665555954     0.7140384316444397, 0.034883260726928711   0.23803119361400604 -0.048037227243185043,-0.016168447211384773    1.6728712320327759  0.020245438441634178,  0.24798326194286346  0.026038125157356262  0.065509811043739319  0.026038125157356262   0.23381839692592621 -0.019918577745556831  0.065509811043739319 -0.019918577745556831   0.18455880880355835, -0.95258434392420099  -0.32615152867876418  -0.98923640399828372   0.62198697069959508   0.51637315949992768  0.086616111956594466 2.427893086576205e-05,0.16944962739944458
IIWA_7,1715791941.8207591, -0.4629931520556933   1.1286752004174114 0.050854399307626252  -1.3307205437590928  -1.9643977726893673  -1.8488778620607191 -0.90818511631155707,  0.03916825317682552 -0.055922923503828326   0.56346832103999334  -0.39441519178130929 0.0044534753029964675   0.72374537556259066  -0.03438892821095392,  -16.916038543701173    63.279211570739747   -10.496710033416749    -11.30753532409668   -0.6646830558776855    1.7632101173400878 -0.081435409545898438, 40.373547380144764  1.0263698037783628  22.669499628679329 -9.0725245290248715  2.3625946852551984 -0.2179315217542348  -1.581024979595244,  0.54924893379211426 -0.027249639853835106   0.20627729594707489,  -0.69970619678497314 -0.0061312871985137463    0.02012028731405735    0.71412098407745361, 0.035396367311477661   0.25649717450141907 -0.048896238207817078,-0.016980795189738274     1.673391580581665  0.021285446360707283,  0.24796086549758911  0.025599164888262749   0.06561867892742157  0.025599164888262749   0.23406578600406647 -0.019532384350895882   0.06561867892742157 -0.019532384350895882   0.18445165455341339,  -0.93454989528218846   -0.31905229926199041   -0.96917694055598247    0.61327257839760563    0.51192444369618784   0.085193888446966071 2.4030794243401488e-05,0.18194849789142609
IIWA_7,1715791941.825736,-0.46277887416551822   1.1283094419107971 0.054605281930681059  -1.3334948917582103  -1.9643484934924702  -1.8445319626617391 -0.90894371767136717, 0.039905718148463824 -0.059368679067636876   0.60080996175418688  -0.42650607338975055 0.0055339481182820902   0.75283227640927264 -0.057855196961166977,  -14.948056945800781    62.913575645446777   -10.852381496429443   -11.122656593322754   -1.3830689811706542    1.8075990905761719 -0.056404033660888669, 40.204018487898004 0.92974802839518045    22.2696343747748 -8.9828310495423782  2.4299418112595301 -0.3317210845875862 -1.6061488770842072,  0.54941213130950928 -0.025548567995429039      0.20600625872612,  -0.69956564903259277 -0.0058566383086144924    0.01982550323009491    0.71426922082901001, 0.034069269895553589   0.27358356118202209 -0.049318347126245499,-0.017784383147954941    1.6739175319671631   0.02232123538851738,  0.24794858694076538  0.025145703926682472  0.065723910927772522  0.025145703926682472   0.23432093858718872 -0.019133826717734337  0.065723910927772522 -0.019133826717734337   0.18432974815368652,  -0.91600060023910856   -0.31179774330336585     -0.948522465701096    0.60429185870436442     0.5074201282839752   0.084020938643902809 2.3854221709029844e-05,0.19332395493984222
IIWA_7,1715791941.8307674,-0.46248088635742668   1.1279174379064731 0.058498477173780386  -1.3364369591352938  -1.9643158005085206  -1.8401671880723141 -0.91000210452839825, 0.043844086842432566 -0.063175103427066753   0.63637577912732257  -0.45888755379513918 0.0057348778526092447   0.77685680470442131 -0.088619631850176767,   -13.95196789932251    62.538529972076418   -11.188684711456299   -10.833893623352051  -0.80378229141235347    1.6901184997558594 -0.027701389312744139,  39.990007032148561  0.84063730732894815   21.819209755973652  -8.8656902106755791   2.5014129566527239 -0.38548193141557685  -1.6099058071362788,    0.549530029296875 -0.023734323680400848    0.2057453840970993,   -0.6993446946144104 -0.0056768199428915977   0.019510731101036072    0.71449565887451172, 0.031081678345799446   0.29182618856430054 -0.049163948744535446,-0.018602535128593445    1.6744590997695923  0.023381838575005531,  0.24794462323188782  0.024676375091075897  0.065826497972011566  0.024676375091075897    0.2345888763666153 -0.018715659156441689  0.065826497972011566 -0.018715659156441689    0.1841907799243927,  -0.89685527651717223   -0.30421044731188118   -0.92703462547749638    0.59486128958319284     0.5029220863317363   0.083285376851982562 2.3789295866549764e-05,0.20532608032226562
IIWA_7,1715791941.8357592,-0.46210841673258934   1.1274948141730012 0.062488804680325562  -1.3395250541748176  -1.9642693976142309  -1.8358076266722818 -0.91138466458645484, 0.049974054467439452 -0.067445032080529613    0.6687137235636651  -0.49063384461706283 0.0064440180536753473   0.79586789976482675  -0.12619810780240509, -14.173769104003906   62.353023509979245  -11.516184177398681  -10.309190177917481  -1.1841042518615723   2.2761864471435547 -0.10479802703857422,  39.719312237380649  0.78092103555438763   21.326745173460779  -8.7424556959074415   2.5779962440656123 -0.38669957093688945  -1.5848260425691638,  0.54960757493972778 -0.021800026297569275   0.20550180971622467,  -0.69907063245773315 -0.0056326119229197502   0.019176548346877098    0.71477323770523071, 0.026946371421217918   0.31126537919044495 -0.048270057886838913,-0.019328169524669647    1.6750295162200928  0.024412913247942924,   0.2479420006275177  0.024197451770305634  0.065927296876907349  0.024197451770305634   0.23486818373203278 -0.018277460709214211  0.065927296876907349 -0.018277460709214211   0.18404166400432587,   -0.8773618367099445   -0.29626304495966593   -0.90484853552652567    0.58499011717039195    0.49853618451045634   0.083030023938945874 2.3839744400788732e-05,0.21805931627750397
IIWA_7,1715791941.8407598,-0.46167081272906452   1.1270413910505517 0.066569313349321285  -1.3427327518283252  -1.9642194475127692   -1.831397551734872 -0.91310553937580097, 0.057483403714944661 -0.072092950562406055   0.69819132561076103  -0.52081498183395392 0.0071532185014080065   0.81309731730825574  -0.16979347781576917, -13.363186519622802   62.425612995147702  -11.041662101745604   -9.924466342926026 -0.97281427383422847    1.725162425994873 0.053066516876220701,  39.423817768784232  0.76150221014067365   20.814831261560066  -8.6316881984753504   2.6462372217556243 -0.34440431295214324   -1.527674312005332,  0.54964917898178101 -0.019769433885812759   0.20528076589107513,  -0.69874769449234009 -0.0057233651168644428   0.018796902149915695    0.71509832143783569, 0.022069841623306274   0.33070316910743713 -0.046584263443946838,-0.019937079399824142     1.675626277923584  0.025388266891241074,  0.24794261157512665  0.023711884394288063  0.066025123000144958  0.023711884394288063   0.23515379428863525 -0.017823982983827591  0.066025123000144958 -0.017823982983827591   0.18388465046882629,   -0.8576720956696704   -0.28805834293432753   -0.88219574193715289    0.57478850709191676    0.49425226246135878   0.083166308484372564 2.3988942388086798e-05,0.23077432811260223
IIWA_7,1715791941.8457339, -0.4611526148748365   1.1265545917786501 0.070798785979057796  -1.3460516630616837  -1.9641228067122241  -1.8270424844485804  -0.9151744959770971, 0.066714637141076519 -0.077146331325986417    0.7277319656780693  -0.54940843480150225 0.0095882068229330812   0.82468054529826607  -0.21859304630446072, -13.300006782531739   62.511644977569581  -9.4534657669067386  -9.5168527603149418  -1.0388423919677734   2.0969617958068847 -0.12549063110351563,  39.123352679273374  0.77816446599450395    20.30073613151265  -8.5484697775350842   2.7081840115155327 -0.28640371135326625  -1.4379512592427264,  0.54966640472412109 -0.017653146758675575   0.20507355034351349, -0.69840043783187866 -0.005946839228272438  0.018346579745411873   0.71544730663299561, 0.017066663131117821   0.34971007704734802 -0.044617831707000732,-0.020427623763680458    1.6762387752532959  0.026284357532858849,  0.24794486165046692  0.023218074813485146  0.066120706498622894  0.023218074813485146    0.2354433685541153 -0.017354816198348999  0.066120706498622894 -0.017354816198348999   0.18372339010238647,  -0.83774963374683153   -0.27960722460029785   -0.85905933961694103    0.56427831729966016    0.49002347531601487   0.083550452447234136 2.4206853410646545e-05,0.24327246844768524
IIWA_7,1715791941.8507342,-0.46055687902325942   1.1260477789252989 0.075230792069349656  -1.3494697437940573  -1.9638800541025521  -1.8226970643606462 -0.91756858461967639, 0.077201143775944128 -0.081989579194836765   0.75946581615412989  -0.57624997713614567  0.017380669845226158   0.83356123975598329  -0.27063798274673995, -14.167047855377197   62.922985393524172  -8.9419679450988774  -11.239746456146239  -1.2237211227416993   1.7511950569152832 -0.16287081909179688,  38.785445401405795  0.87509567292706492   19.715563317058553  -8.4934836272693079   2.7440288960767063 -0.16649843214413318  -1.3114676591531975,  0.54965794086456299 -0.015424398705363274   0.20492064952850342,   -0.6979745626449585 -0.0063469763845205307   0.017832484096288681    0.71587234735488892, 0.011893969960510731   0.36944109201431274 -0.040792815387248993,-0.02080048993229866   1.6768628358840942 0.027082581073045731,  0.24794340133666992  0.022718494758009911   0.06621774286031723  0.022718494758009911   0.23573869466781616 -0.016867047175765038   0.06621774286031723 -0.016867047175765038    0.1835600882768631,  -0.81767444790603605   -0.27085746522104159    -0.8353886991603332    0.55347894590696001    0.48593953547371171   0.084452595591422153 2.4550399935208134e-05,0.25621229410171509
IIWA_7,1715791941.8557348,-0.45990463759173361   1.1255394680340343 0.079832554664093627  -1.3531094727238711  -1.9634863963114952   -1.818421871958489 -0.92029463630406516, 0.087850572281787831 -0.085924099006456811   0.79164315671306285  -0.60658913890146815  0.029650847518453843   0.83785668789107159  -0.32555245357294293, -14.687272499084473   63.218720333099363  -11.155230464935302  -11.456318683624268  -1.3179212379455567   1.7238274192810059 0.061076557159423825,     38.417343612359069      1.0602468432864318      19.037922681286897     -8.4847158001326601      2.7268310212341431 -0.00028582854884029452     -1.1502978222860543,  0.54965150356292725 -0.013066439889371395   0.20483396947383881,  -0.69744688272476196 -0.0069009484723210335   0.017217829823493958    0.71639639139175415,0.0076874420046806335   0.39041674137115479 -0.034986164420843124,-0.02109401673078537   1.6775012016296387 0.027820447459816933,  0.24793802201747894  0.022204644978046417  0.066320396959781647  0.022204644978046417   0.23603810369968414 -0.016356194391846657  0.066320396959781647 -0.016356194391846657   0.18339714407920837,  -0.79715710857897193   -0.26175127872019033    -0.8109323035281335    0.54235788859013923    0.48185240114140271    0.08575513484210262 2.4997221181877194e-05,0.27000898122787476
IIWA_7,1715791941.8607342,-0.45923016535610978   1.1250175550283272  0.08445972379859272  -1.3569423873489328  -1.9629583233843593  -1.8141096482510939 -0.92331579938485497, 0.097259347250383682 -0.089615799433446691   0.81840129075041401  -0.63858789612364442  0.044843595100201861   0.84277429860866315  -0.38128848608994687,-15.323102619171143  63.003640377044675 -12.187029857635498 -11.252071704864502 -1.5688280868530273  1.9604573593139649 0.07843164443969726,  38.024371206740931   1.2499589180323301   18.304676519385659  -8.4440486371877839   2.6929613323485935   0.2288474209397211 -0.97716951290676435,   0.5495983362197876 -0.010584060102701187   0.20479263365268707,  -0.69678586721420288 -0.0075622508302330971   0.016551844775676727    0.71704834699630737,0.0022769712377339602   0.41219329833984375 -0.028420500457286835,-0.021255327388644218    1.6781529188156128  0.028351657092571259,  0.24794760346412659   0.02167588472366333   0.06641831248998642   0.02167588472366333   0.23634220659732819 -0.015826821327209473   0.06641831248998642 -0.015826821327209473   0.18321701884269714,  -0.77617658439699255   -0.25237952842083189   -0.78580016984020062    0.53087982172517201    0.47777090750056317   0.087560861905977561 2.5561364580539703e-05,0.28444135189056396
IIWA_7,1715791941.8657367, -0.4585293279586391   1.1244826990972199 0.089085095353045332  -1.3609179742409478  -1.9622653477352379  -1.8098007201616588 -0.92660864499849949,  0.10584097369913403 -0.093086876791051695   0.83973589477843569  -0.66989379257951753  0.063593902045017803   0.84657656246433299  -0.43674461341773801,  -13.853837669372558    62.234729534149167   -11.178120212554932   -10.367294921875001   -1.3769063568115234    2.1817347221374512 -0.042052711486816406,  37.688243980663763   1.4039894927539689   17.638622444556201  -8.3953951545450529   2.6537839693225851  0.44774831674222115 -0.79989842891140728,   0.54950952529907227 -0.0080497795715928078    0.20475496351718903,  -0.69607442617416382 -0.0082546360790729523   0.015804281458258629    0.71774816513061523,-0.0036145488265901804    0.43169534206390381  -0.022955711930990219,-0.021346444264054298    1.6788198947906494  0.028659017756581306,   0.2479797750711441  0.021134268492460251  0.066505633294582367  0.021134268492460251   0.23664115369319916 -0.015289836563169956  0.066505633294582367 -0.015289836563169956   0.18302200734615326,-0.75487542994601142 -0.24295747967073567 -0.76040634484897396  0.51918354536439892  0.47356416170796223  0.08937544838083511 2.61338346518869e-05,0.29750201106071472
IIWA_7,1715791941.8707643,-0.45773770998720292   1.1239254925887943 0.093818384869388816  -1.3649912324849816  -1.9613806242803729  -1.8054353463788848 -0.93015825254338969,  0.11633749781675427 -0.096757761769865822   0.86112029647648791  -0.69884536382496232  0.086264059830614664   0.85187620128242714  -0.49137999252979836, -12.594275676727294   62.190369293212889  -10.007221584320067  -8.8935473251342767  -1.2906296157836914   1.5906604995727538 -0.13116440963745118, 37.409149909495277  1.5589527701883932  17.026133359936267 -8.3613879549993904  2.5914416910383729  0.6663993106346382 -0.6141705381645185,   0.54939740896224976 -0.0054783564992249012    0.20473387837409973,  -0.69531059265136719 -0.0089794499799609184   0.014966378919780254    0.71849739551544189,-0.009380522184073925   0.44877547025680542 -0.017871525138616562,-0.021253297105431557    1.6794813871383667  0.028753934428095818, 0.24803145229816437 0.020584002137184143 0.066583789885044098 0.020584002137184143  0.23693147301673889  -0.0147485276684165 0.066583789885044098  -0.0147485276684165  0.18281689286231995,  -0.73342485673943969   -0.23354227673877404   -0.73492957992726815    0.50737424649938134    0.46925157759059033   0.091181467039014308 2.6706826972144881e-05,0.30901959538459778
IIWA_7,1715791941.8757598,-0.45685111697927638   1.1233554629281883 0.098719153890009029  -1.3691132665729562   -1.960283923781069  -1.8010155043608149  -0.9339392155888534,   0.128533718570465 -0.10020739584012989  0.88492699800599894 -0.72395765457895489  0.11287926783664702  0.85829464174873715 -0.54434251584238735, -12.824142379760742   61.433556697845461  -9.6894062423706053  -10.207066688537598  -1.0185937690734863   1.7214911575317382 0.024030120849609374, 37.117112452842868  1.7666546132579024  16.374686985865878 -8.3707219330718203  2.4883131916605654 0.89134298332161954  -0.409812409773327,   0.54929494857788086 -0.0028028518427163363    0.20475678145885468,  -0.69448286294937134 -0.0097837755456566811   0.014028363861143589    0.71930593252182007,-0.013762706890702248   0.46659454703330994 -0.011975623667240143,-0.021056151017546654    1.6801259517669678   0.02879486046731472,  0.24808742105960846  0.020018873736262321   0.06666235625743866  0.020018873736262321    0.2372174859046936 -0.014188847504556179   0.06666235625743866 -0.014188847504556179   0.18261219561100006, -0.71157478421124409  -0.22387652497091182  -0.70885757405125815   0.49529341968135299   0.46483564945454248  0.093096099118561426 2.729987791383337e-05,0.32108932733535767
IIWA_7,1715791941.880759,-0.45588602735190908   1.1227573901898258    0.103720470456172  -1.3734342987389201  -1.9590035292978549  -1.7965127313870901 -0.93791348421186793, 0.14143055995106396 -0.10408882620660563  0.90799426105131797 -0.75200741030172036  0.14151919359787932  0.86674663234798222 -0.59444475759449111, -13.730166694641113   62.198434791564942  -11.468643932342529  -11.834879894256591  -1.8118115615844725   1.9481085472106934 -0.13750569152832032,  36.804257075896842   2.0490723761557716   15.650609963049664    -8.43484070374741   2.3364186449509114   1.1306700263019951 -0.18408830607919724,   0.54922062158584595 -6.877367923152633e-06    0.20484253764152527, -0.69357496500015259 -0.010683919303119183  0.012982118874788284   0.72018826007843018, -0.016310030594468117     0.4856545627117157 -0.0046602492220699787,-0.020776180550456047    1.6807633638381958  0.028750965371727943,  0.24814009666442871  0.019436800852417946   0.06674618273973465  0.019436800852417946   0.23749907314777374 -0.013606216758489609   0.06674618273973465 -0.013606216758489609    0.1824144572019577,  -0.68925262700059164   -0.21389419669848309   -0.68202335613953835    0.48294552997862894    0.46031401331525501   0.095172662805786956 2.7918287237582717e-05,0.33403018116950989
IIWA_7,1715791941.8857355,-0.4548784536834713  1.1221707623389503 0.10871867128237094 -1.3779999887596006 -1.9575796115033275 -1.7918371459464761 -0.9420430083803274, 0.15344739469836272 -0.10673617500030401  0.92632344188901194 -0.78423352906859733   0.1701720666594011  0.88042072350294465 -0.64073677281397146, -13.759740188598633   62.096271812438964  -11.441352310180664  -11.782937774658203  -1.2879884910583497   1.4024245529174804 0.039382698059082032,  36.482773798082491   2.3002563014975133   14.926654905542714  -8.4679196882302126   2.1869831753836459   1.3766860182727871 0.033019868983982903,  0.54912537336349487 0.0028981044888496399   0.20495441555976868, -0.69260066747665405 -0.011599546298384666  0.011886971071362495   0.72113001346588135,-0.019374886527657509   0.50524860620498657 0.0023112387862056494,-0.020474681630730629    1.6813939809799194  0.028563652187585831,  0.24820901453495026  0.018836125731468201  0.066823258996009827  0.018836125731468201   0.23777644336223602 -0.013004905544221401  0.066823258996009827 -0.013004905544221401   0.18220692873001099,  -0.66640013893071171   -0.20367674591259544   -0.65452421435718833    0.47023218619113294    0.45564979356260693   0.097345121408132229 2.8536772944676159e-05,0.3474271297454834
IIWA_7,1715791941.8907378,-0.45381203743921633   1.1215855127527685  0.11376498865438579  -1.3827300425445941  -1.9559801490162332  -1.7870495679637493 -0.94629878639438381, 0.16541456552888872 -0.10879892344751441  0.94291144839180396 -0.81658897465461677  0.20011615281129311  0.89583969811143127 -0.68282053881343363, -12.510932193756103   60.663301605224611   -10.49935115814209  -9.4525853919982907  -1.3548969841003418    1.808934097290039 0.054401523590087889, 36.203100914786688  2.4179130597055831   14.31203852991241   -8.43093804383461  2.0789352770761749  1.5757337612412772 0.21991802446009712,  0.54898881912231445 0.0058662006631493568   0.20502211153507233, -0.69161272048950195 -0.012436416931450367  0.010767155326902866   0.72208118438720703,-0.023654419928789139   0.52343440055847168  0.006171676330268383,-0.020181342959403992    1.6820179224014282  0.028188854455947876,  0.24831202626228333  0.018215030431747437  0.066882804036140442  0.018215030431747437   0.23804570734500885 -0.012392107397317886  0.066882804036140442 -0.012392107397317886    0.1819768100976944, -0.64297610835239993  -0.19336180443918494  -0.62653340003659963   0.45717172350734359   0.45073858417143953  0.099309587803020349 2.908974394699726e-05,0.35992872714996338
IIWA_7,1715791941.8957357,-0.45264968742729628   1.1209581385542589  0.11893893813669125  -1.3874754960240763  -1.9542127155183282  -1.7820424989014547 -0.95064372706218914, 0.17882565289991317 -0.11213410669839821  0.96128713800566146 -0.84308931890298089  0.23079026216523368  0.91695452098092645 -0.72005405776296016, -11.931560562133789   59.688720554351804  -10.056522579193116  -7.5016745948791499  -1.0722966384887695   1.4404722442626954 -0.15719704055786132, 35.941861968049601   2.501512879849773  13.728570688799824 -8.3773217160938227  1.9714917738309554   1.762758439848978 0.39302118083921234,  0.54883480072021484 0.0089112073183059692   0.20508915185928345,  -0.6905866265296936 -0.013237113133072853 0.0096119660884141922   0.72306466102600098,-0.027954455465078354   0.54103595018386841 0.0092869997024536133,-0.019804561510682106    1.6826268434524536  0.027702806517481804,  0.24843573570251465  0.017576785758137703  0.066932059824466705  0.017576785758137703   0.23830589652061462 -0.011764921247959137  0.066932059824466705 -0.011764921247959137   0.18173594772815704,  -0.61909977388996396   -0.18290228748174542   -0.59802609672843232    0.44383470462427965    0.44564543513203603    0.10120331308005603 2.9600571771482009e-05,0.37205001711845398
IIWA_7,1715791941.9007351,-0.45139745579505858   1.1202836663186351  0.12420504623948976  -1.3922592989687139  -1.9522876655244659  -1.7767982619558453 -0.95504193757859313, 0.19314978760943852 -0.11668617478366977  0.97967403451646962 -0.86582357290789069  0.26163420948668048  0.94333309460911652 -0.75197166686652772, -12.851027374267579   60.613564365386964  -10.884074993133545  -10.180655441284179  -1.1594537544250487   1.6750996742248536 -0.13950820159912108,  35.68460114959661  2.6599421443755906  13.115861014520808 -8.4036566479674164  1.8274133436798961  1.9175843497427234 0.57735147796208941, 0.54872846603393555 0.012058389373123646   0.2051948606967926, -0.68956190347671509  -0.01406092569231987 0.0083658993244171143   0.72404193878173828,-0.02967526949942112  0.55918532609939575 0.013377822935581207,-0.019370183348655701    1.6832140684127808  0.027327531948685646,  0.24855299293994904  0.016918780282139778  0.066985361278057098  0.016918780282139778   0.23855559527873993 -0.011113552376627922  0.066985361278057098 -0.011113552376627922    0.1815110445022583,  -0.59468395930650786   -0.17214033628487613   -0.56870857668211983      0.430212282195086     0.4403498091116731    0.10291377073556873 3.0049475796545266e-05,0.38448581099510193
IIWA_7,1715791941.9057715,-0.45008656135591668   1.1196359788874599  0.12949464341969394  -1.3972990849914186  -1.9502277209525789  -1.7712705981568444 -0.95946076097887845, 0.20695560765322668 -0.11925643707394218  0.99532311482134284 -0.89425029923450128  0.29170515046482293  0.97577302764733076 -0.77833026950463502,-12.719290901184083   62.52105472564697 -10.825089874267578 -11.254712829589844 -1.6788749504089355  1.4237846603393554 0.17388462448120118,  35.44345201168526  2.8509199031273833  12.511138390248558 -8.4771912872339037  1.6665465731973512  2.0370043236314896 0.76209290615606395,  0.5486607551574707 0.015295323915779591  0.20532609522342682, -0.68855452537536621 -0.014875050634145737 0.0070474538952112198   0.72499775886535645,-0.029697289690375328   0.57727700471878052  0.017708268016576767,-0.018895868211984634    1.6837787628173828  0.026938712224364281,  0.24866858124732971  0.016241515055298805  0.067039243876934052  0.016241515055298805   0.23879319429397583 -0.010440687648952007  0.067039243876934052 -0.010440687648952007   0.18129928410053253,  -0.56975119693980503   -0.16112858249783812   -0.53866440364824797    0.41631070332481812    0.43483531540111642    0.10437087395853695 3.0421373864442103e-05,0.39684069156646729
IIWA_7,1715791941.9107347,-0.44870993345382154    1.119054444452757  0.13485656540785457  -1.4025324761338069  -1.9480455375341397  -1.7654980966251308 -0.96385657472188713, 0.22062960220638694 -0.11866652704726893   1.0107353713834994 -0.92473588508313309  0.32065145710942766   1.0115184833864088 -0.79849676532405534, -12.473293201446534   60.839398319244388   -9.627779998779296  -9.3698301506042476 -0.88389640808105463   1.3647106132507325 -0.11948310089111328,35.217736499757351 2.8673570201102554 12.012505204722046 -8.442758724716473 1.5693172636187336  2.102674158210331 0.8986052935886224, 0.54855453968048096 0.018617251887917519  0.20538944005966187, -0.68756163120269775 -0.015544150024652481 0.0057560442946851254   0.72593683004379272,-0.031477402895689011   0.59513324499130249   0.01849886029958725,-0.018510228022933006    1.6843162775039673  0.026473687961697578,   0.24882030487060547   0.015537863597273827   0.067073032259941101   0.015537863597273827    0.23902083933353424 -0.0097491703927516937   0.067073032259941101 -0.0097491703927516937    0.18106432259082794,  -0.54403882031905937   -0.14992352528686581   -0.50781590618065309    0.40195077936377999    0.42901128349281947     0.1055244585392856 3.0701023945312045e-05,0.4090292751789093
IIWA_7,1715791941.9157686,-0.44727044828229739   1.1184383353728216  0.14033071959365084  -1.4077799488107665  -1.9457072714150896   -1.759429165318932 -0.96820930512139336, 0.23408308862607541 -0.11957758483523429   1.0275544645386505 -0.94968761514488953  0.35005181044954536   1.0519720389570786 -0.81290662823949367, -12.625193420410156   58.816302482604982   -10.75025800704956  -7.1592087554931636  -1.1726593780517578   1.2211973915100098 -0.25865755081176756, 34.988160193741138  2.7511879095868368  11.571151484310874 -8.3205504671400004  1.5219357658660311  2.1349032221351849 0.99154414606121843, 0.54841643571853638 0.022037789225578308  0.20539161562919617, -0.68656468391418457 -0.016085686162114143 0.0045157750137150288   0.72687673568725586,-0.034414149820804596   0.61333954334259033  0.016746774315834045,-0.01820114441215992   1.6848316192626953 0.025968736037611961,   0.24900253117084503    0.01480905432254076   0.067089162766933441    0.01480905432254076    0.23923854529857635 -0.0090352203696966171   0.067089162766933441 -0.0090352203696966171    0.18080981075763702, -0.51758789185729626  -0.13847000438715895  -0.47605783579207639   0.38716853613163238   0.42295006264048141   0.10652334138860908 3.091532629895255e-05,0.42144906520843506
IIWA_7,1715791941.9207354,-0.44576600850099868   1.1177729712469822  0.14584639919842596  -1.4130416226864342  -1.9432444652328684  -1.7529863261275094 -0.97249714101590112, 0.24744406215280901 -0.12227663290176327    1.042670755821925 -0.97021704714261858  0.37855369564848296   1.0992911988225682 -0.82183873837190546,  -12.660143913269042    59.918587257385255   -11.341869945526122   -9.3354955291748052  -0.93583852767944331    1.4688411369323731 -0.095119228363037114, 34.792132567922408  2.7028721730247676  11.125768489143915 -8.2736888601377654   1.440622556961626  2.1294980369996499  1.0842361544838572, 0.54832643270492554 0.025538189336657524   0.2054109126329422,-0.68560338020324707 -0.01656961627304554 0.003219331381842494   0.7277795672416687,-0.035044927150011063   0.63107860088348389    0.0160652045160532,-0.017868012189865112    1.6853219270706177  0.025653481483459473,   0.24918283522129059   0.014057972468435764   0.067104950547218323   0.014057972468435764    0.23944027721881866 -0.0082982201129198074   0.067104950547218323 -0.0082982201129198074    0.18057163059711456,  -0.49052080812739263   -0.12677160782548214   -0.44346676325712764     0.3721119995931943     0.4165992967468668    0.10714586054483277 3.1031174074769297e-05,0.43348842859268188
IIWA_7,1715791941.9257591,-0.44421770663210197   1.1171399045480341  0.15138826430521798  -1.4185411236344587  -1.9406635424972551  -1.7462552064311285 -0.97668490856682899, 0.25988732447811547 -0.12314397427933166   1.0558112089292211  -0.9961536756350764  0.40607986594331752   1.1486777469132887 -0.82498169273463917, -12.071362533569335   61.277623729705809  -10.477341785430909  -10.425399665832519  -1.4464559745788574   1.1397619819641114 0.035711429595947267, 34.649169954908842  2.6768688088363106  10.741132838711678 -8.2875222057239757  1.3471519448874516  2.0556250687129891  1.1710069917542114, 0.54828643798828125 0.029095318168401718  0.20541925728321075, -0.68473184108734131 -0.016963886097073555 0.0018671671859920025   0.72859525680541992,-0.033743072301149368   0.64752280712127686  0.015078498050570488,-0.017521090805530548    1.6857746839523315  0.025509301573038101,   0.24936401844024658   0.013285604305565357   0.067117393016815186   0.013285604305565357    0.23962381482124329 -0.0075419261120259762   0.067117393016815186 -0.0075419261120259762    0.18034972250461578,  -0.46287324706106858   -0.11488990636188134   -0.41016128381166084    0.35679151725442892    0.40991646201060661    0.10718078092253336 3.1019994573000531e-05,0.44457176327705383
IIWA_7,1715791941.9307353,-0.44258551507637578   1.1165401540028452   0.1570254639863263  -1.4242100814357195  -1.9379936489850276  -1.7392034488072055 -0.98075181512138232, 0.27319752181154011 -0.12250520123102149   1.0701369543877095  -1.0236812525584913  0.43165963324375695   1.2010125024875538 -0.82266161636984458,  -10.84675103378296    60.07048747634888  -10.040675830841064   -7.649577579498291 -0.86804965972900394   1.4121033515930175 -0.21627108764648437,  34.51376653645233   2.496659941649443  10.445489698823799 -8.1843298686630277  1.3150124946869082  1.9527092903485235  1.2042175196229126, 0.54820317029953003 0.032727710902690887  0.20535790920257568,  -0.68388879299163818  -0.017171865329146385 0.00059133645845577121    0.72938394546508789,-0.034675285220146179    0.6636577844619751  0.011525009758770466,-0.017279859632253647    1.6861854791641235  0.025358829647302628,   0.24958078563213348   0.012489617802202702   0.067106969654560089   0.012489617802202702    0.23979341983795166 -0.0067665404640138149   0.067106969654560089 -0.0067665404640138149    0.18010690808296204,  -0.43453944668581101   -0.10283200459504371   -0.37605552367114825    0.34104862951611636    0.40294758184433732    0.10690965197834856 3.0924393712439269e-05,0.45549681782722473
IIWA_7,1715791941.9357655,-0.44085391447519456    1.115901095261326  0.16275859732601666  -1.4298409294273475  -1.9351771643962605  -1.7317640615194789 -0.98469330689737666, 0.28782204149648072 -0.12356651064558762   1.0854348970977821  -1.0441789217119153  0.45798709014568728   1.2583854934991043  -0.8157889641356495, -12.176214012145996   58.211390106201172  -10.945701236724853  -8.0844827842712395 -0.98249839782714843    1.603676815032959 -0.14451447677612306, 34.347989183469934  2.2219210872390152  10.178112542513684 -8.0045326606880796  1.3305941389025469  1.8253802444236338  1.1978631297806697, 0.54809552431106567 0.036472123116254807  0.20524264872074127,   -0.68308025598526001   -0.017240017652511597 -0.00060234172269701958     0.73013961315155029,-0.036686446517705917   0.68101584911346436 0.0065665142610669136,-0.017175488173961639    1.6865631341934204  0.025295943021774292,   0.24982042610645294   0.011668873950839043   0.067079439759254456   0.011668873950839043    0.23994962871074677 -0.0059631583280861378   0.067079439759254456 -0.0059631583280861378    0.17985406517982483,  -0.40547107062138821  -0.090460128831182374   -0.34087373659108522    0.32484189247838913      0.395763775843605    0.10643907136476116 3.0770832104565216e-05,0.46730610728263855
IIWA_7,1715791941.9407349,-0.43907887099268506   1.1152143391802603   0.1685010184353215  -1.4356187639216738   -1.932241700363319   -1.724026985965794 -0.98849494271333183, 0.30125937249756496 -0.12632345175909893   1.0980447620504195  -1.0664565171425813  0.48380823343421131   1.3161914169466822 -0.80469660394672615,  -11.629104373931884    60.325894924163819   -11.256473579406737   -10.520480155944824   -1.3161604881286622     1.209516082763672 -0.088444194793701178, 34.205384487850054   2.026873064566967   9.909974749967617 -7.9159119064797254  1.3072764124184766  1.6510054534112779  1.1957964856187291, 0.54805374145507812 0.040303986519575119  0.20513218641281128,  -0.68235504627227783  -0.017228342592716217 -0.0018336261855438352      0.730815589427948,-0.03590581938624382  0.69836926460266113 0.002791187260299921,-0.017034934833645821    1.6869087219238281  0.025419006124138832,   0.25005385279655457   0.010825368575751781   0.067051470279693604   0.010825368575751781    0.24008564651012421 -0.0051340712234377861   0.067051470279693604 -0.0051340712234377861    0.17962506413459778,   -0.3757515007825063  -0.077817179678696391   -0.30473600213110075    0.30834723364137062    0.38827251559148124    0.10546341686712424 3.0519394123018628e-05,0.47904816269874573
IIWA_7,1715791941.9457641,-0.43722760778182707   1.1145733629763914   0.1742750778915588  -1.4416310098790106  -1.9292338517667107  -1.7160347064053869 -0.99216391321668274, 0.31505802643237157 -0.12669780956203219   1.1093981878898274   -1.093655052007539  0.50736053061170105   1.3726443159736277 -0.79051610329141742,  -11.190878963470459    60.866283313751218   -10.232597560882569   -9.2589029121398916   -1.1039901351928711    2.0856142387390135 -0.023028865814208984, 34.09788370894848 1.8004691235831727 9.7084681071257606 -7.798817176685314  1.298390881574107  1.459132720133125 1.1661818817133458,  0.5480009913444519 0.044186774641275406  0.20499728620052338,  -0.68169635534286499  -0.017061768099665642 -0.0030250768177211285    0.73142999410629272, -0.035963136702775955    0.71424347162246704 -0.0012325221905484796,-0.016889104619622231    1.6872069835662842  0.025697734206914902,   0.25030538439750671  0.0099652213975787163    0.06700761616230011  0.0099652213975787163    0.24020253121852875 -0.0042891590856015682    0.06700761616230011 -0.0042891590856015682    0.17939545214176178,  -0.34557757014130885  -0.065062639506230369   -0.26798665576688308    0.29155971552086157    0.38051843580877431    0.10406290335307489 3.0182927268640469e-05,0.48983243107795715
IIWA_7,1715791941.9507587, -0.4353002448340067   1.1139373600882263  0.18013704172823741  -1.4476613520645307  -1.9260961899436622  -1.7076660621906674 -0.99568697572173015, 0.32914093905871189 -0.12679836317623061   1.1219971037790064  -1.1161377290268359  0.53139489741130208   1.4328612213676821 -0.77333538283503056,  -12.182935260772705    59.152364913940431   -10.995002231597899   -6.5526304435729976  -0.85572441101074215    1.2849439620971679 -0.070087852478027346, 33.955081981533766  1.4271110153116073  9.5667901568747418 -7.5432180971032841  1.3629747761983677  1.2653386150068022  1.0870348497369589, 0.54788076877593994 0.048163324594497681  0.20478852093219757,  -0.68106967210769653  -0.016724733635783195 -0.0040794732049107552    0.73201626539230347, -0.039022110402584076    0.73063594102859497 -0.0073976521380245686,-0.016900714486837387    1.6874606609344482  0.026030117645859718,   0.25059247016906738  0.0090877385810017586   0.066936612129211426  0.0090877385810017586    0.24030366539955139 -0.0034214758779853582   0.066936612129211426 -0.0034214758779853582    0.17914420366287231,  -0.31490363172714808   -0.05208990062399721   -0.23037390393110257     0.2743570897969505    0.37263371930862377    0.10254628557593293 2.9815432789348506e-05,0.50111204385757446
IIWA_7,1715791941.9557354,-0.43334298123269038     1.11325737523016  0.18602417234006516  -1.4536921735610968    -1.92283801470656  -1.6990947048555627 -0.99906395045956087, 0.34160329529962219 -0.12863808486363676   1.1330829074963149  -1.1341430430841122  0.55544292741312751   1.4891432704983347 -0.75374729578125321,  -12.544538436889649    60.048979480743405   -11.918515510559082   -9.8390699768066412  -0.90326465606689454    1.4925375061035155 -0.070087852478027346, 33.832674662347678  1.0696476704193627   9.442709369926515 -7.3260323249151824  1.4135044096026128  1.0266813138473654 0.99960008460099736, 0.54779285192489624 0.052221275866031647  0.20455338060855865,  -0.68051916360855103  -0.016265543177723885 -0.0051221712492406368    0.73253178596496582,-0.040456093847751617   0.74695169925689697 -0.013392367400228977,-0.016909755766391754    1.6876782178878784  0.026437338441610336,  0.25088617205619812  0.008188026025891304  0.066856153309345245  0.008188026025891304   0.24038319289684296 -0.002528494456782937  0.066856153309345245 -0.002528494456782937   0.17890478670597076,    -0.283563006333587  -0.038868800334768139   -0.19175470214527479    0.25683940492005064    0.36445269660756452    0.10057079494441012 2.9371227228125463e-05,0.51232552528381348
IIWA_7,1715791941.9607348,-0.43135485824670344   1.1126099274545078  0.19189955841319006  -1.4599832324848645   -1.919491347960256  -1.6902356063222388  -1.0022985526907371, 0.35280755567917538 -0.12880837891699648   1.1414817689220482  -1.1589567914179972  0.57822101178266272   1.5456785577316237 -0.73238192587205142,  -11.375041175842286    62.046534572601317   -11.360357818603516   -10.060044078826904   -1.5697084617614745    1.8222841644287109 -0.051731510162353514, 33.765144220301067 0.78445097807284159  9.3373030777028294 -7.1617480075433866  1.4314189819811456 0.79314075224004421 0.91175746590686035, 0.54772323369979858 0.056304797530174255  0.20433332026004791, -0.68002355098724365  -0.01570863276720047 -0.006154221948236227   0.73299616575241089,-0.041069846600294113   0.76096171140670776 -0.017628304660320282,-0.016826773062348366    1.6878455877304077  0.027035338804125786,   0.25118225812911987   0.007280194666236639   0.066767163574695587   0.007280194666236639    0.24043996632099152 -0.0016241605626419187   0.066767163574695587 -0.0016241605626419187    0.17868080735206604,  -0.25203065924550572  -0.025609077286325999   -0.15272145540734527    0.23923435247752423    0.35609683847681595   0.098250810442124248 2.8869760804184352e-05,0.52194666862487793
IIWA_7,1715791941.9657359,-0.42928572187649433   1.1119972339839184  0.19784493240748613   -1.466356383406332  -1.9160559020744894  -1.6812160389449939  -1.0054260159222843, 0.36501149935170479 -0.12755444195717536   1.1510003749094813   -1.182091469993098  0.59999464485679455   1.5973255412750931 -0.71100406995953003, -11.448974910736084   59.392985614776613  -10.989719982147216  -6.7471932983398437 -0.16463010787963867    1.352361801147461 0.053734020233154295, 33.696416128715434 0.34252636019416782  9.3290429964759607 -6.8610537035555934  1.5173974940757207 0.53881384152418921 0.77225126719268378, 0.54758095741271973 0.060443848371505737  0.20402683317661285,  -0.67958420515060425  -0.014936960302293301 -0.0070607820525765419    0.73341149091720581,-0.044762752950191498   0.77430850267410278 -0.024507489055395126,-0.016849584877490997    1.6879590749740601  0.027770068496465683,    0.25151914358139038   0.0063570025376975536    0.066646501421928406   0.0063570025376975536     0.24047727882862091 -0.00070195290027186275    0.066646501421928406 -0.00070195290027186275     0.17843282222747803,  -0.22003311196261421  -0.012213552261108873   -0.11293838643666732     0.2212423780525441    0.34752174736407682   0.095613099833968818 2.8318043021613448e-05,0.53131186962127686
IIWA_7,1715791941.9707389,-0.42717332250295298   1.1113152117811997  0.20384807036412156  -1.4726660178693285   -1.912460155376376  -1.6719794372572701  -1.0084538903394635,  0.3765051744230179 -0.12932444167448526   1.1609258181930022  -1.1980585545143376  0.62382558380996989     1.64732450052903 -0.68991823265479291,  -11.544416641235351    60.539630630493164   -11.842803268432617   -8.5079431152343741    -1.299433364868164    2.1780634536743162 -0.070087852478027346,  33.589830613650392 -0.10991820026129828   9.2988783306805605   -6.518898123580029   1.6196632963258049  0.31236558501255773  0.62016484121925997, 0.54740363359451294 0.064666800200939178  0.20370185375213623,  -0.67915970087051392  -0.014078461565077305 -0.0078731421381235123    0.73381328582763672,-0.049415059387683868   0.78825920820236206 -0.030756998807191849,-0.016901740804314613    1.6880290508270264  0.028483686968684196,   0.25187262892723083  0.0054253921844065189   0.066507212817668915  0.0054253921844065189    0.24049389362335205 0.00024153258709702641   0.066507212817668915 0.00024153258709702641    0.17818346619606018,  -0.18779685124936663  0.0013669582932251956  -0.072397313919836392    0.20302440223929352    0.33892377081556901   0.092979547932969808 2.7769647026332223e-05,0.54117113351821899
IIWA_7,1715791941.9757662,-0.42499518966645833    1.110661951622806  0.20985060912740819   -1.479150442257257  -1.9087768757038861  -1.6626236524890812  -1.0113854114554586, 0.38832945299820038 -0.12958995967533748   1.1688422050858671  -1.2178238191286106  0.64639165394757336   1.6920909911507793 -0.66919543076363597,  -10.14505267715454    62.50492372894287  -11.209813709259032  -10.266051807403564 -0.94464227676391599   1.1968335189819337 -0.15452702713012695,  33.537749449525478  -0.4173429699142564   9.2442565399268481  -6.2995224137637802   1.6507003967826988 0.085490407552375469  0.49216624703980494, 0.54727315902709961 0.068921878933906555  0.20342226326465607,  -0.67879074811935425  -0.013164385221898556 -0.0087266238406300545     0.7341618537902832,-0.051459763199090958   0.80062335729598999 -0.034000709652900696,-0.016860738396644592    1.6880500316619873  0.029452579095959663,  0.25221788883209229 0.0044854269362986088  0.066365107893943787 0.0044854269362986088   0.24048522114753723 0.0011978367110714316  0.066365107893943787 0.0011978367110714316    0.1779617965221405,  -0.15531311206906651   0.015008878824218641  -0.031329378424871379    0.18473963244769465    0.33012057569692388   0.089959652322946226 2.7169067884358356e-05,0.5497976541519165
IIWA_7,1715791941.9807386,-0.42271387252825354   1.1100431462273423  0.21592619166522001  -1.4857717864160074  -1.9049794103085453  -1.6531411944508596  -1.0142578504491968, 0.40191624792675174 -0.12842418355881646   1.1780970655811664  -1.2391128216529035  0.66901193897168909   1.7329711144494861 -0.65025390436043817, -8.8680154380798335   60.039569732666017  -10.847979621887207  -7.1750555038452148 -0.66644380569458006   2.4016770782470704 -0.20091851043701173,  33.449924546455087 -0.81090599920391404   9.2216059732538014  -5.9701116918853687   1.7289604128780764  -0.1139545762839389   0.3335035612560866,0.54706782102584839 0.07323852926492691 0.20310361683368683,  -0.67843770980834961  -0.012125813402235508 -0.0094520067796111107        0.7344970703125, -0.05637744814157486   0.81287598609924316 -0.038196634501218796,-0.016749599948525429    1.6880134344100952  0.030481025576591492,  0.25259298086166382 0.0035426621325314045  0.066195346415042877 0.0035426621325314045   0.24045549333095551 0.0021694607567042112  0.066195346415042877 0.0021694607567042112   0.17772570252418518,   -0.1227497288587287   0.028747123294259325   0.010294992017989557    0.16624130787423752    0.32131802773704976    0.08694198281578025 2.6574710432214488e-05,0.55853402614593506
IIWA_7,1715791941.9857349,-0.42031648826771412   1.1093513568348801  0.22207110304424421  -1.4923085220304428   -1.901018192537729  -1.6435690344521503  -1.0171027855628343, 0.41742836876297845 -0.13041092254554448   1.1882741076259014  -1.2527596818997413  0.69365826201000613   1.7692632915079614 -0.63400052803384976, -10.365509632110596   60.800415077209472  -11.377084941864014  -8.3662027549743652  -1.4983980941772461   1.4274559288024902 0.049729000091552733,  33.294495170051832  -1.2460917393736897    9.168814133743318  -5.5629048170269355   1.8365856983504183 -0.27947207401538821  0.15925226266442327, 0.54680150747299194 0.077657431364059448  0.20276948809623718, -0.67807990312576294 -0.011008926667273045  -0.01006686594337225   0.73483675718307495,-0.063097193837165833   0.82666218280792236 -0.042183909565210342,-0.016706744208931923    1.6879311800003052  0.031411498785018921,  0.25299128890037537  0.002594023710116744  0.066001556813716888  0.002594023710116744   0.24040302634239197 0.0031642219983041286  0.066001556813716888 0.0031642219983041286   0.17748299241065979, -0.089984329505909955   0.042687571656152556   0.052769317170131558    0.14748399931541201    0.31254105401856691   0.084041444408100574 2.6003021069698207e-05,0.56844371557235718
IIWA_7,1715791941.9907386,-0.41784989515734844   1.1086695742876842  0.22822062820114603  -1.4990039885771962  -1.8969633060875508  -1.6339898039064749   -1.019924770905805, 0.43260641942500988 -0.13160003992427016   1.1966002923767936   -1.270026407389927  0.71712206761513098   1.7985798550333869 -0.62007983614590922, -9.1919796218872065   63.643503246307375  -12.210799980163573  -9.7897689819335945 -0.63475030899047846   2.5521990852355958 0.026700134277343749,  33.137231601772697  -1.5106389248198249   9.0367286447133992  -5.2687587959921878   1.8760266244863608 -0.40349361634658942 0.022436318763386698, 0.54656302928924561 0.082145251333713531  0.20251213014125824,  -0.67773860692977905 -0.0099184196442365646  -0.010702789761126041    0.73515808582305908,-0.067605376243591309   0.84034931659698486 -0.042361166328191757,-0.016514567658305168    1.6877971887588501  0.032442271709442139,  0.25337818264961243 0.0016455363947898149  0.065805189311504364 0.0016455363947898149   0.24032449722290039 0.0041729439981281757  0.065805189311504364 0.0041729439981281757   0.17727062106132507, -0.057207673851422669   0.056693743746727421   0.095764541742759945     0.1287356767623038     0.3037740541564915   0.081102251335174458 2.5435604733559103e-05,0.57808214426040649
IIWA_7,1715791941.9957597,-0.41528652932136279   1.1080511882075732  0.23437788331222187  -1.5057792701214741  -1.8927469681294498  -1.6243302189474531  -1.0227622159389576, 0.44861976897943406 -0.13001547514385614   1.2035704383444688  -1.2870323876830563  0.74235117241614712   1.8252472823875796 -0.60956167024282859,  -9.808990245819091    61.42683544921875  -11.095364971160889  -7.0658890151977536  -1.3874708557128905   1.6637521171569825 -0.14518198013305664,  32.945224160740729  -1.8259641732909564    8.912560487528566  -4.8804265823408048   1.9525060008968058 -0.47970519550237833 -0.13231769507326607, 0.54623681306838989 0.086691014468669891  0.20224969089031219,   -0.6773838996887207 -0.0087617542594671249  -0.011223065666854382    0.73549187183380127,-0.075019076466560364   0.85349911451339722 -0.042748495936393738,-0.016183095052838326    1.6876058578491211  0.033505219966173172,   0.25379130244255066 0.00070275255711749196   0.065581656992435455 0.00070275255711749196     0.2402227371931076  0.0051937820389866829   0.065581656992435455  0.0051937820389866829    0.17704795300960541, -0.024590866915197296   0.070740309675798585     0.1391806135524476    0.10988345876938865    0.29512870999237606   0.078348050551291237 2.4899472705897097e-05,0.58756160736083984
IIWA_7,1715791942.0007596,-0.41265551266915756   1.1073589195040654  0.24059110469650752  -1.5124809085887947  -1.8884047479499826   -1.614709223327276  -1.0256560467788389, 0.46413648127175611 -0.13170312825539704   1.2113852060470012  -1.2976914488392706  0.76756974511160458     1.84503765071715 -0.60340256978951778,  -10.491869106292725    61.316606971740725   -12.767196922302245   -9.4710732650756828  -0.78969629287719723    2.4120233802795412 -0.050396503448486327,  32.945224160740729  -1.8259641732909564    8.912560487528566  -4.8804265823408048   1.9525060008968058 -0.47970519550237833 -0.13231769507326607, 0.54623681306838989 0.086691014468669891  0.20224969089031219,   -0.6773838996887207 -0.0087617542594671249  -0.011223065666854382    0.73549187183380127,-0.075019076466560364   0.85349911451339722 -0.042748495936393738,-0.015842391178011894    1.6873674392700195  0.034314632415771484,   0.25379130244255066 0.00070275255711749196   0.065581656992435455 0.00070275255711749196     0.2402227371931076  0.0051937820389866829   0.065581656992435455  0.0051937820389866829    0.17704795300960541, -0.024590866915197296   0.070740309675798585     0.1391806135524476    0.10988345876938865    0.29512870999237606   0.078348050551291237 2.4899472705897097e-05,0.58756160736083984
IIWA_7,1715791942.0057642,-0.40998237129554155   1.1066788147636961   0.2467687329268588   -1.519339600399773  -1.8839292631554796  -1.6050738465213115  -1.0286234007042914, 0.47823483996204558 -0.13256669221908884   1.2162132940516523  -1.3125008315105491  0.79307518786940345   1.8614451928122997 -0.60141621284971203,   -9.8614159851074223      64.81300050735473    -12.481075077056884    -9.2307309150695804   -0.99922552108764651     1.6440607681274415 -0.0016687583923339843,  32.534783295573924   -2.422699331017832   8.6403850058732097  -4.0958399064538629   2.0864923883523501 -0.57638004523476916 -0.41530187745278357,0.54548412561416626 0.09594910591840744 0.20176702737808228, -0.67665785551071167 -0.006367185153067112 -0.012159835547208786   0.73616963624954224,-0.090026132762432098   0.87823474407196045 -0.041567392647266388,-0.01529200654476881   1.6873565912246704 0.035090643912553787,     0.254659503698349 -0.0011729060206562281    0.06507805734872818 -0.0011729060206562281    0.23994064331054688  0.0072707603685557842    0.06507805734872818  0.0072707603685557842    0.17661707103252411, 0.040490759281475164  0.098930859478763011   0.22749702935165317  0.072082319113597748   0.27792832624573549  0.072976346294773009 2.385909070312664e-05,0.60556566715240479
IIWA_7,1715791942.0107613,-0.40723624614309339   1.1060703157556313  0.25297044953704767  -1.5262010485219726  -1.8792894505504465  -1.5955010874383364  -1.0316820146238381, 0.49243287806756264 -0.13039331409786353   1.2210392996488766  -1.3244585900964223  0.82005265449684683   1.8720665175688422 -0.60347752706164004, -9.1153573875427245   60.946938297271728   -10.98883960723877  -7.7164860725402828 -0.70253917694091794   2.8435643005371092 -0.12649188613891602,  32.353789153793485  -2.6539492680839252   8.4954741526271746  -3.7084428413314257   2.1358210032810345 -0.56932433540475502 -0.54730170725605176,0.54502516984939575 0.10062165558338165  0.2015567272901535,  -0.67628645896911621 -0.0051343971863389015   -0.01258146483451128    0.73651337623596191,-0.098993003368377686   0.88850623369216919 -0.040211312472820282,-0.015286346897482872    1.6867320537567139  0.035077657550573349,   0.2551179826259613 -0.002098089549690485  0.064794525504112244 -0.002098089549690485   0.23976148664951324 0.0083188563585281372  0.064794525504112244 0.0083188563585281372   0.17640364170074463,  0.072729423023609741    0.11297087254558136    0.27210543295197454   0.053186090498869021    0.26941469911001548      0.070367125032611 2.3354993494706378e-05,0.61331045627593994
IIWA_7,1715791942.0157373,-0.40438777564688982   1.1053652237908598  0.25924976392211246  -1.5330053318751817  -1.8744943224915416  -1.5859060974421801  -1.0348765895830323, 0.50788512230219296 -0.13251832986915207   1.2280040151216931  -1.3317382062055039  0.84784724595367422   1.8814528139013245 -0.61056502001707902,  -8.2698243103027345    62.003518581390381   -12.473151702880859   -9.6295407485961917   -1.1189565086364746    1.2912852439880371 -0.048393993377685546,  32.161069634164811  -2.9097622088524835    8.342928036882487  -3.2965842620245982   2.1886558352020922 -0.54102744629048516   -0.671972605759939,0.54452228546142578 0.10533745586872101 0.20135997235774994,  -0.67587226629257202 -0.0038931819144636393  -0.012972168624401093    0.73689430952072144,  -0.1081305593252182   0.89832204580307007 -0.038626186549663544,-0.013903620652854443    1.6863185167312622  0.036438833922147751,   0.25559431314468384 -0.0030145409982651472   0.064489066600799561 -0.0030145409982651472    0.23955495655536652  0.0093750720843672752   0.064489066600799561  0.0093750720843672752    0.17619161307811737,   0.10478390432400175    0.12699644974656366    0.31711094779041105   0.034336827176240092      0.260978844687898   0.067946313211386666 2.2869905080824537e-05,0.62082737684249878
IIWA_7,1715791942.0207648,-0.40143132730218545   1.1046733146251777  0.26552632199595605  -1.5399393444608607   -1.869558259968203  -1.5764420951699676   -1.038205387779354, 0.52456603162992943 -0.13369103052260445   1.2334655350510979  -1.3427510683915607  0.87572029769648174   1.8837223420095619 -0.62160394386653128, -7.6864199295043942   63.815567211151127  -12.015356750488282  -10.236119060516357  -1.0018666458129883    2.969054931640625 0.020358852386474609,  31.947824058978249  -2.9757663105158145   8.0755532612547452  -3.0089541529740993   2.1772895402710701   -0.468769558225687 -0.75062781536537759,0.54402238130569458 0.11011479794979095 0.20125886797904968,  -0.67545747756958008 -0.0027417016681283712  -0.013422073796391487    0.73727166652679443, -0.11554576456546783   0.90851855278015137 -0.033608678728342056,-0.01299227774143219   1.6858572959899902 0.036956597119569778,   0.25606077909469604 -0.0039246850647032261   0.064178623259067535 -0.0039246850647032261    0.23932035267353058    0.01044122502207756   0.064178623259067535    0.01044122502207756    0.17601004242897034,   0.13676099998161106    0.14102186654962878    0.36263745974096651   0.015553138123181043    0.25262181787422122   0.065598015093648598 2.2400460153448876e-05,0.62844002246856689
IIWA_7,1715791942.0257599,-0.39834976361197183   1.1040042952344695  0.27183026395851423  -1.5468639495037053  -1.8644500081477846  -1.5668940234420126  -1.0416988492821213, 0.54291537291248826 -0.13371360004641081   1.2389301065432057  -1.3511850564270345  0.90490631097392171   1.8889007427258504  -0.6370216152039172, -7.1742607841491699   60.660613105773926  -11.604221668243408  -7.8872788047790525  -1.0018666458129883   1.7391799964904786 0.060742805480957028,  31.659583875503525  -3.1366658792751148   7.8126869799081176  -2.5828338148465306   2.2304149051116213 -0.34258690798891145 -0.83468316124355468,0.54342097043991089 0.11495652049779892 0.20118354260921478, -0.67498910427093506 -0.001604490214958787 -0.013791338540613651    0.7376970648765564,-0.12580622732639313  0.91909652948379517 -0.02862195298075676,-0.01197524182498455   1.6853352785110474 0.037414930760860443,   0.25655263662338257 -0.0048179756850004196   0.063839606940746307 -0.0048179756850004196    0.23905886709690094   0.011515379883348942   0.063839606940746307   0.011515379883348942    0.17582111060619354,   0.16831115317028633    0.15501305332854542    0.40850312351903284 -0.0031898748442671376    0.24451245100287622   0.063658703107982717 2.1978035391612138e-05,0.63665091991424561
IIWA_7,1715791942.030761,-0.39514793822781569    1.103246772379054  0.27819826157719907  -1.5537286333572549  -1.8591945899903048  -1.5574816732072652  -1.0453722539035202, 0.56240531369623636 -0.13727179425374972   1.2458639899819581  -1.3555353992836094  0.93414177507832796   1.8876146035705765  -0.6565534770190885, -8.3397252960205073   63.187802589416506  -12.807694168090821  -10.519599781036376  -1.3452128601074218   2.6379732666015623 0.045390228271484374,  31.364484688103865  -3.2688248752658851   7.5399624871635078  -2.1979208809027448   2.2676576371192021 -0.23410872984431563 -0.90219945875762586,0.54279464483261108 0.11986607313156128 0.20111781358718872,   -0.67453271150588989 -0.00048759987112134695   -0.014180952683091164     0.73810857534408569, -0.13528339564800262   0.93012356758117676 -0.024327371269464493,-0.010906385257840157    1.6847617626190186  0.037488110363483429,  0.25705716013908386 -0.005706319585442543  0.063480935990810394 -0.005706319585442543   0.23876771330833435  0.012602566741406918  0.063480935990810394  0.012602566741406918   0.17564207315444946,   0.19987514780961391    0.16903161740788875    0.45509028354473458  -0.021941735168340415    0.23641354975190154   0.061700117273133515 2.1557418961037911e-05,0.64520943164825439
IIWA_7,1715791942.0357635,-0.39187762296040202   1.1025607354827234  0.28454462769421779  -1.5606996772481718  -1.8538085917087117  -1.5480136561323576  -1.0492537646036098,   0.580736861653536 -0.13725891125622464   1.2505458366663154   -1.363270075063566  0.96275335132638806    1.888812365852762  -0.6805032096188538, -8.9903421630859377   64.927261734008795  -13.049797267913819  -9.0352876853942874 -0.69901767730712894   1.9267484397888184 -0.10947055053710937,  31.038819668066061  -3.2454742210093723    7.156272713987895  -1.8862474547679371   2.2677480056991861 -0.04618812792662208 -0.92706778734950657,0.54214251041412354 0.12483720481395721  0.2011689692735672,    -0.674033522605896 0.00049489445518702269  -0.014605477452278137    0.73855620622634888, -0.14411355555057526   0.94127696752548218 -0.016292165964841843,-0.009613565169274807    1.6841267347335815  0.037414461374282837,   0.25755414366722107 -0.0065779890865087509   0.063115321099758148 -0.0065779890865087509    0.23844777047634125   0.013694033026695251   0.063115321099758148   0.013694033026695251    0.17549119889736176,   0.23106228537006501    0.18295138647861364    0.50199919957361061  -0.040477719060127981     0.2285691841716897       0.06010850320326 2.1176883358009491e-05,0.65382850170135498
IIWA_7,1715791942.0407596,-0.38855289945338517   1.1019223957077728  0.29089500861393147  -1.5675783227539899  -1.8482321879541028  -1.5385808127869487  -1.0533509313494849, 0.59757842960350271 -0.13534072000300115   1.2544519061215997  -1.3657618802835756  0.99325883124546577   1.8883636264985677  -0.7082892375300881,  -9.1167016372680667    61.061199523925779   -11.910592136383057   -8.8451267051696778  -0.72630929946899414    2.4457322998046873 -0.044055221557617187,  30.711662269011519  -3.3402529484780463   6.8499807936600723  -1.4938071678638909   2.3193449464383313  0.10313835391438619 -0.96325277742872928,0.54140913486480713 0.12984423339366913 0.20117782056331635,  -0.6735459566116333 0.0015057269483804703 -0.015008244663476944   0.73899143934249878, -0.15468578040599823   0.95146763324737549 -0.011632960289716721,-0.0082873906940221786     1.6834272146224976   0.037329334765672684,   0.25808241963386536 -0.0074392836540937424   0.062716513872146606 -0.0074392836540937424    0.23809932172298431   0.014795172959566116   0.062716513872146606   0.014795172959566116    0.17532964050769806,   0.26211263275044416    0.19686501590854277     0.5495156847024063  -0.059057102597570577    0.22075119459241677   0.058504281782667533 2.0795241972848544e-05,0.66212654113769531
IIWA_7,1715791942.0457611,-0.38516855429920632   1.1012021438131183  0.29733940572987771  -1.5744399506451023  -1.8424890597028349  -1.5291054854004691  -1.0576627356324442,  0.6134365498499561 -0.13708265178858181   1.2613374095351295  -1.3670746198713581   1.0243321950470881   1.8897039966580385 -0.73910356134244237,  -7.5587162055969239    63.768518470764157   -12.741666049957276   -9.9253467178344721   -1.2518931198120118     1.388406982421875 -0.051731510162353514,  30.442646783110796  -3.3922107005366087   6.5554416733349248  -1.1733899942324777    2.336046514448765  0.24106702487315701 -0.97480598460889845,0.54067134857177734 0.13485763967037201 0.20121313631534576, -0.67304390668869019 0.0024824866559356451 -0.015484655275940895   0.73943620920181274, -0.16344721615314484   0.95973896980285645 -0.006935404147952795,-0.0068783620372414589     1.6826744079589844   0.036762550473213196,  0.25861817598342896 -0.008289167657494545  0.062301736325025558 -0.008289167657494545   0.23772214353084564  0.015896504744887352  0.062301736325025558  0.015896504744887352   0.17518231272697449,   0.29301094469946776    0.21065197347436282    0.59738526154973215  -0.077473354119561577    0.21290156686504247   0.056866943445754714 2.0395502176029368e-05,0.66901916265487671
IIWA_7,1715791942.0507624,-0.38167383452313131   1.1005486439992018  0.30378715835039399  -1.5813375911145853  -1.8366186112534304  -1.5196774357109339   -1.062198884646538, 0.63053803092296556 -0.13580611398752512   1.2669800324487548   -1.369565314676404    1.054283694013852   1.8888851849078367 -0.77272880963770696, -7.4498319778442381   62.827543663024905  -12.154455986022949    -9.12420555114746 -0.63298955917358402   2.7998428306579588 0.027701389312744139,  30.179332276169131   -3.337772211524511   6.1961386166548458  -0.9249517089749818   2.3258351794972123  0.39832044620039309 -0.95542065411672628,0.53991991281509399 0.13991652429103851 0.20133094489574432, -0.67254078388214111 0.0033830462489277124 -0.016042100265622139   0.73987841606140137,  -0.17121291160583496    0.96803921461105347 3.1703300919616595e-05,-0.0053601944819092751     1.6818523406982422   0.036408361047506332,   0.25915104150772095 -0.0091325659304857254    0.06187647208571434 -0.0091325659304857254    0.23731447756290436   0.017005749046802521    0.06187647208571434   0.017005749046802521    0.17506130039691925,   0.32395741238211428    0.22441649283333476    0.64596266717842354  -0.095855644909548232    0.20505364789435987   0.055232281209960377 1.9989657040753173e-05,0.67589712142944336
IIWA_7,1715791942.0557377, -0.378083959941653  1.0998618880272193 0.31028488531063186 -1.5881524206197994 -1.8305509501978614 -1.5100666864824628 -1.0669722613214736, 0.64802540799750463 -0.13611513006932144   1.2734931043685187  -1.3682454319496899   1.0861333974338416    1.895538117065116 -0.80911811470758976,  -6.4362676849365235    60.151142459869384   -12.610490188598632   -8.8389640808105465   -0.8460402870178223    1.3550318145751954 -0.083437919616699219,  29.864340823894338  -3.3446523730082802   5.8414690657620945 -0.60248508240632481   2.3599242527955178   0.5665446915193133 -0.93901247864262904,0.53909033536911011 0.14502869546413422 0.20144353806972504, -0.67202073335647583 0.0042477012611925602 -0.016575025394558907   0.74033463001251221, -0.18078732490539551   0.97664368152618408 0.0053278971463441849,-0.0038606291636824608     1.6809626817703247   0.036005984991788864,   0.25970691442489624 -0.0099584255367517471   0.061422184109687805 -0.0099584255367517471    0.23687690496444702   0.018123053014278412   0.061422184109687805   0.018123053014278412    0.17493921518325806,   0.35457927817894586    0.23812983055915282    0.69512211896594067   -0.11414375967078172    0.19738033176075476    0.05382975890277919 1.9604208034706971e-05,0.68329435586929321
IIWA_7,1715791942.0607584,-0.37437604067071456   1.0991083199788059  0.31681940381150181  -1.5949307581265144  -1.8243518461273966   -1.500511124674023  -1.0719869403465558, 0.66673709723554142 -0.13903482599199404   1.2801752235296129  -1.3657298458283509   1.1168708807656635   1.8986529659896829 -0.84788165276936134,   -7.158129787445068     63.34911255645752   -13.533123092651367   -10.613799896240234   -1.3152801132202148    2.3733081855773928 0.0056737785339355468,  29.587491462264126  -3.3020567066235174   5.5043958146044485 -0.37371476937948689   2.3668498242063629  0.68160790921007042 -0.89222216955549483,0.53827989101409912 0.15018364787101746  0.2015867680311203, -0.67155343294143677 0.0050668185576796532 -0.017226533964276314   0.74073857069015503,-0.18790653347969055  0.98510056734085083 0.010665156878530979,-0.002352521289139986    1.6800112724304199  0.035313177853822708,  0.26026219129562378 -0.010782207362353802  0.060956191271543503 -0.010782207362353802   0.23640821874141693   0.01924942247569561  0.060956191271543503   0.01924942247569561   0.17484329640865326,   0.38545275934520618    0.25181088711700994    0.74519769866387975   -0.13240213623078034    0.18955132738440739   0.052106942479923646 1.9185874222671373e-05,0.69037210941314697
IIWA_7,1715791942.0657604,-0.37057829977515144   1.0984351660121827  0.32332108546965854  -1.6017439697115119  -1.8179937834027795  -1.4907164776290018  -1.0772221890646838, 0.68529931361095786 -0.13815401945852135   1.2842074451499597    -1.36511234006258   1.1478192135972165   1.9107082545925944 -0.88771527094060798, -8.4472652740478509   63.308785064697268  -13.393143482208252  -7.7701889419555661 -0.60393718719482425   1.9848212318420411 -0.15118951034545899,  29.272035699264787  -3.1819868575714492   5.1083746699898294 -0.16732093688523567   2.3744860055064101  0.84374859290765158 -0.81769897331300201,0.53742992877960205 0.15538972616195679  0.2018045037984848, -0.67108088731765747 0.0057695289142429829 -0.017923951148986816   0.74114501476287842,-0.19540876150131226  0.99376678466796875  0.01780792698264122,-0.00073454773519188166      1.6789871454238892    0.034717395901679993,  0.26081764698028564 -0.011587970890104771  0.060477230697870255 -0.011587970890104771   0.23590999841690063  0.020378906279802322  0.060477230697870255  0.020378906279802322   0.17476959526538849,   0.41602560716391679    0.26535644722081031    0.79580066725437604   -0.15043995726937709    0.18191825788438365   0.050587654374822932 1.8787495115191177e-05,0.69773781299591064
IIWA_7,1715791942.0707617,-0.36674951961692159   1.0977686033905627   0.3298539261637019  -1.6083639957103448  -1.8114539439384358  -1.4808880350100926  -1.0826792059716377, 0.70139065721796034  -0.1371857204316177   1.2886795838817022  -1.3568909120033814   1.1798489494515199   1.9217043084304457 -0.92845289303064171, -7.4834382209777832   60.643137859344485  -12.710852928161621  -9.2712281608581542  -0.1611086082458496   1.9731399230957032 0.012348812103271484,  28.975469750159085  -3.2068900905650128   4.8445721470582468 0.097094115941425141   2.4299110332251117  0.90318591955502381 -0.75901244450450411,0.53653782606124878 0.16062656044960022 0.20194429159164429, -0.67069137096405029 0.0065247314050793648 -0.018650926649570465   0.74147325754165649,-0.20335815846920013   1.0017580986022949 0.020268697291612625,0.00081286253407597542     1.6778970956802368   0.034084312617778778,  0.26139938831329346 -0.012386811897158623  0.059966165572404861 -0.012386811897158623   0.23538199067115784  0.021520191803574562  0.059966165572404861  0.021520191803574562    0.1746930330991745,  0.44671661715511846    0.2788944769305246   0.84740485187584369  -0.16852796224409161   0.17412291108431788  0.048647574237392632 1.835882112999343e-05,0.70473003387451172
IIWA_7,1715791942.0757632,-0.3628378686078132   1.097068245304138 0.33646011028348644 -1.6149945676430166 -1.8047238908127607 -1.4708632308511955 -1.0883485233107244, 0.71757856613870419 -0.13776289980228046    1.295191031896743  -1.3507356069095773   1.2130812845882197   1.9383556131002391 -0.96953500798798187, -6.7763628654479984   63.935205436706546  -12.534777946472168  -10.119909572601319  -2.1199427795410157   1.6106856002807617 -0.18089340972900392,  28.775534791009484  -3.1331457545574706   4.5845546444586294  0.22315445293204261   2.4266982261750463  0.94517585643276636 -0.66625074162154596,0.53568768501281738 0.16584877669811249 0.20213089883327484, -0.67032122611999512 0.0072217262350022793 -0.019516365602612495   0.74177920818328857,-0.20811343193054199    1.007469654083252 0.023986982181668282,0.0023964438587427139    1.6767433881759644  0.033236909657716751,  0.26197290420532227 -0.013176560401916504  0.059449359774589539 -0.013176560401916504   0.23482663929462433  0.022657331079244614  0.059449359774589539  0.022657331079244614   0.17464759945869446,   0.47746128066439297    0.29225014333977839    0.89951800582444008   -0.18638735412501717    0.16618643946220146   0.046462250094414514 1.7893184711681442e-05,0.70981913805007935
IIWA_7,1715791942.0807645,-0.35882692832646967    1.096446084295021  0.34311045625116798  -1.6216048264521061  -1.7978985392192686  -1.4607710754182117  -1.0942276844219383, 0.73450046416470427 -0.13509676020650641   1.3021666642246563  -1.3449988378912419   1.2434790914102631   1.9543707077995436  -1.0107944508389413, -6.6567246398925786   60.480483642578122  -12.650987434387206   -8.629434852600097  0.30549009323120119   2.2448137893676758 0.023362617492675781,  28.559264922032558  -3.0595120805670595   4.3194353799716039  0.35219016199933512    2.435101384193139  0.96434419842261399 -0.56913074783473705,0.53481602668762207 0.17112447321414948 0.20233577489852905, -0.67000085115432739 0.0079065579921007156 -0.020447243005037308   0.74203652143478394,-0.21305449306964874   1.0140256881713867 0.027557846158742905,0.004051712341606617   1.6755185127258301 0.032830391079187393,  0.26255428791046143 -0.013962042517960072  0.058912649750709534 -0.013962042517960072   0.23423890769481659  0.023806758224964142  0.058912649750709534  0.023806758224964142    0.1746206134557724,   0.50847746820892326     0.3056098320497469    0.95281327900131885   -0.20428258310190017    0.15811522104769438   0.044000208709427113 1.7406892816040909e-05,0.71555691957473755
IIWA_7,1715791942.0857596,-0.35473569373655583   1.0957394944014189  0.34979909190647829  -1.6280787047971126  -1.7908410771612182  -1.4503748202522619   -1.100285410496173, 0.75124975492831703 -0.13634100390928755   1.3092787575921372  -1.3349542041132518    1.277081755450225   1.9793467728776259  -1.0509446036405417, -6.4591199302673337    59.95084925079346  -13.373775234222412  -8.5044216156005863  -1.3839493560791016   1.4037595596313477 0.068085342407226565,  28.288320829888544  -3.0541015340107824   4.0579625826588082  0.55852248864600884   2.4999134532258438  0.97598803383297295 -0.47897633191247468,0.53388243913650513 0.17645230889320374 0.20251961052417755, -0.66970473527908325 0.0085567822679877281 -0.021369349211454391   0.74227058887481689,-0.21973918378353119   1.0211989879608154 0.029491521418094635,0.0056112362071871758    1.6742227077484131  0.032321333885192871, 0.26315313577651978 -0.01473125908523798 0.058347880840301514 -0.01473125908523798  0.23361918330192566 0.024966876953840256 0.058347880840301514 0.024966876953840256   0.1746017187833786,   0.53935131240923084    0.31893304864460958     1.0070944639792856   -0.22206944421743202    0.15014821829417713   0.041582273214935128 1.6934835755932909e-05,0.72198641300201416
IIWA_7,1715791942.0907362,-0.35054942422354163    1.095020920313591  0.35649875302483963  -1.6344804979896852  -1.7836451733179715   -1.439975449128182  -1.1065143911127733,  0.7684505844632219 -0.13781576664054762   1.3154094508081635  -1.3240350909935061   1.3095015580900502   1.9994522632652991   -1.089914907576444,  -7.1877032814025883    62.639348701477054   -13.519037094116211   -10.569781150817871   -1.0881433868408203    2.7023873405456542 -0.094451725006103521,  28.099656332144296  -2.9766297811248981   3.8468638422885197  0.63117469479226918   2.5130614713907482  0.91816871355293816 -0.36130667726973187,0.53300821781158447 0.18179865181446075 0.20273315906524658, -0.66951459646224976 0.0091967023909091949 -0.022447600960731506   0.74240267276763916,-0.22292906045913696   1.0275663137435913 0.032035421580076218,0.0072096418589353561    1.6728535890579224  0.031847331672906876,  0.26374149322509766 -0.015502199530601501  0.057778164744377136 -0.015502199530601501   0.23297087848186493  0.026131805032491684  0.057778164744377136  0.026131805032491684   0.17461869120597839,   0.57075046739374358    0.33214268384540446     1.0625219569195821   -0.23977543564868142    0.14183138867362999   0.038450768382602973 1.6414317904889231e-05,0.72742533683776855
IIWA_7,1715791942.0957339,-0.34631252129084705    1.094381082500727  0.36320338756798753  -1.6408904403427018  -1.7762890643064209  -1.4292106191487037  -1.1129144466119096, 0.78423658487836057 -0.13584612582699931   1.3205129423724469  -1.3156257669154696   1.3418456069340639   2.0301550097913692  -1.1279341460266097,  -6.9914428215026856    61.520932929992675   -13.386980857849121   -7.3845847320556643 -0.055463619232177734    1.0479802703857422 -0.042052711486816406,  27.888945251978342   -2.878854904458489   3.6192592186964019   0.7155550704952891   2.5361358220878882  0.88854329567505452 -0.23750750193575565,0.53210419416427612 0.18716913461685181 0.20297732949256897, -0.66934603452682495 0.0097851762548089027 -0.023554563522338867   0.74251282215118408,-0.22687217593193054   1.0334959030151367 0.035160459578037262,0.0089643606916069984    1.6714143753051758  0.031595535576343536,  0.26433327794075012 -0.016254164278507233  0.057192228734493256 -0.016254164278507233   0.23229487240314484  0.027296552434563637  0.057192228734493256  0.027296552434563637   0.17465443909168243,   0.60193218043824714    0.34515203993379373     1.1186362292168184   -0.25719831921211522    0.13358945345043338   0.035294724662904287 1.5900424088499676e-05,0.73273497819900513
IIWA_7,1715791942.1007354,-0.34200257458362726   1.0937241671865472  0.36995044626559603  -1.6470787346073612  -1.7687260596020158  -1.4184433922867472  -1.1194492047683025,0.79978713619148012 -0.1349535132287904  1.3262927018022974 -1.3000323841187513  1.3759966737234541  2.0548130823113562 -1.1637376430770003,  -5.9523377838134763    59.548918582916258   -11.579571170806885    -8.890906200408935   -1.3478539848327638    2.6453158035278319 -0.024363872528076171,  27.70898489565128 -2.9368357102094453  3.5361592909390085 0.86475813618391972  2.6083812992486792 0.73647622451781292 -0.1367977053802385,0.53117722272872925 0.19255617260932922 0.20312754809856415, -0.66930204629898071  0.010462323203682899 -0.024700120091438293   0.74250602722167969,-0.23121157288551331   1.0387405157089233 0.033738452941179276,0.010620451532304287   1.6699134111404419 0.031293023377656937,  0.26494517922401428 -0.017002211883664131  0.056575007736682892 -0.017002211883664131    0.2315896600484848  0.028475429862737656  0.056575007736682892  0.028475429862737656   0.17469421029090881,   0.63348196691404013    0.35818403516518771      1.176180388688941   -0.27470648854510671    0.12503097690785836   0.031404695025827323 1.5357194627085846e-05,0.73758292198181152
IIWA_7,1715791942.1057353,-0.33759543583543478    1.093044002559568   0.3768008089290516  -1.6532527076819266  -1.7610202988330366  -1.4074099358459344  -1.1260990714249381, 0.81611525888088354 -0.13516939566219927   1.3350486679800606  -1.2869848302776152   1.4090277697379321    2.085188723481596   -1.196984780727028,   -5.764142822265625    62.284466773986814    -13.02690752029419    -10.09701982498169   -1.2483716201782227    0.8737618942260742 -0.081769161224365228,   27.578183695046867   -2.8718841713915628     3.402941409824944   0.89890939345214271    2.6195438376241338   0.61950100236584138 -0.010277109954544672,0.53029429912567139 0.19794657826423645 0.20334574580192566, -0.66926759481430054  0.011087066493928432 -0.025945371016860008   0.74248558282852173,-0.23303346335887909   1.0429892539978027 0.035178802907466888, 0.01236548088490963     1.66834557056427 0.030989596620202065,  0.26554426550865173 -0.017737986519932747  0.055954720824956894 -0.017737986519932747   0.23085817694664001   0.02964797243475914  0.055954720824956894   0.02964797243475914   0.17477068305015564,   0.66509759855559736    0.37094263424464202     1.2344198446001542    -0.2918512936069817    0.11636745760590372   0.027331240441519355 1.4794830249797997e-05,0.74148052930831909
IIWA_7,1715791942.1107635,-0.33310878174093372    1.092433286437938   0.3836339743179718  -1.6594235647983615  -1.7531624823616294  -1.3963151800602165   -1.132844991622459, 0.83235837088474895 -0.13256416139495922   1.3413655499408568    -1.27642214887949   1.4415348746466319   2.1119412102139945  -1.2274246324824563, -6.3905631942749022   60.231797443389894  -13.722403697967529  -8.5933394813537589  0.20336660385131836   2.5842392463684081 -0.15252451705932618, 27.390057103977057 -2.8366236467519554  3.2540796093754665 0.98744385235736032  2.6718204525234084 0.48159629161173179  0.1070728914418988,0.52937895059585571 0.20340338349342346  0.2035653293132782, -0.66931295394897461  0.011713236570358276 -0.027201341465115547   0.74239009618759155,-0.23612971603870392   1.0488903522491455 0.036251582205295563, 0.01431078277528286   1.6667075157165527 0.031164530664682388,  0.2661496102809906 -0.01846672035753727 0.055312681943178177 -0.01846672035753727  0.23009273409843445 0.030835961923003197 0.055312681943178177 0.030835961923003197   0.1748698353767395,   0.69704229816647256    0.38369458064302364     1.2942736147136813   -0.30894727667174493    0.10760832794165509   0.022902027118298918 1.4240852053148956e-05,0.74672460556030273
IIWA_7,1715791942.1157591,-0.32856861803322807   1.0917907522004626  0.39045138036549426  -1.6653977608326758  -1.7450632554387453  -1.3850242426125063  -1.1396651540902858,0.84749324501602552 -0.1317526986149834  1.3457886818535838 -1.2601055604761624  1.4771969766326702  2.1411904660796015 -1.2547462046990367,-6.4591199302673337  59.214200401306151 -12.599925689697265 -6.9197467803955073 -1.2166781234741211   1.388406982421875 -0.1271593894958496, 27.168756434473469 -2.9018108847965074  3.1548808805956172  1.1835921416651847  2.7668276721869667 0.33364847248513119 0.19770264851613395,0.52840214967727661    0.20887491106987 0.20374755561351776, -0.66939771175384521  0.012386622838675976 -0.028413139283657074   0.74225735664367676,-0.24129453301429749   1.0540369749069214 0.035470772534608841,0.016183966770768166   1.6649961471557617 0.031125478446483612,  0.26677277684211731 -0.019173057749867439    0.0546405129134655 -0.019173057749867439   0.22930032014846802  0.032027062028646469    0.0546405129134655  0.032027062028646469   0.17497241497039795,    0.7287184219144649    0.39626988044005884     1.3550618814139881    -0.3258023280219291   0.098847789181455425   0.018289988366504417 1.3693621347954377e-05,0.75177359580993652
IIWA_7,1715791942.1207604,-0.32395918548000313   1.0911214332676213  0.39731288848338692  -1.6712387522476471  -1.7368218478863411  -1.3736388095484349  -1.1465479341720186, 0.86237189814181781 -0.13217491620563787   1.3510912701985733  -1.2417241049797818   1.5114138834023048   2.1683696954265401  -1.2791081670285422, -4.8675282554626467   60.561138626098632   -13.78667106628418  -10.516078281402589 -0.51325857162475585   2.1069743461608885 -0.11047180557250977, 27.060515069827872 -2.9160734318014829  3.1308933370944008  1.2561234093922506  2.7972361136391717 0.13304188234994108 0.30264477955847036,0.52749204635620117 0.21432167291641235 0.20394237339496613, -0.66957002878189087  0.013098341412842274 -0.029736138880252838   0.74203789234161377,-0.24288389086723328   1.0570780038833618 0.035145793110132217,0.018232539296150208   1.6632187366485596 0.031195547431707382,  0.26738402247428894 -0.019873529672622681  0.053964223712682724 -0.019873529672622681   0.22848738729953766  0.033212359994649887  0.053964223712682724  0.033212359994649887   0.17510628700256348,   0.76073000226717369     0.4085562725766323      1.416768028495774   -0.34235468449939077   0.089723556725651576   0.012931460212861623 1.3110256880111137e-05,0.75488823652267456
IIWA_7,1715791942.1257353,-0.31924303346066807   1.0905055039565987  0.40416403010910423   -1.677147574356834  -1.7284080590506392  -1.3621809317941038   -1.153476793563998, 0.87854359928685677 -0.13037710540541475   1.3549186811875513  -1.2297321683513043    1.545682660149919   2.1930108665144741    -1.30044090930201, -4.7492342796325682   60.393107410430908  -12.377190837860107  -10.011623458862305  -1.4772690963745116    2.119990661621094 -0.14117695999145508,   26.950685121485055   -2.8814385301028631    3.0764703768458475    1.3063135980327261    2.8208359367573279 -0.050214005148197849   0.41254695761001248,0.52658408880233765 0.21978092193603516 0.20416873693466187, -0.66979146003723145  0.013794093392789364 -0.031086781993508339   0.74176996946334839,-0.24424675107002258   1.0599133968353271 0.036004338413476944,0.020609231665730476    1.661384105682373 0.031555339694023132,  0.26798895001411438 -0.020559562370181084  0.053277820348739624 -0.020559562370181084    0.2276492714881897  0.034396562725305557  0.053277820348739624  0.034396562725305557   0.17526893317699432,   0.79279905262108485    0.42060295085022403     1.4795004248773225   -0.35855573669785201   0.080539098706644552  0.0072802162787155567 1.2534091986537987e-05,0.75788742303848267
IIWA_7,1715791942.1307371,-0.31442267863092116   1.0898803468716545  0.41108503988277273  -1.6829156416614168  -1.7197936063947101  -1.3506262814232359  -1.1604092482251533, 0.89564907261936177 -0.12930796772210223   1.3607753358967809  -1.2145084268643551   1.5811242343570986   2.2165947080462951  -1.3176509138878212, -4.4494665908813475   58.771942241668704  -12.798890419006348  -6.5790416908264158  0.19808435440063477   1.8720131645202636 -0.11647933578491211,  26.737928855190205  -2.9877306609444463   3.0493029565026522   1.5431723485266093   2.9159101771594464 -0.23399911736385892  0.48153260731736658,0.52558243274688721 0.22527576982975006 0.20435333251953125, -0.67005372047424316   0.01456356979906559 -0.032337408512830734   0.74146491289138794,-0.24937514960765839   1.0634140968322754 0.034849353134632111,  0.0229340810328722   1.6594918966293335 0.031867187470197678,  0.26861616969108582 -0.021219057962298393  0.052555453032255173 -0.021219057962298393   0.22678342461585999  0.035587608814239502  0.052555453032255173  0.035587608814239502   0.17543038725852966,   0.82449122944527886    0.43245762105303953     1.5433940903619714    -0.3744708022983545   0.071398628457508551  0.0014661636065227412 1.1979559566555054e-05,0.76192271709442139
IIWA_7,1715791942.1357417,-0.30951202264733763   1.0892227125909062  0.41802834023806618  -1.6884229922277523  -1.7109454134857676  -1.3390732488635015  -1.1673567430429717,  0.9129454974388308 -0.12975174540761283   1.3663522829291626   -1.191900764144902   1.6188271038433815    2.235397068826412  -1.3320205238229894, -5.6794550895690916   59.370133369445803   -14.17931827545166  -8.9701399421691885  -1.0362012672424317   2.4303797225952146 -0.24263747024536134,  26.509380107903645  -3.0574688507338097   2.9775654572606935   1.7636269363818011    2.995656729962334 -0.40287185025792915  0.54878318867498643,0.52458268404006958 0.23080775141716003 0.20457479357719421, -0.67034852504730225  0.015346831642091274 -0.033585458993911743   0.74112707376480103, -0.2536468505859375   1.0675812959671021 0.035256609320640564,0.025358410552144051   1.6575343608856201 0.032123483717441559,  0.26923888921737671 -0.021864088252186775  0.051820084452629089 -0.021864088252186775    0.2258891761302948  0.036780208349227905  0.051820084452629089  0.036780208349227905   0.17562270164489746,   0.85629520081731414    0.44404594222946514     1.6085746234759668   -0.38998400902645614   0.062172963530393588 -0.0046082832341198809 1.1430709712101361e-05,0.7663569450378418
IIWA_7,1715791942.1407359,-0.30454384235693766   1.0885883875095677  0.42492741885885266  -1.6939738455620259  -1.7019447812510275  -1.3274559809878106  -1.1742829658969498, 0.92908360956706348 -0.12917439957963178   1.3690449711747894  -1.1755547446868668   1.6550869724643058    2.253008370088768  -1.3426653332175176,-4.2316981353759768  61.227886489868162 -13.732968196868896 -9.9323897171020512 -1.0863826370239258  1.4681736335754394 0.11247431564331055,  26.350489236798545  -3.0040625132444418   2.8705693339256246   1.8484964128299155   2.9996512141413656 -0.54235955990322182  0.63554114141788376,0.52364033460617065 0.23633722960948944 0.20486637949943542, -0.67065733671188354  0.016119321808218956 -0.034897830337285995   0.74077057838439941,-0.25487855076789856   1.0707657337188721 0.038236860185861588,0.028304031118750572   1.6554946899414062 0.032720599323511124, 0.26984360814094543 -0.02249540202319622 0.051085636019706726 -0.02249540202319622  0.22497425973415375 0.037961028516292572 0.051085636019706726 0.037961028516292572  0.17585450410842896,   0.88820101109643446    0.45517837116726412     1.6745622047791286   -0.40489964967438397   0.052795602247357465  -0.010979046566994555 1.0869545263858527e-05,0.76972800493240356
IIWA_7,1715791942.1457365,-0.29946810364247267   1.0880064335413457  0.43187179782762386  -1.6994681333206578  -1.6927798212057577   -1.315904086928164  -1.1811765317862106, 0.94629643623225013 -0.12661767839258203   1.3730111356906798  -1.1602153060947704   1.6906679797822406   2.2644824584568797  -1.3498749021444469, -3.4533775444030761   58.328339832305907  -13.086773014068603  -7.4488521003723145  0.52558382034301754   2.4096871185302735 0.025365127563476562,   26.14550132557595  -3.0840194803484886   2.8358911393574457    2.087689153830611   3.0582983875583207 -0.70576033350698886  0.68252609316516843,0.52262198925018311 0.24185842275619507 0.20511713624000549, -0.67102444171905518  0.016987744718790054 -0.036114513874053955    0.7403603196144104, -0.2591090202331543   1.0728240013122559 0.038802091032266617,0.031403932720422745   1.6534020900726318  0.03324228897690773,   0.2704620361328125 -0.023098858073353767  0.050322037190198898 -0.023098858073353767   0.22403940558433533  0.039141286164522171  0.050322037190198898  0.039141286164522171   0.17608687281608582,   0.91965347002087583    0.46601933803280815     1.7414824366426274   -0.41940573395038427   0.043409259961713076  -0.017689400285014756 1.0326465016419206e-05,0.77279573678970337
IIWA_7,1715791942.1507673,-0.29428246961715743   1.0873641390684763  0.43886099772425086  -1.7046918172689958  -1.6833282945034052  -1.3043988115945859  -1.1880497244471131, 0.96446250999840988 -0.12698592162884376   1.3779769044176238  -1.1371196028093342   1.7305954519198925   2.2717969801086255  -1.3548276281516565,   -5.687520587921143    59.027349689483643   -13.703035449981689    -6.651232433319092   -1.0740573883056641    2.1213256683349608 -0.039048946380615235,  25.843329590805215   -3.215163850958128   2.7404710816432978   2.4436856126262954   3.1552980335379868 -0.82758100717024607  0.70487123533313145,0.52153581380844116 0.24741759896278381 0.20538632571697235, -0.67137736082077026  0.017889412119984627 -0.037224914878606796   0.73996400833129883,-0.26543590426445007   1.0758495330810547 0.039871387183666229,0.034405283629894257   1.6512672901153564 0.033475767821073532,   0.2710888683795929 -0.023672213777899742  0.049532812088727951 -0.023672213777899742   0.22307641804218292  0.040320944041013718  0.049532812088727951  0.040320944041013718   0.17633523046970367,   0.95063257147298685    0.47651488171496226     1.8094885858328524   -0.43334324129506996   0.034165365179639196  -0.024284856613654426 9.8078087873432196e-06,0.77692979574203491
IIWA_7,1715791942.1557639,-0.28905968451338426   1.0867264584825675  0.44582952495946959  -1.7097842739469502  -1.6737121525347947  -1.2928955736056602  -1.1948584419183699, 0.98048141214965456 -0.12709596073942458   1.3811226129428484  -1.1133939493656451   1.7691220402803338   2.2775671036439293  -1.3562108013715963,  -3.9695694389343261    59.829866775512698   -14.749801216125489   -10.542489528656006  -0.27995922088623049    1.9307534599304199 -0.097121738433837895,  25.604307374779896  -3.1831761607258593   2.5666256836446824    2.637268869741527   3.1587823272203051 -0.89684676068958957  0.75031725352846101,0.52051240205764771  0.2529880702495575 0.20575815439224243, -0.67171651124954224   0.01878669299185276 -0.038391657173633575   0.73957425355911255,-0.26811209321022034   1.0786850452423096 0.044687341898679733,0.037976644933223724   1.6490452289581299 0.034019391983747482,  0.27169400453567505 -0.024231979623436928  0.048747338354587555 -0.024231979623436928   0.22209259867668152  0.041486561298370361  0.048747338354587555  0.041486561298370361   0.17662826180458069,   0.98174883396051627     0.4864503958561528     1.8783863704223691   -0.44655021178829912    0.02476446028332191  -0.031085151948495593 9.2725782607772089e-06,0.78046596050262451
IIWA_7,1715791942.1607742,-0.28372832225867833   1.0861486989768705   0.4527939775053833  -1.7149095074719247   -1.663909248293449  -1.2815644888945819  -1.2015927973461007, 0.99763961990796091 -0.12478714881942171   1.3834761921908274  -1.0957245004914968   1.8074138018780939   2.2752970713582776    -1.35434285820651, -3.1361346092224123   60.250616939544678   -13.17481050491333  -9.4807573890686037  -1.2950314903259277   2.6266257095336916 -0.14384697341918945, 25.410528331352772 -3.1686797522577281  2.4359199077067526  2.8278979261289563  3.1484155639598632  -0.981509077818294 0.78205636342603779,0.51948642730712891 0.25852808356285095 0.20614165067672729, -0.67208737134933472  0.019746877253055573 -0.039526175707578659   0.73915243148803711,-0.27043521404266357   1.0796723365783691 0.048861701041460037,0.042071159929037094   1.6467536687850952 0.034643903374671936,  0.27229270339012146 -0.024769628420472145  0.047951057553291321 -0.024769628420472145   0.22109393775463104  0.042641166597604752  0.047951057553291321  0.042641166597604752   0.17694166302680969,    1.0126134156562827     0.4959350181996669     1.9480182244722144   -0.45913460862045952   0.015278583829214654  -0.038223851822394295 8.7400957582417504e-06,0.78270506858825684
IIWA_7,1715791942.1657379,-0.2782749007299834  1.0855741752025239 0.45981379713115811 -1.7198747516821906 -1.6538866971582666 -1.2702665406774327 -1.2082840695394124,  1.0162485570741662 -0.12281067002940281   1.3875737387836542  -1.0751893688038332   1.8468330869097693   2.2721555857725875  -1.3511251742976749,  -4.1039944114685056    58.817646732330324   -13.688949451446533   -6.2594655990600581 -0.060745868682861325    1.7675488891601563   0.21159856414794923, 25.072106874897703 -3.2774918066858767  2.2634107633605538  3.2327603909442457  3.2045689855535606 -1.0196412242088231 0.76835380144690246, 0.5183485746383667 0.26409420371055603 0.20653267204761505, -0.67242026329040527   0.02078387513756752 -0.040488798171281815    0.7387690544128418,-0.27696600556373596   1.0813533067703247 0.052360381931066513,0.046021193265914917   1.6444320678710938 0.034824609756469727,  0.27290719747543335 -0.025265971198678017  0.047121606767177582 -0.025265971198678017   0.22007076442241669  0.043791081756353378  0.047121606767177582  0.043791081756353378   0.17725850641727448,    1.0425244722060967    0.50495218577406575     2.0184685553843451    -0.4709873783417251  0.0060282185287974244  -0.045086607473265872 8.2319591143686921e-06,0.78616774082183838
IIWA_7,1715791942.1707587,-0.27276059928081892   1.0849822743847286  0.46684188590876269  -1.7245280464320967  -1.6436218730298906   -1.259136791040212  -1.2148873175790627,  1.0335709036259124 -0.12192456873533243   1.3911825421311066  -1.0462832850393089    1.888059434662857   2.2629144541068973  -1.3450300610241515,  -3.9050454521179199    58.394208068847654    -14.38180450439453   -8.1918885231018059  -0.35919296264648437    2.6800259780883788 -0.045390228271484374, 24.698782958921644 -3.3564490499857458  2.0288881080742653  3.6334386461474653  3.2509124269118215 -1.0335990406123763 0.75388637556184557,0.51719850301742554 0.26969552040100098  0.2069762796163559,  -0.6727447509765625  0.021843628957867622 -0.041406862437725067   0.73839205503463745,-0.28287422657012939   1.0840213298797607 0.057142831385135651,0.050247244536876678   1.6420379877090454 0.034990455955266953,  0.27351531386375427 -0.025738684460520744  0.046279337257146835 -0.025738684460520744   0.21902301907539368  0.044934660196304321  0.046279337257146835  0.044934660196304321   0.17760652303695679,    1.0722067012975955    0.51343616225718591     2.0900890901556224   -0.48204229404991139 -0.0032125041986574843  -0.051996161604783708 7.7311890223086266e-06,0.7903020977973938
IIWA_7,1715791942.1757591,-0.26715989159820974   1.0843918714957641  0.47384504745765799  -1.7291232775684473  -1.6331624249676966  -1.2480845192955645   -1.221402002158313,  1.0508850302050969 -0.12115577054684606   1.3930724956606972  -1.0208358734854723   1.9288254702180461   2.2524224330714184  -1.3366114319893334, -3.2947560768127442   60.165929206848148  -14.321058635711669  -10.341764049530029  -1.8831219291687011   1.7311699562072753 -0.20225351715087891, 24.444204600962184 -3.2884615515328601  1.7485055747093377   3.849729726615235  3.1953782137434557 -1.0018044292286579 0.75482895733700262,0.51611822843551636 0.27526819705963135 0.20751681923866272, -0.67302548885345459  0.022925300523638725 -0.042355231940746307   0.73804956674575806,-0.28479102253913879   1.0850412845611572 0.064748778939247131,0.055348731577396393   1.6395456790924072   0.0353257916867733,  0.27409881353378296 -0.026193741708993912  0.045444387942552567 -0.026193741708993912   0.21796275675296783  0.046054095029830933  0.045444387942552567  0.046054095029830933   0.17799630761146545,    1.1017963683599419    0.52121312974584555     2.1621553447186415   -0.49217841242921168  -0.012572045168468549  -0.058965748912065408 7.2076424828537711e-06,0.79276257753372192
IIWA_7,1715791942.1807363,-0.26144940848705328   1.0838585136025702   0.4808478495778104  -1.7336867505846456  -1.6225466067491643  -1.2371984090043591  -1.2278673715868835,  1.0691273486103361 -0.11825893216523142   1.3945700813346547 -0.99920761943631009   1.9676931049157291   2.2373823581053527  -1.3279039227342895, -2.4357805023193357   59.480361846923827  -13.787551441192626  -10.042436580657959  0.70870180130004878   2.3876595077514646 0.086107933044433593,   24.13895606575657   -3.292199657258581   1.4842397437623935   4.1649332946566568   3.1650253702525801 -0.97085129143010551  0.73026944744271649,0.51498878002166748  0.2808382511138916 0.20807348191738129, -0.67331057786941528  0.024082798510789871 -0.043205834925174713   0.73770326375961304,-0.28841742873191833   1.0856702327728271 0.071333035826683044,0.060824282467365265   1.6369988918304443 0.035490382462739944,  0.27468210458755493 -0.026617201045155525  0.044591415673494339 -0.026617201045155525   0.21688669919967651  0.047163296490907669  0.044591415673494339  0.047163296490907669   0.17840035259723663,    1.1307353342315807    0.52839131597348654     2.2349859894914559   -0.50144527462947508  -0.021877504107870038   -0.06602531273980361 6.6953953492543405e-06,0.79527997970581055
IIWA_7,1715791942.1857364,-0.25563220580070367   1.0833345632522107  0.48787150412828412  -1.7380725574823879  -1.6116468103713628   -1.226447840110199  -1.2342565813918818,  1.0879899863422533 -0.11556515974656795   1.3966022470866724  -0.9747983714587386   2.0101463390446423   2.2199286422506841  -1.3178915303873613,-3.0944628677368162  58.769253742218019  -13.44860710144043 -6.5068509483337404 -1.8100508117675782  1.9874912452697753 0.05006275177001953,  23.702126152964684  -3.3949575625206787   1.1799657358158875   4.6547082006808633   3.2006287847211303 -0.91523528249484176  0.67916410242782832,0.51376593112945557 0.28642967343330383  0.2086426317691803,-0.67356550693511963  0.02528596855700016 -0.04391445592045784  0.73738843202590942,-0.29520148038864136   1.0869156122207642 0.076985515654087067,0.066140033304691315   1.6344150304794312 0.035163871943950653,  0.27527308464050293 -0.026999274268746376  0.043711639940738678 -0.026999274268746376   0.21578945219516754  0.048264116048812866  0.043711639940738678  0.048264116048812866    0.1788153350353241,    1.1586473876672443     0.5349481587595406     2.3086070813569393   -0.50972631688317449  -0.030938814665759651  -0.072816765257499583 6.2043863380267794e-06,0.79881745576858521
IIWA_7,1715791942.1907654,-0.24973177261656643   1.0827805325885254  0.49488215586674744  -1.7421350299188936  -1.6005994642076637  -1.2158329328226363  -1.2405539918960466,  1.1064093164392923 -0.11461335434466685   1.3977078672078709 -0.94233759462721911   2.0500109177836769   2.2005392053030577  -1.3062096444764844,-3.6523265037536623  57.204547061920167 -15.481392765045166 -7.8036431884765625 0.18135723114013672  1.9547835807800293 -0.3607855644226074,  23.275938209571443  -3.4547221794435123  0.82503865653170205   5.1027678419939964   3.1936967251013164 -0.82905516386610945  0.62164180372857802,0.51254677772521973 0.29203188419342041 0.20927640795707703,-0.67377728223800659 0.026554591953754425 -0.04457821324467659    0.737110435962677,-0.30058982968330383   1.0882967710494995 0.083968274295330048,0.072132058441638947   1.6317368745803833 0.034830573946237564,   0.2758537232875824 -0.027355577796697617   0.04282238706946373 -0.027355577796697617   0.21467433869838715  0.049349747598171234   0.04282238706946373  0.049349747598171234   0.17926061153411865,    1.1861509457382624    0.54076928090562859     2.3830565049820507   -0.51699719086606422  -0.040047102760176756  -0.079568291759812837 5.6984141849625303e-06,0.80232632160186768
IIWA_7,1715791942.1957645,-0.24378993400483645   1.0822070874276564  0.50175876402791286  -1.7459972460041022   -1.589324897293839  -1.2054169036216769  -1.2469587212778366,   1.122800997620633 -0.11462848991049311   1.3932306202129137 -0.90835871911012123   2.0909914107799326   2.1770725322808229  -1.3011568908527849,-5.4280803909301758  56.740780906677244  -17.95260513305664 -7.3995511054992678 -1.9350640487670898  4.0547491416931152  -1.030291431427002,  22.940199781242072  -3.3906106242768104   0.4445968512428804   5.3880083365893237   3.1217786735959741 -0.72008984744557925  0.58746276765165506,0.51138424873352051 0.29761314392089844 0.20999051630496979, -0.67397350072860718  0.027809949591755867 -0.045258302241563797    0.7368432879447937,    -0.3026123046875   1.0886280536651611 0.092712067067623138,0.079187758266925812   1.6289435625076294 0.034555867314338684,  0.27640810608863831 -0.027692507952451706  0.041943561285734177 -0.027692507952451706   0.21355125308036804  0.050410721451044083  0.041943561285734177  0.050410721451044083   0.17974674701690674,    1.2134087083737199    0.54572322449519817      2.457912811739682   -0.52306935175217006  -0.049159796187581151   -0.08636383918325663 5.1895518993205769e-06,0.80464303493499756
IIWA_7,1715791942.2007356,-0.2378622368142877   1.081553168189304  0.5083134161016184 -1.7495910155059726 -1.5780917477412957 -1.1945998822979946 -1.2533518857807537,  1.1353486857184567 -0.11785956146248812   1.3767705791185525 -0.87043775536291312   2.1221191107256776   2.1743388787719473  -1.2966520927989142,-7.3584229965209964  53.066946407318113 -25.604823837280271 -8.9736614418029781 -8.5616459846496582  2.8926257972717284 0.19657973861694336,  22.699578031750484  -3.2971918072161621  0.14577943724787357   5.5937453446637244   3.0094891175794154 -0.61921174730178041  0.57850885467862734,0.51026010513305664 0.30311736464500427 0.21073679625988007,-0.67416197061538696 0.029081515967845917  -0.0460052490234375   0.7365754246711731,-0.3025740385055542  1.0858637094497681 0.10085523873567581,0.086667664349079132   1.6260849237442017 0.033957839012145996,  0.27694320678710938 -0.028004171326756477  0.041068859398365021 -0.028004171326756477   0.21243378520011902  0.051442511379718781  0.041068859398365021  0.051442511379718781   0.18025031685829163,    1.2399927982595926    0.54975857846439879     2.5325358921586272   -0.52799450078477861  -0.058380744464514578    -0.0933744506976808 4.6591184243993666e-06,0.80446821451187134
IIWA_7,1715791942.205734,-0.23200716397382826   1.0806864091029971  0.51412618456083725  -1.7531548243586539  -1.5673454452172255  -1.1838567437067926  -1.2595392213142385,  1.1424818621931432 -0.12895801262226875   1.3339272016635961 -0.83890255839758099   2.1275473895433485   2.1691966466656387    -1.28481509557852, -9.913841724395752  52.295347064971921 -31.528866596221924 -17.434944686889647  -6.371273212432861  4.7292612838745116 0.77830891418457027,  22.685212815766508  -3.3438108226482628  0.28574683094760722   5.7191072757307309   2.8944877604595778 -0.78103683231403753  0.60185069475376718,0.50924742221832275 0.30845943093299866 0.21133171021938324, -0.67464083433151245  0.030398814007639885 -0.046879373490810394   0.73602855205535889,-0.29790037870407104   1.0773050785064697  0.10113818943500519,0.094170011579990387   1.6232116222381592 0.032866355031728745,  0.27744448184967041 -0.028313294053077698  0.040216792374849319 -0.028313294053077698   0.21135348081588745   0.05245634913444519  0.040216792374849319   0.05245634913444519   0.18075765669345856,    1.2665150418689208    0.55293809002865402     2.6069874940883864   -0.53181077989528092  -0.068038933405567548   -0.10239596260319672 4.1791992089201813e-06,0.79893755912780762
IIWA_7,1715791942.2107351,-0.22629853832932825   1.0797364196279857  0.51910562996981113  -1.7570728270572427  -1.5567896441592801  -1.1726516132991784  -1.2656737063144774,  1.1423305155345147 -0.14116598909826894   1.2663195776898322 -0.82784215466161581   2.1242699539524947   2.1835625336370779  -1.2732314764723738, -8.5279202575683595   59.046169185638426  -29.300637702941895  -16.465651912689207  -4.1615321922302249   3.9526211280822752 -0.65849206161499019, 22.777808863607945 -3.5904401467853635 0.94495527261629952  5.9849523348389724  2.8540844646706551 -1.1173048042302156 0.63442453075664618,0.50820070505142212 0.31348398327827454 0.21170850098133087, -0.67544692754745483  0.031665962189435959 -0.047699738293886185   0.73518258333206177,-0.29488888382911682   1.0579261779785156 0.092447862029075623,  0.1018817350268364   1.6203767061233521 0.031480006873607635,  0.27791783213615417 -0.028577519580721855  0.039400212466716766 -0.028577519580721855   0.21036019921302795  0.053423307836055756  0.039400212466716766  0.053423307836055756   0.18120472133159637,    1.2904207432065107    0.55481565443926684     2.6778387601575915   -0.53378989784036435  -0.077257106982919765   -0.11296173687735944 3.8345993047528282e-06,0.78564959764480591
IIWA_7,1715791942.2157609,-0.22064012668007274   1.0788676830836363   0.5235792812523018  -1.7609773474146089  -1.5461611705583413  -1.1610912105412621  -1.2720151588933193,  1.1402008783978324 -0.14768225305259036   1.1920017134514924  -0.8184545380239413   2.1245549071995464   2.2092661372263169  -1.2722432843315745, -5.1834269409179692   55.600857139587404  -22.793786754608153  -14.130897655487061 -0.93231702804565431   5.6574247016906742  -1.3273304252624512, 23.022030669175287 -4.3732626893628144  2.3978531990722391  6.5875595891485279  2.9013603739854261 -1.8674246006390138 0.61032132925719984,0.50707107782363892 0.31814703345298767 0.21161836385726929, -0.67675763368606567  0.033187475055456161 -0.048444543033838272   0.73386019468307495,-0.29531368613243103   1.0278692245483398 0.066339999437332153,  0.1094093844294548    1.617701530456543 0.030434492975473404,  0.27839201688766479 -0.028803553432226181  0.038576386868953705 -0.028803553432226181   0.20946547389030457     0.054381113499403  0.038576386868953705     0.054381113499403   0.18154114484786987,    1.311747404406205   0.55590251632331444    2.7460797783653845  -0.53470596478444321 -0.086769109798545685  -0.12678795978438018 3.604664122747181e-06,0.76474648714065552
IIWA_7,1715791942.2207646,-0.21492173384582933   1.0779303968785026  0.52794141930372551  -1.7646405654218285  -1.5353088317772969  -1.1492198170541608  -1.2785222335097817,  1.1408964160880024 -0.15563725064742351   1.1280868928181427 -0.80129235070793636   2.1337374770014135   2.2422686492651058  -1.2780776121237549,  -4.0098969306945804     57.74762395095825   -15.844987602233887   -7.8406189346313475 -0.060745868682861325    2.4577473602294924  -0.83905171966552738, 23.427404549870417 -5.3538361660311011  4.2170098190680783  7.2078047078221372  2.9269828629179404 -2.8520938785161167 0.59130032982720127,0.50598430633544922 0.32258275151252747 0.21120911836624146, -0.67838144302368164  0.034859534353017807 -0.049285095185041428   0.73222565650939941,-0.29358270764350891  0.99465996026992798 0.032354068011045456, 0.11800774931907654   1.6151144504547119 0.030242506414651871,  0.27885401248931885 -0.029013387858867645  0.037750318646430969 -0.029013387858867645   0.20863506197929382  0.055334519594907761  0.037750318646430969  0.055334519594907761   0.18182557821273804,    1.3318286978716287    0.55620689082669372     2.8131077676114558   -0.53467027529841005   -0.09681775225800493   -0.14311848959192019 3.4053710962211881e-06,0.74137890338897705
IIWA_7,1715791942.2257352,-0.2091386862711935  1.0770139033261632 0.53244569020628085 -1.7678737295017011  -1.524170789055419 -1.1375246516432949 -1.2850022836662722,   1.144039035855835 -0.16116954261151317   1.0826403503567277  -0.7703604437612539   2.1525116904762474   2.2616215358467207  -1.2816640959586263, -4.2182556381225584   59.366100620269776   -13.59651008605957  -8.8653753280639656 -0.56696144104003909   2.3055565948486327 -0.19624598693847656, 23.887287381126427 -6.1493527511182222  5.9246506664037026  7.6234688131819244  2.8700149405806821 -3.8273241746622424 0.61710561856704627,0.50500696897506714 0.32696127891540527 0.21074593067169189, -0.68015992641448975  0.036538951098918915 -0.050291653722524643   0.73042327165603638, -0.28773859143257141   0.96577608585357666 0.0028305065352469683, 0.12852421402931213   1.6124305725097656 0.032127723097801208,  0.27928277850151062 -0.029230795800685883  0.036941241472959518 -0.029230795800685883   0.20782706141471863  0.056287072598934174  0.036941241472959518  0.056287072598934174   0.18212780356407166,    1.3522502404192949    0.55570850738817512     2.8806661301734593   -0.53359026305077606   -0.10736197013194726   -0.16109066418756868 3.2016043149951656e-06,0.720844566822052
IIWA_7,1715791942.2307367,-0.20330949928153502   1.0761153261240108  0.53712151530241781  -1.7709152659199325   -1.512893345664454  -1.1262424027718505  -1.2914417073574318,  1.1483987082710072 -0.16487872217530503   1.0531452841308604 -0.73794981173826157   2.1731070880195995   2.2605871835351508  -1.2829082244132841, -3.5931795158386231   57.692509712219241  -14.235662269592284  -12.349899215698242 -0.51237819671630858   2.5265002059936523  0.20592478561401367,  24.30546390509851 -6.6130106768012045  7.1691493478471164  7.8127268267108665  2.7097564221745376 -4.5703363332153213 0.66359066885169893,0.50415819883346558 0.33136144280433655 0.21042813360691071, -0.68182021379470825  0.038202647119760513 -0.051385577768087387   0.72871208190917969,-0.27779781818389893  0.94365835189819336 -0.01496039517223835, 0.12852421402931213   1.6124305725097656 0.032127723097801208,  0.27967476844787598 -0.029452124610543251  0.036152567714452744 -0.029452124610543251   0.20700971782207489  0.057222940027713776  0.036152567714452744  0.057222940027713776   0.18248866498470306,    1.3732583640342355    0.55439136830504054     2.9489198433809705   -0.53146186453378874   -0.11810656872590641   -0.17897896760565857 2.9513422816762613e-06,0.70452272891998291
IIWA_7,1715791942.2357433,-0.19743057782584406   1.0751529928078647  0.54192760893776348  -1.7739095844187467  -1.5014495614001997  -1.1153289083737643  -1.2978002374375892,  1.1538758248444445 -0.17039631038608991   1.0347599727185153 -0.71013258934317536   2.1962370409858516   2.2450095227515687  -1.2806677827369237,  -5.0180842247009281    60.820578823089598   -16.555450153350829   -11.699302158355712  -0.46923982620239257    2.5982568168640134 -0.025031375885009765, 24.446984550382137 -6.9149021970862989  7.9227547755300174  8.0936930708788335  2.5897230376682847 -5.0558592169153496 0.70327621507650018,0.50328457355499268 0.33580249547958374 0.21027335524559021,  -0.6833004355430603  0.039804231375455856 -0.052413847297430038   0.72716498374938965, -0.27074477076530457   0.92769759893417358 -0.022614212706685066, 0.12852421402931213   1.6124305725097656 0.032127723097801208,  0.28005048632621765 -0.029648656025528908  0.035364244133234024 -0.029648656025528908    0.2061714380979538   0.05814143642783165  0.035364244133234024   0.05814143642783165   0.18289098143577576,    1.3936735181294679    0.55234439965179405     3.0175501586029441   -0.52816832693913796   -0.12850831675148555   -0.19589501413364019 2.6889859228163004e-06,0.69303852319717407
IIWA_7,1715791942.2407546,-0.19154985879010658    1.074233682948611  0.54677876326557118  -1.7766642783742406  -1.4898131666139525  -1.1050670563229383  -1.3041123286696743,  1.1583294213050546 -0.17308944267902004     1.02185415128712 -0.67829382969429552   2.2224454242385705   2.2064817002342938  -1.2770178754729427, -5.5477186164855956   59.684687805175784  -18.875238037109376  -10.983557357788087 -0.92791515350341791   3.7430250740051267  -0.2960377388000488, -67.21286446548072 -12.606918619188132 -54.865712325362026  20.251481110443834  9.1658786097374652 -5.7190783114789729 0.72108162277541554,0.50234168767929077 0.34027808904647827 0.21026961505413055,-0.68463599681854248 0.041381094604730606 -0.05333438515663147  0.72575241327285767, -0.26784858107566833   0.91636419296264648 -0.022684715688228607, 0.12852421402931213   1.6124305725097656 0.032127723097801208,  0.28041461110115051 -0.029815454035997391  0.034571744501590729 -0.029815454035997391   0.20531518757343292  0.059045251458883286  0.034571744501590729  0.059045251458883286   0.18332281708717346,    1.4132130717117164    0.54955257530409085     3.0864892469883998   -0.52364889918798951   -0.13854396106971478   -0.21200167244117551 2.4283881572273458e-06,0.6854662299156189
IIWA_7,1715791942.2457385,-0.18566278806488878   1.0732573880892797  0.55161691467228524  -1.7791892347493776   -1.478066325298244  -1.0952632412815226  -1.3104021293201342,  1.1621463660527556 -0.17752334851646651   1.0110093772982585 -0.64363331876091867   2.2478299920191951   2.1573379618440631   -1.273206326396751, -3.5380652770996095   59.028693939208985  -21.504917888641359  -11.997749252319336 -0.72190742492675786   2.8071853675842284  0.13683818817138671,-66.450167943072898 -12.224083380358316 -54.439817318872137   19.66945941111678  8.8853377259902437 -5.6416469615694993 0.73312107966875417,0.50142180919647217 0.34472715854644775 0.21043656766414642, -0.68573635816574097  0.042942777276039124 -0.054226793348789215   0.72455573081970215, -0.26433813571929932   0.90644729137420654 -0.015837559476494789, 0.12852421402931213   1.6124305725097656 0.032127723097801208,  0.28075712919235229 -0.029956046491861343   0.03378995880484581 -0.029956046491861343   0.20445333421230316  0.059912752360105515   0.03378995880484581  0.059912752360105515   0.18378831446170807,    1.4318562972279736    0.54587023147423253     3.1545441437881294   -0.51797786512164379   -0.14830016888822684   -0.22683047274796309 2.1452501997032414e-06,0.67863297462463379
IIWA_7,1715791942.2507386,-0.17974653576182689   1.0722290217680477  0.55634193503679896  -1.7815247803582726  -1.4662062569690428   -1.086231749596662  -1.3166030668589783,  1.1663671849646802 -0.18315333166245495  0.99780831641915568 -0.60832847936453216   2.2726667267834029   2.0871300368696755  -1.2666025626711648,-3.3310508193969728  62.590955711364749 -19.175445880889892 -12.980247650146485 0.61274093627929682  4.2489926185607914  0.2356286849975586,-65.699383973410391 -11.661827277533035 -54.181024266121582  18.970004598732501  8.5665649058075974  -5.442284585290821 0.76056292028906525,0.50053918361663818 0.34913536906242371 0.21074689924716949, -0.68669909238815308  0.044447466731071472 -0.055140737444162369   0.72348344326019287,  -0.25976622104644775    0.89708882570266724 -0.0045353928580880165, 0.12852421402931213   1.6124305725097656 0.032127723097801208,  0.28107237815856934 -0.030079718679189682  0.033029209822416306 -0.030079718679189682   0.20359580218791962  0.060747310519218445  0.033029209822416306  0.060747310519218445   0.18428349494934082,    1.4498877606294869    0.54126694304645895     3.2217162239955854   -0.51109156381468068   -0.15783179643680256   -0.24093245974565747 1.8616015395878094e-06,0.67196345329284668
IIWA_7,1715791942.2557392,-0.1747717042398137  1.0711349818704721 0.55970734511392284 -1.7830168164118267 -1.4542187722740632 -1.0778989383004831 -1.3227326983167336,  1.1320870088522721 -0.19028426123298861  0.93286305622027965 -0.54634422563379337   2.2976327692259098   2.0030164813428968  -1.2584673084471418,   18.461925727844239    69.238270603179927   -1.3143997383117676   -22.836044750213624   -2.8453717041015625    2.4180309104919435 -0.086107933044433593,-64.963916547116398  -10.93187905566829 -54.074019330800354  18.197512271908764  8.2065474871175148 -5.0753532420348204 0.78314976751197229, 0.4996650218963623 0.35348218679428101 0.21122460067272186, -0.68744593858718872  0.045905929058790207 -0.056020528078079224   0.72261500358581543,-0.25535747408866882  0.88739103078842163 0.011297385208308697, 0.12852421402931213   1.6124305725097656 0.032127723097801208,  0.28136527538299561 -0.030171869322657585  0.032290425151586533 -0.030171869322657585   0.20274995267391205  0.061534278094768524  0.032290425151586533  0.061534278094768524    0.1847945898771286,    1.4664704975411169    0.53551174628996279     3.2867665665188284   -0.50279710550871215   -0.16691338655050458   -0.25358777918782494 1.5775967199260776e-06,0.66519707441329956
IIWA_7,1715791942.2607396,-0.16990610894869199   1.0702175294778749  0.56257786653622843  -1.7846246199364992  -1.4424114345303551  -1.0707197284442653  -1.3287684333514762,  1.1002934187266862 -0.18892550469027961  0.86111130186844753 -0.50138752149393429   2.3103997251290487   1.8895815793230288   -1.248203248147419,  48.634955062866212   68.554047492980956   19.867420558929442  -25.240348625183106  -3.3172526550292969   1.1801459350585937 -0.27901640319824217, -60.56624109247867 -9.9253340593314423 -51.309595954473771  15.748544606180472  6.9504605810152569 -5.1209485622569426 0.88882424452315001,0.49966004490852356 0.35682326555252075 0.21149803698062897, -0.68830752372741699  0.047803521156311035 -0.057722233235836029   0.72153705358505249,-0.21482805907726288  0.84025806188583374 0.015851419419050217, 0.12852421402931213   1.6124305725097656 0.032127723097801208,  0.28150662779808044 -0.030370611697435379  0.031746763736009598 -0.030370611697435379   0.20215868949890137  0.062187202274799347  0.031746763736009598  0.062187202274799347   0.18523415923118591,    1.4847764416447973    0.52950240315130515     3.3406224683281138   -0.49640372618497963   -0.17811053584093628   -0.26949557184874351 1.1760556972717495e-06,0.62534028291702271
IIWA_7,1715791942.2656898,-0.16420707072502244   1.0693408235419948  0.56613388576629198  -1.7861689072208671  -1.4307411964136483  -1.0646732674886046  -1.3347050588828966,  1.1081962639281309 -0.18620864118742664  0.83112981069729985 -0.46288150856986104   2.3151293047715136   1.7535237016848531  -1.2360276197747506,  47.115952873229979   62.429645744323729   18.936864280700682  -21.438009395599366   -2.705392093658447  0.67851716232299808 0.091781711578369146,-56.614412331186159 -9.2080643122392729 -48.675204053977644  13.856169113964606  5.8800210123878252 -5.0810715762658001 0.92530925676918474,0.49954313039779663 0.35993355512619019 0.21171185374259949, -0.68897145986557007  0.049733549356460571 -0.059229850769042969   0.72065019607543945,-0.18583030998706818  0.79353588819503784 0.017164187505841255, 0.12852421402931213   1.6124305725097656 0.032127723097801208,  0.28165307641029358 -0.030499689280986786  0.031206326559185982 -0.030499689280986786   0.20162491500377655  0.062784023582935333  0.031206326559185982  0.062784023582935333   0.18560594320297241,    1.4989867079817643    0.52264413064850856     3.3890008824029039   -0.48911159957842898   -0.18839516719104665   -0.28346676249579872 8.2531048661849127e-07,0.58810925483703613
IIWA_7,1715791942.2707398,-0.15807102769117687   1.0682491805268977  0.56974736919839586  -1.7873765575807721  -1.4191762276562427  -1.0597603345048456  -1.3405540196893986,  1.1319987324963277 -0.19263263355382618  0.80944318584199515 -0.41861122125208883   2.3147021941134325   1.5993362806982403    -1.22278052807988,  29.647427692413331   53.931298980712889 -0.71926630020141602  -19.156958007812499  -2.3673281288146972   2.8459005622863769  0.13450192642211914,-55.924584689823568 -8.2777407454190168 -48.744294623705713  13.051033984395309  5.4892339501062448 -4.3660824775209299 0.94063977725126513,0.49890932440757751 0.36368775367736816 0.21241024136543274, -0.68909543752670288   0.05109405517578125 -0.060181546956300735   0.72035753726959229,-0.18358230590820312  0.78202080726623535 0.037934426218271255, 0.12852421402931213   1.6124305725097656 0.032127723097801208,  0.28186458349227905 -0.030506553128361702  0.030591169372200966 -0.030506553128361702   0.20093454420566559  0.063371077179908752  0.030591169372200966  0.063371077179908752   0.18606787919998169,    1.5096242654646375    0.51356593281948193     3.4402654344800609    -0.4778512987364536   -0.19613005227459013   -0.29146034422478095 5.6801852110766049e-07,0.58072024583816528
IIWA_7,1715791942.2757664,-0.15212870965931799   1.0668176648559873  0.57228826457476056  -1.7883515341711025   -1.407673672745553   -1.055383276179062  -1.3463085448752321,  1.1432917072714173 -0.21136673367947603  0.74919036372818437 -0.37388804061488756   2.3118639517183359   1.4545513575899367  -1.2084054298972451,   19.627390239715577    56.189638519287108   -8.8609734535217282   -16.557210903167725   -1.0722966384887695    3.1706409454345703 -0.069420349121093752,-56.198187123475748 -6.9103524780252608 -49.793456746215355  12.269802849187396  5.2366078332824646 -3.2526794883110197   1.004381004524534,0.49816343188285828 0.36765238642692566  0.2135169506072998, -0.68884062767028809  0.052027210593223572 -0.061042260378599167   0.72046208381652832,-0.18598191440105438  0.78150075674057007 0.071255959570407867, 0.12852421402931213   1.6124305725097656 0.032127723097801208,  0.28207200765609741 -0.030462333932518959  0.030001381412148476 -0.030462333932518959   0.20020677149295807  0.063897863030433655  0.030001381412148476  0.063897863030433655   0.18658101558685303,    1.5183902549855688     0.5023428797841234     3.4897268835027973   -0.46377364344785121   -0.20246811814050858   -0.29562486321754733 3.3077540706472064e-07,0.58297121524810791
IIWA_7,1715791942.2807939,-0.14656167766829375   1.0652890769173242  0.57386616755502029  -1.7890649550652309  -1.3961103337766028  -1.0517510972163431  -1.3519293861306769,  1.1373146454581033 -0.23023690449010331  0.66246841019293656 -0.32764726825704615    2.312024720132678   1.3089282445807073  -1.1915579941355889,  23.031030544281005   60.308419677734378  -2.8946726989746092  -15.057052059173584  -2.0459912872314452   2.4967963066101073 -0.33174916839599611,-54.786300541424026  -5.577357099651163 -49.258158538065999  10.888255089947707  4.6188620936958333 -2.4331122478938783   1.106932753736499,0.49772891402244568  0.3711211085319519 0.21450161933898926, -0.68873924016952515  0.053026642650365829 -0.062246095389127731    0.7203831672668457,-0.17434075474739075  0.76159816980361938 0.093175120651721954, 0.12852421402931213   1.6124305725097656 0.032127723097801208, 0.28221002221107483 -0.03044605441391468   0.0295249093323946 -0.03044605441391468  0.19964553415775299 0.064347527921199799   0.0295249093323946 0.064347527921199799  0.18700680136680603,    1.5261056212354518    0.48979807776472484      3.530931611959609   -0.44915949728263627   -0.20923573915965221   -0.30123220138555951 1.0052847443375867e-07,0.56921225786209106
IIWA_7,1715791942.2857695,-0.14106697048522598   1.0637879329721518  0.57515519072789012  -1.7895226925325083  -1.3846083541264345  -1.0487826047908029  -1.3574471629667144,  1.1296400036891936 -0.24423528139897957  0.58153565506914251 -0.28042731329673282   2.3096989621128747    1.165882292686174   -1.173957468749971,    31.627507537841797     59.493804344177249     3.5936903762817383    -17.130334968566896     -2.061838035583496     1.9985050506591797 -0.0093450469970703127,-51.751138886680636 -4.3181918936052179 -47.363807717180215  8.9524763894279893   3.622857336700398 -1.8564934812853231  1.2036705299944079,0.49766477942466736 0.37404477596282959 0.21536123752593994,  -0.6886516809463501   0.05426253005862236 -0.063774503767490387   0.72024112939834595,-0.14890126883983612  0.72424721717834473  0.10586744546890259, 0.12852421402931213   1.6124305725097656 0.032127723097801208, 0.28228119015693665 -0.03046286478638649 0.029151249676942825 -0.03046286478638649  0.19924226403236389 0.064716875553131104 0.029151249676942825 0.064716875553131104  0.18735234439373016,     1.5331259735287261     0.47666882805064148      3.5638455612723163    -0.43520085853554491    -0.21667431636895884    -0.30767760800376465 -1.2994849640790562e-07,0.54065126180648804
IIWA_7,1715791942.2907383,-0.1353948967258351  1.0622775610348916 0.57641928678113363 -1.7899338712694102 -1.3731825940518985 -1.0464273450335082 -1.3628385660748521,  1.1305949533269901  -0.2558031026095926  0.51579236618505453 -0.24078900011346166   2.3047895726717398   1.0269162244407259  -1.1548220993254841, 30.342404800415039   61.39188495635986  6.4663537025451658 -17.699057159423827 -1.2985529899597168  1.0609965858459474 0.22795239639282228,-48.782100732272752 -3.0687856421458464 -45.564291195674343  7.0172923063263486  2.6369798970289047  -1.267768715443474  1.2951603713882638,0.49771979451179504 0.37681815028190613 0.21627995371818542, -0.68841677904129028  0.055491190403699875 -0.065380305051803589   0.72022807598114014,-0.12302993983030319  0.68859851360321045  0.11865916103124619, 0.12852421402931213   1.6124305725097656 0.032127723097801208,  0.28232824802398682 -0.030478129163384438  0.028819119557738304 -0.030478129163384438   0.19888141751289368  0.065038003027439117  0.028819119557738304  0.065038003027439117    0.1876886785030365,     1.5394570853120015     0.46289943563593283      3.5931794759873625    -0.42098893706477014     -0.2239550388773992    -0.31298418016767471 -3.4197444875871952e-07,0.51380795240402222
IIWA_7,1715791942.2957628,-0.12968423384576572    1.060854374402421  0.57759643729419363  -1.7902649954623477  -1.3617658461594879  -1.0446455904327754  -1.3680544602914892,  1.1329024778643675 -0.26156994738649575  0.45971991347044361 -0.20587616780827217   2.3005015738338135   0.8928031635818936  -1.1324934481258735,  26.102641166687011   57.794672691345212  0.98249839782714843  -15.195270919799805  -2.2766495132446289   2.1086431045532228 -0.11247431564331055, -46.787844039768828  -1.8822823705175638   -44.49008038882679   5.4995348440615857   1.8847052180191342 -0.55711670447721806   1.3572463445170047,0.49766340851783752 0.37966397404670715 0.21732580661773682, -0.68799746036529541  0.056602861732244492 -0.066845916211605072   0.72040772438049316,-0.10642781108617783  0.66307109594345093  0.13419494032859802, 0.12852421402931213   1.6124305725097656 0.032127723097801208, 0.28238469362258911 -0.03045562282204628 0.028484705835580826 -0.03045562282204628  0.19850772619247437 0.065332807600498199 0.028484705835580826 0.065332807600498199  0.18802955746650696,     1.5441056137932563     0.44813056911952032      3.6210537240375373    -0.40550108877113189    -0.23049374882511131    -0.31625521161249281 -5.3631410423804482e-07,0.49620577692985535
IIWA_7,1715791942.3007662,-0.12411234820317477   1.0593303405731918   0.5783239397228932  -1.7904588402375543  -1.3504273312545347  -1.0430905173408793  -1.3731075487774203,  1.1291974079951321 -0.27021731107836766  0.39687602792433757 -0.17245472525488031   2.2939418552651785  0.77644545454135749  -1.1081182979379389,   21.633010829925539    51.800663166046142   -2.2968981361389158    -14.08247703552246   -1.1911472511291503    1.4765174255371094 -0.026700134277343749, -45.189380632482653 -0.81512663645979078   -43.70568696678707   4.2064007613654875   1.2290937357888616  0.16725249867531522   1.3759697976056735,0.49757936596870422 0.38248997926712036 0.21843346953392029, -0.68740743398666382  0.057740975171327591 -0.068210095167160034   0.72075265645980835,-0.093829266726970673   0.64192867279052734   0.14925371110439301, 0.12852421402931213   1.6124305725097656 0.032127723097801208,  0.28244268894195557 -0.030408378690481186  0.028153203427791595 -0.030408378690481186   0.19813825190067291  0.065599255263805389  0.028153203427791595  0.065599255263805389   0.18836741149425507,     1.5474514578643905     0.43272975859309781      3.6470188922272939    -0.38943911878330795    -0.23666018967372082    -0.31795348926255684 -7.2924599692214542e-07,0.48258709907531738
IIWA_7,1715791942.305768,-0.11878787694468802   1.0576466168623035  0.57857842465396336  -1.7905498005804328  -1.3390388660735868  -1.0418310352836797  -1.3779714063751054,  1.1163367767355754 -0.28352279729822244  0.32768021958227667 -0.14160219391904333   2.2906920914500604  0.67153564592107051  -1.0810489422577572,   20.671872276306154    53.585826801300051   -1.7660320663452149   -10.218511562347413   -0.6726064300537109    1.8159428825378419 -0.053066516876220701,-43.088497375285868  0.1438072454104975 -42.400089254279273  2.7916565664344462 0.47677410504000339 0.72696678082211408  1.3972318989697732,0.49765545129776001 0.38508084416389465 0.21947722136974335,  -0.6868736743927002  0.058954976499080658 -0.069702520966529846    0.7210204005241394,-0.076759003102779388   0.61575305461883545    0.1589556485414505, 0.12852421402931213   1.6124305725097656 0.032127723097801208, 0.28246778249740601 -0.03038119338452816  0.02787473052740097 -0.03038119338452816  0.19784347712993622 0.065833494067192078  0.02787473052740097 0.065833494067192078  0.18866938352584839,     1.5506685813431176     0.41698000159140491       3.669237776622758    -0.37352635040388549    -0.24304303212474565    -0.32020592609516285 -8.7927443104263148e-07,0.46455058455467224
IIWA_7,1715791942.310751,-0.11364850199853226   1.0559374866116602  0.57853108696132616  -1.7904236666171389  -1.3276039981728822   -1.040678991768242  -1.3826680841197299,  1.0986444192346911 -0.29518344786431167  0.26025066796033308 -0.10823639660348019   2.2899483891882317  0.58331025735436604  -1.0527062635911841,    24.97884839630127    51.706565685272217 -0.038736495971679684   -10.661340141296387   -1.8135723114013671    1.6420582580566405 -0.053066516876220701,-40.307980290209883  1.0817470418802482 -40.538102866061735  1.1490685507349045 -0.4465908138569159  1.1776363773925307  1.4117604542738977,0.49795445799827576 0.38737028837203979 0.22049051523208618, -0.68636226654052734   0.06032983586192131 -0.071378320455551147   0.72122973203659058,-0.053545624017715454   0.58287739753723145   0.16571567952632904, 0.12852421402931213   1.6124305725097656 0.032127723097801208,  0.28244969248771667 -0.030387448146939278  0.027661409229040146 -0.030387448146939278   0.19763423502445221  0.066029176115989685  0.027661409229040146  0.066029176115989685   0.18893402814865112,     1.5542700464381554     0.40123112391476923      3.6872376328771495    -0.35838997109305382    -0.24987581660784741    -0.32309722344692204 -9.7389563080696462e-07,0.44131395220756531
IIWA_7,1715791942.3157401,-0.10854867501331282   1.0541562713176664  0.57832615672737553  -1.7902961543891514  -1.3162552247461845  -1.0395538527213897   -1.387172894329024,   1.0829086147965303  -0.30739537005120043   0.20000332501024132 -0.081488628163281382    2.2859096484184942   0.51165376775758475    -1.022357419244714,  26.594636566162109   53.905758235931394   2.2194251441955566  -11.020533103942871 -0.98161802291870115   1.2245349082946777   0.1278268928527832, -37.199107109161808   1.9508938866931298  -38.406001559740929 -0.61957916271672409  -1.4608668025000753   1.5115518378603463   1.4227669628038662,0.49847322702407837  0.3894495964050293  0.2214621901512146, -0.68587303161621094  0.061854850500822067 -0.073211893439292908   0.72138214111328125,-0.025709940120577812    0.5482822060585022   0.16969890892505646, 0.12852421402931213   1.6124305725097656 0.032127723097801208,  0.28239461779594421 -0.030428966507315636  0.027497543022036552 -0.030428966507315636   0.19748388230800629   0.06620045006275177  0.027497543022036552   0.06620045006275177   0.18918590247631073,     1.5587657890883122     0.38554511691479831       3.702714107506111    -0.34397436637245704    -0.25718067806046463    -0.32661939018829855 -9.9398089759006325e-07,0.41686743497848511
IIWA_7,1715791942.3207664,-0.10347473398797742   1.0524541518364621  0.57805968749299652   -1.790171398690551  -1.3049329126053419  -1.0384711979337742  -1.3914570749586628,   1.0692845328506402  -0.31400107528913457   0.14934389063303277 -0.060200674586610062    2.2816202043684979   0.45262920571068738  -0.98925316058132151,  25.076978626251222   55.104828990936277   1.5899570846557618  -9.8848494720458984  -1.2272426223754882   1.3383442306518554 -0.10379677200317383,-34.473350542609168  2.6705460349274701 -36.444194304230258 -2.1261335585630889 -2.3593940394458901    1.79105895230275  1.4145381519181461,0.49901273846626282 0.39145055413246155 0.22240309417247772, -0.68542921543121338  0.063421368598937988 -0.075023561716079712    0.7214818000793457,-0.0023333572316914797    0.51750838756561279    0.17184102535247803, 0.12852421402931213   1.6124305725097656 0.032127723097801208,  0.28232836723327637 -0.030474813655018806  0.027351420372724533 -0.030474813655018806   0.19736023247241974   0.06636480987071991  0.027351420372724533   0.06636480987071991   0.18942293524742126,     1.5630742085059879     0.36970415957426894       3.716895076799176    -0.32946154053181687    -0.26442798962822422    -0.33037208191366574 -9.3644825227556794e-07,0.39573267102241516
IIWA_7,1715791942.3257704,-0.098493311120960991    1.0507977521276786   0.57763538606178122   -1.7900622822328796    -1.293784419550035   -1.0372428148076851   -1.3955492682797512,   1.0546845409611694  -0.31745684858264794   0.10250305525781417 -0.043795881362431212    2.2712358857070769   0.41123868961211324  -0.95509026130859542,   23.375158473968504    49.942910045623776  -0.99834514617919923   -11.394692440032959   -1.2096351242065428   0.99424625015258794 -0.069754100799560542,-32.177629753524862  3.1711948688104821  -34.70989935899226 -3.3216523692317774 -3.1385422678941466  2.0041007226098895  1.3621572296576456,0.49954217672348022 0.39341303706169128 0.22328713536262512, -0.68498903512954712  0.065099261701107025 -0.076734915375709534   0.72157043218612671,0.01618536189198494 0.49134925007820129  0.1713738888502121, 0.12852421402931213   1.6124305725097656 0.032127723097801208,  0.28226146101951599 -0.030514311045408249  0.027202874422073364 -0.030514311045408249   0.19724671542644501  0.066528730094432831  0.027202874422073364  0.066528730094432831   0.18965110182762146,     1.5669044195201209     0.35377657849977595      3.7304679389018602    -0.31488835705939522    -0.27161440474099408    -0.33405639548789168 -8.1077100588800022e-07,0.37789002060890198
IIWA_7,1715791942.3307617,-0.09365533948315985   1.0490505720630956  0.57694749148062796  -1.7901001523869893  -1.2828614218123553  -1.0358743960617267   -1.399452710132723,   1.0372664982809812  -0.32385268144943696  0.054486660960120989 -0.036551511254333785    2.2539086180728489   0.38372770152802615  -0.92020988316574659,  22.107530982971191   51.186341041564944  0.15582635879516601  -8.7192330932617192 -0.59337268829345702   1.5492752914428711 0.078765396118164063,-30.037353872302841  3.4234004851060105 -32.921086919439048 -4.2696408319848773 -3.8306983755572652   2.070986766082803    1.29162564424148,0.50008469820022583 0.39527648687362671 0.22404138743877411, -0.68466222286224365  0.066856101155281067 -0.078392453491687775   0.72154176235198975,0.031752102077007294  0.46648022532463074  0.16591067612171173, 0.12852421402931213   1.6124305725097656 0.032127723097801208,  0.28218778967857361 -0.030556824058294296  0.027062229812145233 -0.030556824058294296   0.19716274738311768  0.066696964204311371  0.027062229812145233  0.066696964204311371   0.18985661864280701,     1.5704278103694236     0.33795194520536143      3.7431049027309982    -0.30043855181993706    -0.27878848003481949     -0.3384710050031714 -5.8629900934192847e-07,0.36014470458030701
IIWA_7,1715791942.3357379,-0.088971904315151881    1.0473151364281323   0.57609709092906769   -1.7901296336160493   -1.2721480999024954   -1.0343473062700601   -1.4031564947186634,   1.0171506053451038  -0.32849957055807982 0.0095733067056859578 -0.030420458165866672    2.2316597708526733   0.36806575288908505  -0.88431928997021536,  23.082112033843995   49.196851448059085   1.3777867317199708  -7.4382876014709476  -1.0652536392211913   0.8927857398986816 0.045723979949951171,-27.903367825564661    3.48053671642292 -30.945730949360737  -5.004107069080697 -4.4655723846439894  2.0153883890279531  1.2099752889563922,0.50062495470046997 0.39698100090026855  0.2246595174074173, -0.68449634313583374  0.068668067455291748 -0.080016329884529114   0.72135072946548462,0.044392183423042297  0.44022402167320251  0.15620371699333191, 0.12852421402931213   1.6124305725097656 0.032127723097801208,  0.28210359811782837 -0.030603565275669098  0.026940148323774338 -0.030603565275669098   0.19712667167186737  0.066866889595985413  0.026940148323774338  0.066866889595985413   0.19002000987529755,     1.5734112278815715     0.32234452586887841      3.7539435797597775    -0.28621100925985132    -0.28589333307760256    -0.34393184703329638 -2.4736479531384248e-07,0.34063223004341125
IIWA_7,1715791942.3407395,-0.084397345949292601    1.0455024624470359   0.57518317391903651   -1.7901806264644724     -1.26179008636217   -1.0326309255944548    -1.406675542530099,  0.99670281891045431  -0.33530661569032039 -0.028898035036698612 -0.026376080469618819    2.1996483582951543   0.36310782933548053  -0.84821734443359342,  23.204438758850099   47.149559116363527   1.3099978637695313  -8.5369954872131348 -0.81522716522216798   1.0179426193237304 0.033708919525146486,-25.754539281585686  3.4122653694442637 -28.889032755255009  -5.647073906946809 -5.0781678689103558  1.8629602834989996  1.1235022428687231,0.50121587514877319 0.39855450391769409 0.22516365349292755, -0.68444633483886719  0.070548899471759796 -0.081627801060676575   0.72103607654571533,0.056750856339931488  0.41399744153022766  0.14400210976600647, 0.12852421402931213   1.6124305725097656 0.032127723097801208,  0.28200560808181763 -0.030662845820188522  0.026836564764380455 -0.030662845820188522   0.19712553918361664  0.067038111388683319  0.026836564764380455  0.067038111388683319   0.19016304612159729,    1.576484861945282   0.30705937312713871    3.7637040575075886   -0.2724022437670115  -0.29302656919494297   -0.3502399837369552 2.028714973789647e-07,0.32086166739463806
IIWA_7,1715791942.3457375,-0.079944247664073473    1.0436165649225013   0.57418344986890957   -1.7903349832744357   -1.2517938047011583   -1.0307517391881433   -1.4100112317226399,   0.9754861865371286  -0.34368119353364063 -0.063107390034436397 -0.027275136774228687    2.1595699530765931   0.36565371972084287  -0.81200144324851087,  19.210672824859618   50.477921436309813  0.65587930679321294  -8.1962903976440433 -0.34950883865356447    1.043307746887207   0.1385069465637207,-23.880045570757126  3.3186736538429886 -27.007880548798546 -6.1466078687925902 -5.5885669349888856  1.6917265039464859  1.0523686846156859,0.50179100036621094 0.40006062388420105 0.22561533749103546, -0.68451231718063354  0.072366416454315186 -0.083199255168437958   0.72061353921890259,0.066143065690994263  0.39036464691162109  0.13230563700199127, 0.12852421402931213   1.6124305725097656 0.032127723097801208,  0.28189948201179504 -0.030729483813047409   0.02674897201359272 -0.030729483813047409   0.19714160263538361  0.067213058471679688   0.02674897201359272  0.067213058471679688   0.19029588997364044,    1.5796623140742483    0.29202434687380929     3.7730229931849379    -0.2586646867825948   -0.29991415469599048   -0.35713127508074649 7.3988459803331352e-07,0.30304303765296936
IIWA_7,1715791942.3507619,-0.075730354497738725     1.041774230052515   0.57303452220251894   -1.7905849742008482   -1.2421467913487387   -1.0287096871645161   -1.4131735091458597,  0.94894467588309284  -0.34863834962636475  -0.09644301868317437 -0.031819746475879929    2.1135364965580576   0.37420505672176563  -0.77609225152760231,  16.948300537109375   49.360849914550784  -1.6436599540710448  -7.8978433036804194 -0.96665164947509763   0.7679626121520996 0.055736530303955076,-22.238610143196095  3.1537157315860211 -25.235845016630861 -6.4616855527312529 -6.0021027529763096  1.4897633391072462 0.98394740633846289, 0.5023188591003418 0.40148672461509705 0.22599305212497711, -0.68470096588134766  0.074134469032287598 -0.084699980914592743   0.72007954120635986,0.07191360741853714 0.36828082799911499 0.12011664360761642, 0.12852421402931213   1.6124305725097656 0.032127723097801208,  0.28178974986076355 -0.030796457082033157  0.026672104373574257 -0.030796457082033157   0.19717752933502197  0.067393027245998383  0.026672104373574257  0.067393027245998383   0.19040828943252563,    1.5825379352083502    0.27728897989653944     3.7816694213903546   -0.24501200047843952   -0.30650248492314347   -0.36460771305169004 1.3531193943094877e-06,0.28600049018859863
IIWA_7,1715791942.3557615,-0.071780294027781702    1.0398942047973319   0.57164063703019541    -1.790952350627679   -1.2329726274841912   -1.0264946429050863   -1.4162034806852182,  0.91715815950475521  -0.35411168990841818  -0.13290982183948064 -0.040150854253936871    2.0577957518283463   0.38796581575460271  -0.74207266279642059,  15.172546649932862   49.878386058807372  -1.9377051734924315  -7.0623675155639649   -0.169031982421875   1.3430167541503906 0.083771671295166009,-20.467330768490104  2.8225663286384211 -23.280824852056643 -6.6592092947992541  -6.401943682890459  1.1756477744045248 0.90849132144502232,0.50285297632217407  0.4027518630027771 0.22622066736221313, -0.68502551317214966  0.075946420431137085 -0.086153239011764526   0.71940934658050537,0.076994739472866058  0.34416288137435913  0.10444036871194839, 0.12852421402931213   1.6124305725097656 0.032127723097801208,   0.2816728949546814 -0.030868245288729668  0.026607265695929527 -0.030868245288729668    0.1972489207983017  0.067577138543128967  0.026607265695929527  0.067577138543128967   0.19048869609832764,    1.5850896229068212    0.26322363945130434      3.789129597858043   -0.23203638001234594   -0.31297378628902806   -0.37295339354326273 2.0592656468920723e-06,0.26696768403053284
IIWA_7,1715791942.3607669,-0.068047627406129962    1.0380358110438148   0.57005728131410316   -1.7913910931312915   -1.2242276905227245     -1.02417132114594   -1.4191050413701904,  0.88303319246987377  -0.35762510206741616   -0.1696620861152745 -0.049670383547650798    1.9960340799213458   0.40330552296953381  -0.70972055763602737,  15.673951797485351   51.758991424560548 -0.91118803024291994  -5.1413894653320309 -0.30549009323120119   1.1527782974243164 0.096120483398437498,-18.492961391576905  2.3790131363655318 -21.062971221226586 -6.7810568564576776  -6.794109601814907 0.75859495342170657  0.8497442994278851,0.50339972972869873 0.40381458401679993 0.22628940641880035, -0.68553167581558228  0.077726699411869049 -0.087606847286224365   0.71856099367141724,0.081819541752338409  0.31676024198532104 0.085679143667221069, 0.12852421402931213   1.6124305725097656 0.032127723097801208,  0.28154474496841431 -0.030948838219046593  0.026567151769995689 -0.030948838219046593   0.19737106561660767  0.067761272192001343  0.026567151769995689  0.067761272192001343    0.1905248761177063,    1.5872749736960401    0.24987680793575606     3.7946986869243915   -0.21977847160226105   -0.31924350810541569   -0.38241142571227016 2.8568116761107376e-06,0.24542695283889771
IIWA_7,1715791942.3657396,-0.064451101593038448    1.0361979102918764   0.56835138679481001   -1.7918411607491711   -1.2159248278329624   -1.0217485902322554   -1.4218816064828734,   0.8502875864995596  -0.35961611173147129  -0.20396544966394559 -0.057739011553303812     1.928941771527561   0.41955365492301155  -0.67883905061614125,  17.278985969543456   49.156523956298827  -1.7369796943664551  -6.2480207252502442  0.20600772857666017   1.0095988273620606 0.024363872528076171,-16.468330926525862   1.857200262440996   -18.7520608933327 -6.8292590163577938 -7.1668418965104497 0.28176063571203791 0.80002138108455789, 0.5039522647857666 0.40471538901329041 0.22621993720531464, -0.68617171049118042  0.079477638006210327 -0.089040398597717285   0.71758168935775757,0.086128696799278259  0.28833985328674316 0.065261811017990112, 0.12852421402931213   1.6124305725097656 0.032127723097801208,  0.28140959143638611 -0.031033337116241455  0.026544841006398201 -0.031033337116241455    0.1975325345993042  0.067944400012493134  0.026544841006398201  0.067944400012493134   0.19052550196647644,    1.5890219172698394    0.23713791868917866     3.7986843701665052    -0.2081218138840768   -0.32527970356710512   -0.39260534899376864 3.7204896941034349e-06,0.22341255843639374
IIWA_7,1715791942.3707662,-0.060889389971619558     1.034281033500368   0.56647166108175973    -1.792433241335879   -1.2081306713733573   -1.0192462840856522   -1.4245506731671844,  0.82269853405640325  -0.36436796104550967  -0.23836138825316786 -0.069874432710959028     1.854919675606254   0.43573516980253663  -0.64983390786535278,  16.456305137634278   49.827304569244383   -2.565412483215332  -7.0236310195922851 -0.63122880935668946   1.2615813446044921    -0.04272021484375, -14.611228279628072   1.3276144497226574  -16.556731245227425  -6.8068915652510054  -7.4835006012327501 -0.20167002950705215  0.76515615560379002,0.50449144840240479  0.4055188000202179 0.22605444490909576, -0.68691867589950562  0.081143319606781006 -0.090439975261688232   0.71650475263595581,0.089204519987106323  0.26171153783798218 0.045224130153656006, 0.12852421402931213   1.6124305725097656 0.032127723097801208,  0.28127104043960571 -0.031118974089622498  0.026536634191870689 -0.031118974089622498   0.19771876931190491  0.068126745522022247  0.026536634191870689  0.068126745522022247   0.19050346314907074,    1.5904217880322591    0.22477911095375447     3.8016138814933598   -0.19673740800119077   -0.33098692553057418   -0.40324051709283992 4.6167265566054994e-06,0.20322373509407043
IIWA_7,1715791942.3757434,-0.057367406080049949    1.0323354544420615   0.56438634605479998   -1.7932062837680862   -1.2008759968836755     -1.01676656817189   -1.4271152372807847,  0.79903818290790696  -0.36931753116866778  -0.27410171168092407 -0.086821243457055858    1.7741227200722736   0.44777677239251612  -0.62244969083629376,  14.168392105102539   51.117784305572506  -3.3753573989868162  -6.9743300247192384 0.017607498168945312   1.7311699562072753 0.055069026947021482, -13.149335361999556  0.77725855001843325  -14.562185691735344  -6.5824696081185632  -7.6738184080589216 -0.66952803443981757  0.74305040759841223,0.50492411851882935 0.40626087784767151 0.22579438984394073, -0.68780702352523804  0.082639060914516449 -0.091754689812660217   0.71531349420547485,0.087563812732696533  0.23794189095497131 0.025553286075592041, 0.12852421402931213   1.6124305725097656 0.032127723097801208,  0.28113904595375061 -0.031190870329737663  0.026536472141742706 -0.031190870329737663   0.19792978465557098  0.068310528993606567  0.026536472141742706  0.068310528993606567   0.19044360518455505,    1.5907134515940058    0.21246502440241954      3.803173378782887   -0.18505899932197423   -0.33611899166974268   -0.41428084206529547 5.4984967690074882e-06,0.18478628993034363
IIWA_7,1715791942.3807406,-0.053909238080001025    1.0303690229534337   0.56207075414074448   -1.7940958727427569   -1.1941643515710885   -1.0143172922183628   -1.4295968107702863, 0.77755726632828259 -0.37411128448004827 -0.31190504590695944 -0.10504055375247388   1.6877639885613012  0.45619245605510433 -0.59722269224909985, 12.388605468750001   50.21982548904419 -3.9308739662170411 -6.4267368316650391 0.26499284744262697  1.5212401504516602 0.21860734939575197,-12.011542602639679 0.16487775112309322  -12.70587294462597 -6.1417912360560667 -7.7502354253720025 -1.1340662212852886 0.72435928472934263,0.50522643327713013 0.40692940354347229  0.2254180908203125, -0.68881940841674805  0.083968766033649445 -0.092956520617008209   0.71402812004089355, 0.081232108175754547   0.21595561504364014 0.0052870367653667927, 0.12852421402931213   1.6124305725097656 0.032127723097801208,  0.28102001547813416 -0.031240073963999748  0.026538845151662827 -0.031240073963999748   0.19816787540912628  0.068492405116558075  0.026538845151662827  0.068492405116558075   0.19033558666706085,    1.5894091762422846    0.20020671730680561     3.8029123379681451   -0.17313173570698837   -0.34061706519228352   -0.42551134818324954 6.3333862598824453e-06,0.16729985177516937
IIWA_7,1715791942.3857384,-0.050520638576687357    1.0283403333887258   0.55954340088312915   -1.7950638985593415   -1.1879907500771207   -1.0120428061897671   -1.4319702865289843, 0.75758979319517272 -0.38043661017235542 -0.35061816703018067 -0.12275347566535934   1.5971552506077502  0.45593340598791154 -0.57271718414719797,  9.9407267189025887    51.77646667098999  -3.3128507804870604  -5.2074175834655758 -0.38296308517456051   1.7418500099182128 -0.12048435592651367, -11.014453583334962 -0.46354793735902156  -10.892521688734782  -5.6064959143257944  -7.7666132724196695   -1.600426418043938  0.72006385140607421,0.50544345378875732 0.40750303864479065 0.22493046522140503, -0.68995118141174316   0.08512810617685318 -0.094094865024089813   0.71264767646789551, 0.072955973446369171    0.1945364773273468 -0.015230952762067318, 0.12852421402931213   1.6124305725097656 0.032127723097801208,   0.2809084951877594 -0.031274501234292984  0.026551613584160805 -0.031274501234292984   0.19843846559524536  0.068667992949485779  0.026551613584160805  0.068667992949485779   0.19018170237541199,    1.5868363249360584    0.18807703078138616     3.8006436152464573   -0.16115853733378316   -0.34456932884996405   -0.43698240137768352 7.1133259282873951e-06,0.15095856785774231
IIWA_7,1715791942.390739,-0.047229171227736462    1.0262749121699957   0.55684527250327698   -1.7960549340332028   -1.1823855843436366   -1.0099784035888217   -1.4342644267102866, 0.73773052851417398 -0.38696613688708842 -0.38841966881823142  -0.1378441994867422   1.5019308298255654  0.44732282882814184 -0.54993935456985288,   7.7966484069824222    50.929589344024656    -4.570906524658203   -6.4302583312988277   0.28964334487915039   0.97789241790771486 -0.099124248504638676, -10.125454813214217 -0.98480050677607067  -9.1947853619705704  -5.0828201663529589  -7.7513947960509242  -1.9943293277825802  0.73272651213879403,0.50559401512145996 0.40798476338386536 0.22440195083618164, -0.69113773107528687  0.086092941462993622 -0.095192328095436096    0.7112349271774292, 0.063895218074321747   0.17371107637882233 -0.033102504909038544, 0.12852421402931213   1.6124305725097656 0.032127723097801208,   0.2808021605014801 -0.031297452747821808  0.026581708341836929 -0.031297452747821808   0.19873712956905365  0.068826697766780853  0.026581708341836929  0.068826697766780853   0.18998956680297852,    1.5832428019333378    0.17609290257336596     3.7961567981215083   -0.14925836352386312   -0.34797064383251808   -0.44824521869468725 7.8149131610416589e-06,0.13619360327720642
IIWA_7,1715791942.3957365,-0.044059823148467597     1.024126739764524   0.55398164196810751    -1.797168448314572   -1.1773342813949801    -1.008259925681954   -1.4364949306598982, 0.71695834598209385 -0.39549980572853938 -0.42528095646136399 -0.15481593084416129   1.4035967818067132  0.42659737933722325 -0.52917164164034436,  7.0277375640869142   51.793941917419431  -6.0094391250610348  -7.0887787628173831 -0.17519460678100585   2.2384725074768066  0.18890345001220704,-9.3010904386462823 -1.3694105383468016 -7.6235194976136178 -4.6248121629821117 -7.7141879891762928 -2.3103717579196164 0.77231535313093103,0.50569897890090942  0.4083772599697113 0.22385735809803009,-0.69235026836395264 0.086840346455574036 -0.09627523273229599  0.70981752872467041,0.055036976933479309  0.15349164605140686 -0.04786016047000885, 0.12852421402931213   1.6124305725097656 0.032127723097801208,  0.28069999814033508 -0.031312674283981323  0.026630902662873268 -0.031312674283981323    0.1990581750869751  0.068964704871177673  0.026630902662873268  0.068964704871177673   0.18976762890815735,    1.5789186896002505     0.1643705518699079     3.7896319958301561   -0.13761216745411531   -0.35084956222775077   -0.45911130926690191 8.4256495114232166e-06,0.12303771823644638
IIWA_7,1715791942.4007385,-0.040996235804134126    1.0219323682755856   0.55096431370293353   -1.7983872439107478   -1.1728563997398154   -1.0068387762850528   -1.4386469977675957, 0.69611017055901392 -0.40417470414036383 -0.46091789577605041 -0.17260456852235984   1.3019926916519593  0.39812387934582616 -0.50941999762017764, 6.2171549797058105  53.735038520812985 -7.5773868370056148 -7.4162782287597659 0.25971059799194335  2.0348839836120605 0.17288336944580079,-8.5571662870411576 -1.6033338630716125 -6.1973015049938125 -4.2015546907162493 -7.6485663663911954 -2.5179053432014471 0.82992114124717675,0.50572597980499268 0.40866938233375549 0.22332993149757385, -0.69355058670043945  0.087364278733730316 -0.097331114113330841   0.70843613147735596, 0.045060906559228897   0.13330882787704468 -0.058820862323045731, 0.12852421402931213   1.6124305725097656 0.032127723097801208,  0.28060629963874817 -0.031313609331846237   0.02669670432806015 -0.031313609331846237   0.19939933717250824  0.069076396524906158   0.02669670432806015  0.069076396524906158   0.18950977921485901,    1.5735776289922399    0.15300531213924273      3.780740046538611   -0.12633814911389152   -0.35316020124653846   -0.46924674987636195 8.9297138572419499e-06,0.11037206649780273
IIWA_7,1715791942.4057636,-0.038028582118382698    1.0197418917070393   0.54779041162331388   -1.7996831580798367   -1.1689260533528081    -1.005757080228612   -1.4406949220605745, 0.67559428387726828  -0.4109588260541438 -0.49569039980562635 -0.18992022158144461   1.1988080088018591  0.36176694573429363 -0.48945296981529141,  6.5585944099426268   54.341295146942137  -8.6576068496704099   -8.387331752777099 0.059865493774414059   2.1333407287597654 -0.11180681228637696,-7.9237216361292768 -1.7528651420972778 -4.8993240844525943 -3.7749964814504446 -7.5438958412141224 -2.6595736980065356 0.90177401977348137,0.50566929578781128 0.40887495875358582 0.22279976308345795, -0.69475239515304565  0.087668977677822113 -0.098341204226016998   0.70708012580871582, 0.033943772315979004   0.11371182650327682 -0.067557737231254578, 0.12852421402931213   1.6124305725097656 0.032127723097801208,  0.2805233895778656 -0.03129899874329567 0.026774926111102104 -0.03129899874329567  0.19975772500038147 0.069164812564849854 0.026774926111102104 0.069164812564849854  0.18921709060668945,    1.5672137676787656    0.14196897919926954     3.7697329966714932   -0.11538890350060171   -0.35491318912228564   -0.47873906117068543 9.3174659099304336e-06,0.098769642412662506
IIWA_7,1715791942.4107366,-0.03511863261744378    1.017551654684933  0.54447599450369621  -1.8010727290164155  -1.1655404619244603  -1.0050533665285342  -1.4426509273885832, 0.65687340713937137 -0.41637654172756711 -0.52912900462920764 -0.20751901472830633   1.0944700641754004  0.31756210459054784 -0.46980258897258392,   6.4376119346618657    55.490628662109373   -10.328558425903321   -7.8652694320678709 -0.070429992675781247    2.5431877899169923 -0.067084087371826168,-7.3756367256088122 -1.8509133737854748 -3.7054404381162374 -3.3475557731392676 -7.4150745204372717 -2.7501266749015132 0.97853199659431112,0.50553786754608154 0.40899735689163208 0.22225941717624664,-0.69593584537506104 0.087783209979534149 -0.09929252415895462   0.7057679295539856, 0.022248750552535057  0.094723932445049286 -0.074832536280155182, 0.12852421402931213   1.6124305725097656 0.032127723097801208,   0.2804529070854187 -0.031267136335372925   0.02686283178627491 -0.031267136335372925   0.20013204216957092  0.069228053092956543   0.02686283178627491  0.069228053092956543   0.18889032304286957,    1.5597749721063536    0.13124014154630714     3.7565867409998788    -0.1048072007083789   -0.35614577985842999   -0.48746893050388707 9.5902938923586589e-06,0.088740035891532898
IIWA_7,1715791942.4157605,-0.032258956889276248    1.0153789746933539   0.54101734719260142    -1.802503405729371   -1.1626975160498378   -1.0046798781768289   -1.4445207061429772, 0.63988575483819843 -0.42000843304521801 -0.56164909614715808 -0.22324228030086476  0.98929388632521698  0.26898921774064843 -0.45063322135382639, 6.1862372360229489    55.9288540725708 -9.9508775901794433 -8.2772848892211908 0.60921943664550782  2.3716394271850585 0.12649188613891602,-7.0109411633641106 -1.8964359676054996 -2.6821212249235087 -2.8881574011515556 -7.2383227680359177 -2.7769176016462542  1.0596021834384151,0.50530558824539185 0.40906199812889099  0.2217220664024353,-0.69708722829818726 0.087686255574226379 -0.10016749799251556  0.70451897382736206,0.0090334853157401085  0.077244207262992859 -0.080428257584571838, 0.12852421402931213   1.6124305725097656 0.032127723097801208,  0.28039920330047607 -0.031212825328111649  0.026955654844641685 -0.031212825328111649   0.20051619410514832  0.069265574216842651  0.026955654844641685  0.069265574216842651    0.1885303258895874,    1.5511108308938759    0.12070782367334942     3.7414019449482083  -0.094448896907906033   -0.35681382775099024   -0.49527139531146958 9.7358405781733381e-06,0.080838307738304138
IIWA_7,1715791942.4207408,-0.029429960667783354    1.0132240312830489   0.53750423153712734   -1.8039919662869688    -1.160362126233395   -1.0046814959879624   -1.4462633922029025, 0.62506845273027456 -0.42220448284837353 -0.58984390313668955 -0.23813624654460497  0.88485070171788882  0.21512666174717865  -0.4302140194800701,  6.9645578269958497   55.685544872283934  -10.066206703186035  -8.4850533676147464 0.081874866485595707   2.6219531860351561  0.15486077880859375,-6.7682401370635326 -1.8991557539993353 -1.7759796147239084 -2.4320138058603473 -7.0300567273334504 -2.7646518352862945   1.150994513460422,0.50499594211578369 0.40907147526741028 0.22118046879768372,-0.69821697473526001 0.087379105389118195 -0.10098443925380707  0.70332074165344238,-0.0044938996434211731   0.061080444604158401  -0.084972873330116272, 0.12852421402931213   1.6124305725097656 0.032127723097801208,  0.28035968542098999 -0.031140532344579697  0.027055630460381508 -0.031140532344579697   0.20091085135936737  0.069278031587600708  0.027055630460381508  0.069278031587600708    0.1881411075592041,    1.5414486116149817    0.11035931943226274     3.7243343327792999    -0.0843363479559045   -0.35697130111955744   -0.50227281684733782 9.7604591076105862e-06,0.075641743838787079
