RosTime,PositionForIiwa7,OrientationForIiwa7,PositionForIiwa14,OrientationForIiwa14
1715792939.1925094,0.55028057098388672 0.43533438444137573 0.31920647621154785, -0.4682212769985199  0.53063672780990601  0.52583819627761841 -0.47189795970916748,0.55028057098388672 0.43533438444137573 0.31920647621154785, -0.4682212769985199  0.53063672780990601  0.52583819627761841 -0.47189795970916748
1715792939.197484,0.55029571056365967  0.4353199303150177 0.31921607255935669,-0.46820017695426941   0.5306430459022522  0.52585482597351074 -0.47189328074455261,0.55029571056365967  0.4353199303150177 0.31921607255935669,-0.46820017695426941   0.5306430459022522  0.52585482597351074 -0.47189328074455261
1715792939.2024722,0.55029869079589844 0.43533554673194885 0.31919661164283752,-0.46821334958076477  0.53063923120498657  0.52585089206695557 -0.47188887000083923,0.55029869079589844 0.43533554673194885 0.31919661164283752,-0.46821334958076477  0.53063923120498657  0.52585089206695557 -0.47188887000083923
1715792939.2074454,0.55030494928359985 0.43532589077949524 0.31919550895690918,-0.46820065379142761   0.5306401252746582  0.52585095167160034 -0.47190040349960327,0.55030494928359985 0.43532589077949524 0.31919550895690918,-0.46820065379142761   0.5306401252746582  0.52585095167160034 -0.47190040349960327
1715792939.212482, 0.5502927303314209 0.43534088134765625 0.31920921802520752,-0.46819859743118286  0.53065264225006104  0.52585023641586304 -0.47188922762870789, 0.5502927303314209 0.43534088134765625 0.31920921802520752,-0.46819859743118286  0.53065264225006104  0.52585023641586304 -0.47188922762870789
1715792939.217485,0.55030018091201782 0.43534854054450989 0.31919059157371521,-0.46818959712982178  0.53063732385635376   0.5258491039276123 -0.47191661596298218,0.55030018091201782 0.43534854054450989 0.31919059157371521,-0.46818959712982178  0.53063732385635376   0.5258491039276123 -0.47191661596298218
1715792939.2224886,0.55029672384262085 0.43536615371704102 0.31919726729393005,-0.46823105216026306  0.53060531616210938  0.52582335472106934 -0.47194007039070129,0.55029672384262085 0.43536615371704102 0.31919726729393005,-0.46823105216026306  0.53060531616210938  0.52582335472106934 -0.47194007039070129
1715792939.2275085,0.55027985572814941 0.43537750840187073 0.31919261813163757,-0.46819186210632324  0.53063595294952393  0.52583235502243042 -0.47193452715873718,0.55027985572814941 0.43537750840187073 0.31919261813163757,-0.46819186210632324  0.53063595294952393  0.52583235502243042 -0.47193452715873718
1715792939.2325084,0.55024152994155884  0.4354701042175293 0.31916460394859314, -0.4682045578956604  0.53051507472991943  0.52589356899261475 -0.47198960185050964,0.55024152994155884  0.4354701042175293 0.31916460394859314, -0.4682045578956604  0.53051507472991943  0.52589356899261475 -0.47198960185050964
1715792939.237515,0.55019956827163696 0.43557935953140259  0.3191644549369812,-0.46822383999824524  0.53059875965118408  0.52576017379760742   -0.472025066614151,0.55019956827163696 0.43557935953140259  0.3191644549369812,-0.46822383999824524  0.53059875965118408  0.52576017379760742   -0.472025066614151
1715792939.242497, 0.5502011775970459 0.43565112352371216 0.31912669539451599,-0.46821776032447815  0.53044968843460083  0.52586847543716431 -0.47207796573638916, 0.5502011775970459 0.43565112352371216 0.31912669539451599,-0.46821776032447815  0.53044968843460083  0.52586847543716431 -0.47207796573638916
1715792939.2474804, 0.5502324104309082 0.43566665053367615 0.31910321116447449,-0.46820437908172607   0.5304560661315918  0.52589178085327148 -0.47205808758735657, 0.5502324104309082 0.43566665053367615 0.31910321116447449,-0.46820437908172607   0.5304560661315918  0.52589178085327148 -0.47205808758735657
1715792939.2524846,0.55025434494018555 0.43566924333572388 0.31907832622528076,-0.46813738346099854  0.53048110008239746  0.52590733766555786 -0.47207903861999512,0.55025434494018555 0.43566924333572388 0.31907832622528076,-0.46813738346099854  0.53048110008239746  0.52590733766555786 -0.47207903861999512
1715792939.257436,0.55029171705245972 0.43567001819610596 0.31904488801956177,-0.46816861629486084  0.53062117099761963  0.52579963207244873 -0.47201061248779297,0.55029171705245972 0.43567001819610596 0.31904488801956177,-0.46816861629486084  0.53062117099761963  0.52579963207244873 -0.47201061248779297
1715792939.2624838,0.55031871795654297 0.43569675087928772 0.31892108917236328,-0.46810358762741089  0.53055047988891602  0.52587825059890747 -0.47206702828407288,0.55031871795654297 0.43569675087928772 0.31892108917236328,-0.46810358762741089  0.53055047988891602  0.52587825059890747 -0.47206702828407288
1715792939.2674842,0.55017024278640747 0.43565022945404053 0.31931459903717041,-0.46835976839065552  0.53053402900695801  0.52584809064865112 -0.47186499834060669,0.55017024278640747 0.43565022945404053 0.31931459903717041,-0.46835976839065552  0.53053402900695801  0.52584809064865112 -0.47186499834060669
1715792939.2724805,0.55013042688369751 0.43565323948860168 0.31936061382293701, -0.468403160572052 0.53048139810562134 0.52588951587677002 -0.4718349277973175,0.55013042688369751 0.43565323948860168 0.31936061382293701, -0.468403160572052 0.53048139810562134 0.52588951587677002 -0.4718349277973175
1715792939.2774849,0.55009162425994873 0.43574205040931702 0.31932047009468079, -0.4684264063835144  0.53048914670944214  0.52581864595413208 -0.47188210487365723,0.55009162425994873 0.43574205040931702 0.31932047009468079, -0.4684264063835144  0.53048914670944214  0.52581864595413208 -0.47188210487365723
1715792939.2824812,0.55005043745040894 0.43571555614471436 0.31932985782623291,-0.46842902898788452  0.53044712543487549  0.52583962678909302 -0.47190332412719727,0.55005043745040894 0.43571555614471436 0.31932985782623291,-0.46842902898788452  0.53044712543487549  0.52583962678909302 -0.47190332412719727
1715792939.2874827,0.55005002021789551 0.43571075797080994 0.31931346654891968,-0.46844655275344849  0.53044462203979492  0.52584505081176758 -0.47188270092010498,0.55005002021789551 0.43571075797080994 0.31931346654891968,-0.46844655275344849  0.53044462203979492  0.52584505081176758 -0.47188270092010498
1715792939.292485, 0.5500335693359375  0.4357030987739563 0.31932047009468079,-0.46844881772994995  0.53043311834335327  0.52583104372024536  -0.4719090461730957, 0.5500335693359375  0.4357030987739563 0.31932047009468079,-0.46844881772994995  0.53043311834335327  0.52583104372024536  -0.4719090461730957
1715792939.2974839, 0.5500568151473999  0.4356570839881897 0.31936949491500854,-0.46846622228622437  0.53039228916168213  0.52589637041091919 -0.47186487913131714, 0.5500568151473999  0.4356570839881897 0.31936949491500854,-0.46846622228622437  0.53039228916168213  0.52589637041091919 -0.47186487913131714
1715792939.3024786,  0.550071120262146 0.43565088510513306 0.31936913728713989,-0.46847507357597351  0.53040826320648193  0.52588838338851929 -0.47184696793556213,  0.550071120262146 0.43565088510513306 0.31936913728713989,-0.46847507357597351  0.53040826320648193  0.52588838338851929 -0.47184696793556213
1715792939.3074837,0.55012303590774536 0.43563002347946167 0.31934267282485962,-0.46841257810592651  0.53041702508926392  0.52592980861663818 -0.47185301780700684,0.55012303590774536 0.43563002347946167 0.31934267282485962,-0.46841257810592651  0.53041702508926392  0.52592980861663818 -0.47185301780700684
1715792939.31248,0.55013382434844971 0.43565559387207031 0.31934505701065063,-0.46840199828147888  0.53041505813598633  0.52593076229095459 -0.47186470031738281,0.55013382434844971 0.43565559387207031 0.31934505701065063,-0.46840199828147888  0.53041505813598633  0.52593076229095459 -0.47186470031738281
1715792939.3174882,0.55014508962631226 0.43570670485496521 0.31933096051216125,-0.46835893392562866  0.53044533729553223  0.52592271566390991 -0.47188234329223633,0.55014508962631226 0.43570670485496521 0.31933096051216125,-0.46835893392562866  0.53044533729553223  0.52592271566390991 -0.47188234329223633
1715792939.3224812,0.55015343427658081 0.43573439121246338 0.31934511661529541, -0.4683249294757843  0.53064113855361938  0.52576261758804321 -0.47187435626983643,0.55015343427658081 0.43573439121246338 0.31934511661529541, -0.4683249294757843  0.53064113855361938  0.52576261758804321 -0.47187435626983643
1715792939.327481, 0.5501258373260498 0.43573617935180664 0.31938523054122925,-0.46831339597702026  0.53065162897109985  0.52573502063751221 -0.47190478444099426, 0.5501258373260498 0.43573617935180664 0.31938523054122925,-0.46831339597702026  0.53065162897109985  0.52573502063751221 -0.47190478444099426
1715792939.3324814,0.55009943246841431 0.43580317497253418 0.31935536861419678,-0.4682902991771698 0.53066647052764893 0.52569460868835449 -0.4719560444355011,0.55009943246841431 0.43580317497253418 0.31935536861419678,-0.4682902991771698 0.53066647052764893 0.52569460868835449 -0.4719560444355011
1715792939.337481,0.55010604858398438 0.43579831719398499 0.31937125325202942,-0.46829187870025635   0.5307009220123291  0.52569085359573364 -0.47191986441612244,0.55010604858398438 0.43579831719398499 0.31937125325202942,-0.46829187870025635   0.5307009220123291  0.52569085359573364 -0.47191986441612244
1715792939.3424811,0.55008018016815186 0.43580225110054016  0.3193717896938324,  -0.468354731798172  0.53064596652984619  0.52565795183181763 -0.47195592522621155,0.55008018016815186 0.43580225110054016  0.3193717896938324,  -0.468354731798172  0.53064596652984619  0.52565795183181763 -0.47195592522621155
1715792939.3474836,0.55008852481842041 0.43576487898826599  0.3193853497505188,-0.46835184097290039  0.53060716390609741  0.52571988105773926 -0.47193345427513123,0.55008852481842041 0.43576487898826599  0.3193853497505188,-0.46835184097290039  0.53060716390609741  0.52571988105773926 -0.47193345427513123
1715792939.3524787,0.55010205507278442  0.4357505738735199 0.31938359141349792,-0.46832284331321716  0.53060191869735718   0.5257420539855957  -0.4719434380531311,0.55010205507278442  0.4357505738735199 0.31938359141349792,-0.46832284331321716  0.53060191869735718   0.5257420539855957  -0.4719434380531311
1715792939.3574855,0.55010688304901123 0.43574100732803345 0.31936460733413696,-0.46834287047386169  0.53060662746429443  0.52574127912521362 -0.47191914916038513,0.55010688304901123 0.43574100732803345 0.31936460733413696,-0.46834287047386169  0.53060662746429443  0.52574127912521362 -0.47191914916038513
1715792939.3624792,0.55007147789001465  0.4357312023639679 0.31940805912017822,-0.46840810775756836  0.53055071830749512  0.52574551105499268 -0.47191253304481506,0.55007147789001465  0.4357312023639679 0.31940805912017822,-0.46840810775756836  0.53055071830749512  0.52574551105499268 -0.47191253304481506
1715792939.3674796,0.55008560419082642 0.43573537468910217 0.31937167048454285,-0.46839523315429688  0.53047084808349609  0.52585262060165405 -0.47189578413963318,0.55008560419082642 0.43573537468910217 0.31937167048454285,-0.46839523315429688  0.53047084808349609  0.52585262060165405 -0.47189578413963318
1715792939.3724802,  0.550090491771698 0.43572151660919189 0.31938919425010681,-0.46836540102958679  0.53047776222229004  0.52586567401885986 -0.47190305590629578,  0.550090491771698 0.43572151660919189 0.31938919425010681,-0.46836540102958679  0.53047776222229004  0.52586567401885986 -0.47190305590629578
1715792939.3774836,0.55008953809738159 0.43574991822242737 0.31939452886581421,-0.46840927004814148  0.53056508302688599  0.52574628591537476 -0.47189435362815857,0.55008953809738159 0.43574991822242737 0.31939452886581421,-0.46840927004814148  0.53056508302688599  0.52574628591537476 -0.47189435362815857
1715792939.3824849,0.55009931325912476 0.43573588132858276 0.31940191984176636,-0.46839162707328796  0.53057807683944702  0.52574104070663452 -0.47190311551094055,0.55009931325912476 0.43573588132858276 0.31940191984176636,-0.46839162707328796  0.53057807683944702  0.52574104070663452 -0.47190311551094055
1715792939.3874826,0.55010128021240234 0.43574360013008118 0.31940397620201111,-0.46839043498039246   0.5304608941078186  0.52585291862487793 -0.47191134095191956,0.55010128021240234 0.43574360013008118 0.31940397620201111,-0.46839043498039246   0.5304608941078186  0.52585291862487793 -0.47191134095191956
1715792939.3924868,0.55011659860610962 0.43573656678199768 0.31938073039054871,-0.46835818886756897  0.53048241138458252  0.52585279941558838 -0.47191932797431946,0.55011659860610962 0.43573656678199768 0.31938073039054871,-0.46835818886756897  0.53048241138458252  0.52585279941558838 -0.47191932797431946
1715792939.3974881,0.55011415481567383 0.43572273850440979 0.31937471032142639,-0.46836948394775391  0.53048104047775269  0.52587908506393433 -0.47188037633895874,0.55011415481567383 0.43572273850440979 0.31937471032142639,-0.46836948394775391  0.53048104047775269  0.52587908506393433 -0.47188037633895874
1715792939.4024825,0.55010628700256348 0.43573173880577087   0.319374680519104,-0.46839720010757446  0.53045594692230225  0.52587741613388062 -0.47188290953636169,0.55010628700256348 0.43573173880577087   0.319374680519104,-0.46839720010757446  0.53045594692230225  0.52587741613388062 -0.47188290953636169
1715792939.407486,0.55010139942169189 0.43570283055305481    0.31940957903862,-0.46839958429336548  0.53044623136520386  0.52590978145599365 -0.47185534238815308,0.55010139942169189 0.43570283055305481    0.31940957903862,-0.46839958429336548  0.53044623136520386  0.52590978145599365 -0.47185534238815308
1715792939.4124804,0.55009156465530396 0.43570342659950256 0.31939923763275146, -0.4684072732925415  0.53043341636657715  0.52587580680847168 -0.47190004587173462,0.55009156465530396 0.43570342659950256 0.31939923763275146, -0.4684072732925415  0.53043341636657715  0.52587580680847168 -0.47190004587173462
1715792939.4174926,0.55008667707443237 0.43569543957710266 0.31940224766731262,-0.46841153502464294  0.53042680025100708  0.52590852975845337 -0.47186678647994995,0.55008667707443237 0.43569543957710266 0.31940224766731262,-0.46841153502464294  0.53042680025100708  0.52590852975845337 -0.47186678647994995
1715792939.4224865,0.55008149147033691 0.43568375706672668 0.31940335035324097,-0.46845492720603943  0.53038144111633301  0.52592426538467407 -0.47185710072517395,0.55008149147033691 0.43568375706672668 0.31940335035324097,-0.46845492720603943  0.53038144111633301  0.52592426538467407 -0.47185710072517395
1715792939.4274857,0.55008161067962646 0.43567949533462524 0.31939342617988586,-0.46845659613609314  0.53039783239364624  0.52589565515518188 -0.47186893224716187,0.55008161067962646 0.43567949533462524 0.31939342617988586,-0.46845659613609314  0.53039783239364624  0.52589565515518188 -0.47186893224716187
1715792939.4324846,0.55009675025939941 0.43567273020744324 0.31936588883399963,-0.46842962503433228  0.53042322397232056  0.52590805292129517 -0.47185340523719788,0.55009675025939941 0.43567273020744324 0.31936588883399963,-0.46842962503433228  0.53042322397232056  0.52590805292129517 -0.47185340523719788
1715792939.4374788,0.55012083053588867 0.43566232919692993 0.31933638453483582,-0.4684126079082489 0.53046900033950806 0.52590596675872803  -0.471821129322052,0.55012083053588867 0.43566232919692993 0.31933638453483582,-0.4684126079082489 0.53046900033950806 0.52590596675872803  -0.471821129322052
1715792939.4424891,0.55026763677597046 0.43562138080596924 0.31899943947792053,-0.46822816133499146  0.53051650524139404  0.52592003345489502 -0.47193506360054016,0.55026763677597046 0.43562138080596924 0.31899943947792053,-0.46822816133499146  0.53051650524139404  0.52592003345489502 -0.47193506360054016
1715792939.4475088,0.55015599727630615 0.43569853901863098 0.31922504305839539,-0.46837812662124634  0.53045439720153809  0.52590095996856689  -0.4718773365020752,0.55015599727630615 0.43569853901863098 0.31922504305839539,-0.46837812662124634  0.53045439720153809  0.52590095996856689  -0.4718773365020752
1715792939.4524462,0.55016481876373291 0.43568849563598633 0.31921914219856262,-0.46832060813903809  0.53047865629196167  0.52592140436172485 -0.47188439965248108,0.55016481876373291 0.43568849563598633 0.31921914219856262,-0.46832060813903809  0.53047865629196167  0.52592140436172485 -0.47188439965248108
1715792939.4574785,0.55018085241317749 0.43570131063461304 0.31922993063926697,-0.46832141280174255   0.5305933952331543  0.52580499649047852  -0.4718843400478363,0.55018085241317749 0.43570131063461304 0.31922993063926697,-0.46832141280174255   0.5305933952331543  0.52580499649047852  -0.4718843400478363
1715792939.4624901,0.55016982555389404 0.43571743369102478 0.31925827264785767,-0.46834725141525269  0.53054147958755493    0.525795578956604 -0.47192755341529846,0.55016982555389404 0.43571743369102478 0.31925827264785767,-0.46834725141525269  0.53054147958755493    0.525795578956604 -0.47192755341529846
1715792939.467479,0.55015707015991211 0.43573632836341858 0.31924927234649658,-0.46830469369888306  0.53060895204544067  0.52574783563613892 -0.47194710373878479,0.55015707015991211 0.43573632836341858 0.31924927234649658,-0.46830469369888306  0.53060895204544067  0.52574783563613892 -0.47194710373878479
1715792939.4724801,0.55015939474105835 0.43574810028076172 0.31924295425415039,-0.46828833222389221  0.53061187267303467  0.52573734521865845 -0.47197172045707703,0.55015939474105835 0.43574810028076172 0.31924295425415039,-0.46828833222389221  0.53061187267303467  0.52573734521865845 -0.47197172045707703
1715792939.4774849,0.55014640092849731 0.43576335906982422 0.31925693154335022,-0.46825745701789856  0.53063595294952393  0.52573496103286743 -0.47197800874710083,0.55014640092849731 0.43576335906982422 0.31925693154335022,-0.46825745701789856  0.53063595294952393  0.52573496103286743 -0.47197800874710083
1715792939.4824829,0.55013501644134521 0.43577173352241516  0.3192598819732666,-0.46827498078346252  0.53062200546264648  0.52571672201156616 -0.47199654579162598,0.55013501644134521 0.43577173352241516  0.3192598819732666,-0.46827498078346252  0.53062200546264648  0.52571672201156616 -0.47199654579162598
1715792939.4874783,0.55014276504516602 0.43577581644058228 0.31923341751098633,-0.46824651956558228  0.53065341711044312  0.52571415901184082 -0.47199231386184692,0.55014276504516602 0.43577581644058228 0.31923341751098633,-0.46824651956558228  0.53065341711044312  0.52571415901184082 -0.47199231386184692
1715792939.4924788,0.55015689134597778 0.43576976656913757 0.31924045085906982,-0.46822014451026917  0.53062725067138672  0.52577310800552368 -0.47198230028152466,0.55015689134597778 0.43576976656913757 0.31924045085906982,-0.46822014451026917  0.53062725067138672  0.52577310800552368 -0.47198230028152466
1715792939.4974976, 0.5501784086227417 0.43573564291000366 0.31921455264091492,-0.46822065114974976   0.5306321382522583  0.52578639984130859 -0.47196143865585327, 0.5501784086227417 0.43573564291000366 0.31921455264091492,-0.46822065114974976   0.5306321382522583  0.52578639984130859 -0.47196143865585327
1715792939.5024786,0.5502617359161377  0.435700923204422 0.3190273642539978,-0.46815910935401917  0.53067892789840698  0.52572852373123169 -0.47203445434570312,0.5502617359161377  0.435700923204422 0.3190273642539978,-0.46815910935401917  0.53067892789840698  0.52572852373123169 -0.47203445434570312
1715792939.5074852,0.55023360252380371 0.43592426180839539 0.31860974431037903,-0.46796911954879761   0.5308653712272644  0.52550923824310303 -0.47225722670555115,0.55023360252380371 0.43592426180839539 0.31860974431037903,-0.46796911954879761   0.5308653712272644  0.52550923824310303 -0.47225722670555115
1715792939.5124831, 0.5499107837677002 0.43603226542472839 0.31941920518875122,-0.46839222311973572  0.53076106309890747  0.52550274133682251 -0.47196218371391296, 0.5499107837677002 0.43603226542472839 0.31941920518875122,-0.46839222311973572  0.53076106309890747  0.52550274133682251 -0.47196218371391296
1715792939.5174828,0.54991894960403442 0.43602854013442993 0.31939011812210083,-0.46836364269256592  0.53077775239944458  0.52551651000976562 -0.47195646166801453,0.54991894960403442 0.43602854013442993 0.31939011812210083,-0.46836364269256592  0.53077775239944458  0.52551651000976562 -0.47195646166801453
1715792939.5224776,0.54992026090621948 0.43603885173797607 0.31938031315803528, -0.4683704674243927  0.53080511093139648  0.52549070119857788 -0.47194764018058777,0.54992026090621948 0.43603885173797607 0.31938031315803528, -0.4683704674243927  0.53080511093139648  0.52549070119857788 -0.47194764018058777
1715792939.5274787, 0.5497477650642395 0.43607142567634583 0.31975603103637695,-0.46859332919120789  0.53070080280303955  0.52547669410705566 -0.47185930609703064, 0.5497477650642395 0.43607142567634583 0.31975603103637695,-0.46859332919120789  0.53070080280303955  0.52547669410705566 -0.47185930609703064
1715792939.5324781,0.54982250928878784 0.43600475788116455 0.31958159804344177,-0.46849018335342407  0.53062558174133301  0.52560418844223022 -0.47190436720848083,0.54982250928878784 0.43600475788116455 0.31958159804344177,-0.46849018335342407  0.53062558174133301  0.52560418844223022 -0.47190436720848083
1715792939.5374804,0.54981142282485962 0.43602344393730164 0.31957939267158508, -0.4685099720954895  0.53073364496231079  0.52549946308135986 -0.47187983989715576,0.54981142282485962 0.43602344393730164 0.31957939267158508, -0.4685099720954895  0.53073364496231079  0.52549946308135986 -0.47187983989715576
1715792939.5424845,0.54983377456665039 0.43599885702133179 0.31958577036857605, -0.4685213565826416  0.53070873022079468  0.52552533149719238 -0.47186771035194397,0.54983377456665039 0.43599885702133179 0.31958577036857605, -0.4685213565826416  0.53070873022079468  0.52552533149719238 -0.47186771035194397
1715792939.5474846, 0.5501096248626709 0.43590870499610901 0.31928867101669312,-0.46823194622993469  0.53072565793991089  0.52570134401321411  -0.4719398021697998, 0.5501096248626709 0.43590870499610901 0.31928867101669312,-0.46823194622993469  0.53072565793991089  0.52570134401321411  -0.4719398021697998
1715792939.5524786,0.55007219314575195 0.43591013550758362 0.31935280561447144, -0.4682738184928894  0.53079932928085327  0.52562421560287476 -0.47190138697624207,0.55007219314575195 0.43591013550758362 0.31935280561447144, -0.4682738184928894  0.53079932928085327  0.52562421560287476 -0.47190138697624207
1715792939.5574348,0.55000442266464233 0.43590632081031799 0.31947150826454163,-0.46840324997901917  0.53075933456420898  0.52561008930206299 -0.47183361649513245,0.55000442266464233 0.43590632081031799 0.31947150826454163,-0.46840324997901917  0.53075933456420898  0.52561008930206299 -0.47183361649513245
1715792939.5624835,0.55000704526901245  0.4358954131603241 0.31946933269500732,-0.46839460730552673  0.53065651655197144  0.52572143077850342 -0.47183379530906677,0.55000704526901245  0.4358954131603241 0.31946933269500732,-0.46839460730552673  0.53065651655197144  0.52572143077850342 -0.47183379530906677
1715792939.5674882, 0.5499987006187439 0.43591555953025818 0.31943142414093018, -0.4683939516544342  0.53064775466918945  0.52570581436157227 -0.47186163067817688, 0.5499987006187439 0.43591555953025818 0.31943142414093018, -0.4683939516544342  0.53064775466918945  0.52570581436157227 -0.47186163067817688
1715792939.5724802,0.55005663633346558 0.43589878082275391 0.31931027770042419,-0.46834510564804077  0.53068459033966064  0.52569878101348877 -0.47187665104866028,0.55005663633346558 0.43589878082275391 0.31931027770042419,-0.46834510564804077  0.53068459033966064  0.52569878101348877 -0.47187665104866028
1715792939.5774803,0.55006450414657593 0.43594112992286682 0.31923303008079529,-0.46829697489738464  0.53068649768829346  0.52570885419845581  -0.4719109833240509,0.55006450414657593 0.43594112992286682 0.31923303008079529,-0.46829697489738464  0.53068649768829346  0.52570885419845581  -0.4719109833240509
1715792939.5824797,0.55014413595199585 0.43594264984130859 0.31907114386558533,-0.46825698018074036   0.5308036208152771  0.52556270360946655 -0.47198176383972168,0.55014413595199585 0.43594264984130859 0.31907114386558533,-0.46825698018074036   0.5308036208152771  0.52556270360946655 -0.47198176383972168
1715792939.5874791,0.55003809928894043 0.43592572212219238  0.3193412721157074, -0.4684104323387146  0.53064322471618652  0.52567785978317261 -0.47188150882720947,0.55003809928894043 0.43592572212219238  0.3193412721157074, -0.4684104323387146  0.53064322471618652  0.52567785978317261 -0.47188150882720947
1715792939.5924845,0.55002236366271973 0.43592721223831177 0.31933885812759399,-0.46835854649543762  0.53078490495681763  0.52556478977203369 -0.47189968824386597,0.55002236366271973 0.43592721223831177 0.31933885812759399,-0.46835854649543762  0.53078490495681763  0.52556478977203369 -0.47189968824386597
1715792939.5974848,0.55002033710479736 0.43593433499336243 0.31931477785110474,-0.46833634376525879  0.53076016902923584  0.52560144662857056 -0.47190865874290466,0.55002033710479736 0.43593433499336243 0.31931477785110474,-0.46833634376525879  0.53076016902923584  0.52560144662857056 -0.47190865874290466
1715792939.6024823,0.55002999305725098 0.43593412637710571 0.31931924819946289,-0.46834731101989746  0.53076183795928955  0.52558159828186035 -0.47191807627677917,0.55002999305725098 0.43593412637710571 0.31931924819946289,-0.46834731101989746  0.53076183795928955  0.52558159828186035 -0.47191807627677917
1715792939.6074846,0.55003106594085693 0.43592596054077148 0.31935626268386841, -0.4683377742767334  0.53078049421310425  0.52559983730316162 -0.47188624739646912,0.55003106594085693 0.43592596054077148 0.31935626268386841, -0.4683377742767334  0.53078049421310425  0.52559983730316162 -0.47188624739646912
1715792939.6124809,0.55005514621734619 0.43593171238899231  0.3193107545375824, -0.4682961106300354  0.53079819679260254  0.52557134628295898 -0.47193935513496399,0.55005514621734619 0.43593171238899231  0.3193107545375824, -0.4682961106300354  0.53079819679260254  0.52557134628295898 -0.47193935513496399
1715792939.6174803,0.55005007982254028 0.43595072627067566  0.3193107545375824,-0.46827101707458496  0.53081238269805908  0.52556526660919189 -0.47195509076118469,0.55005007982254028 0.43595072627067566  0.3193107545375824,-0.46827101707458496  0.53081238269805908  0.52556526660919189 -0.47195509076118469
1715792939.6224768,0.55005782842636108 0.43595251441001892 0.31934541463851929,-0.46828514337539673  0.53082722425460815   0.5255657434463501 -0.47192385792732239,0.55005782842636108 0.43595251441001892 0.31934541463851929,-0.46828514337539673  0.53082722425460815   0.5255657434463501 -0.47192385792732239
1715792939.6274831,0.55005031824111938 0.43598419427871704 0.31932049989700317,-0.46825256943702698  0.53082293272018433  0.52558207511901855 -0.47194287180900574,0.55005031824111938 0.43598419427871704 0.31932049989700317,-0.46825256943702698  0.53082293272018433  0.52558207511901855 -0.47194287180900574
1715792939.6324778,0.55006498098373413 0.43597415089607239  0.3193112313747406,-0.46825188398361206  0.53084468841552734  0.52554982900619507 -0.47195500135421753,0.55006498098373413 0.43597415089607239  0.3193112313747406,-0.46825188398361206  0.53084468841552734  0.52554982900619507 -0.47195500135421753
1715792939.6374881,0.55005919933319092 0.43599575757980347 0.31932386755943298,-0.46822813153266907  0.53089523315429688  0.52553415298461914  -0.4719390869140625,0.55005919933319092 0.43599575757980347 0.31932386755943298,-0.46822813153266907  0.53089523315429688  0.52553415298461914  -0.4719390869140625
1715792939.6424847, 0.5500597357749939 0.43597885966300964 0.31935283541679382,-0.46825256943702698  0.53087252378463745  0.52553081512451172 -0.47194409370422363, 0.5500597357749939 0.43597885966300964 0.31935283541679382,-0.46825256943702698  0.53087252378463745  0.52553081512451172 -0.47194409370422363
1715792939.6474783,0.55002117156982422  0.4360211193561554 0.31960400938987732,-0.46836245059967041  0.53088808059692383  0.52552229166030884 -0.47182708978652954,0.55002117156982422  0.4360211193561554 0.31960400938987732,-0.46836245059967041  0.53088808059692383  0.52552229166030884 -0.47182708978652954
1715792939.6524851,0.55005550384521484 0.43599572777748108 0.31950139999389648, -0.4682953953742981  0.53088527917861938  0.52553361654281616 -0.47188419103622437,0.55005550384521484 0.43599572777748108 0.31950139999389648, -0.4682953953742981  0.53088527917861938  0.52553361654281616 -0.47188419103622437
1715792939.6574934,0.55011874437332153 0.43597650527954102  0.3192792534828186,-0.46820837259292603  0.53092515468597412  0.52552133798599243 -0.47193926572799683,0.55011874437332153 0.43597650527954102  0.3192792534828186,-0.46820837259292603  0.53092515468597412  0.52552133798599243 -0.47193926572799683
1715792939.6624966,0.55011934041976929 0.43594682216644287  0.3192354142665863,-0.46819230914115906  0.53091239929199219  0.52552151679992676 -0.47196945548057556,0.55011934041976929 0.43594682216644287  0.3192354142665863,-0.46819230914115906  0.53091239929199219  0.52552151679992676 -0.47196945548057556
1715792939.6674402,0.55011177062988281 0.43593195080757141 0.31921994686126709,-0.46824318170547485  0.53085529804229736  0.52553832530975342 -0.47196447849273682,0.55011177062988281 0.43593195080757141 0.31921994686126709,-0.46824318170547485  0.53085529804229736  0.52553832530975342 -0.47196447849273682
1715792939.6724794,0.55012381076812744 0.43592694401741028 0.31917160749435425,-0.46821615099906921    0.530872642993927   0.5255463719367981 -0.47196286916732788,0.55012381076812744 0.43592694401741028 0.31917160749435425,-0.46821615099906921    0.530872642993927   0.5255463719367981 -0.47196286916732788
1715792939.6774855,0.55012917518615723 0.43591412901878357 0.31915366649627686,-0.46821725368499756  0.53088885545730591  0.52553308010101318 -0.47195824980735779,0.55012917518615723 0.43591412901878357 0.31915366649627686,-0.46821725368499756  0.53088885545730591  0.52553308010101318 -0.47195824980735779
1715792939.6824791,0.55014413595199585 0.43589276075363159 0.31915351748466492,-0.46820801496505737  0.53089922666549683   0.5255657434463501 -0.47191938757896423,0.55014413595199585 0.43589276075363159 0.31915351748466492,-0.46820801496505737  0.53089922666549683   0.5255657434463501 -0.47191938757896423
1715792939.6874952,0.55013191699981689 0.43589511513710022 0.31918251514434814,-0.46823680400848389  0.53085911273956299  0.52555662393569946 -0.47194615006446838,0.55013191699981689 0.43589511513710022 0.31918251514434814,-0.46823680400848389  0.53085911273956299  0.52555662393569946 -0.47194615006446838
1715792939.6924365,0.54998564720153809 0.43591722846031189 0.31958243250846863,-0.46844491362571716  0.53064906597137451  0.52570277452468872 -0.47181302309036255,0.54998564720153809 0.43591722846031189 0.31958243250846863,-0.46844491362571716  0.53064906597137451  0.52570277452468872 -0.47181302309036255
1715792939.69748, 0.5501139760017395 0.43589362502098083 0.31928858160972595,-0.46826466917991638  0.53066509962081909  0.52566289901733398 -0.47201824188232422, 0.5501139760017395 0.43589362502098083 0.31928858160972595,-0.46826466917991638  0.53066509962081909  0.52566289901733398 -0.47201824188232422
1715792939.7024782,0.55014771223068237 0.43590614199638367 0.31924203038215637,-0.4684121310710907 0.53046488761901855 0.52548575401306152 -0.4722941517829895,0.55014771223068237 0.43590614199638367 0.31924203038215637,-0.4684121310710907 0.53046488761901855 0.52548575401306152 -0.4722941517829895
1715792939.7074807,0.54982835054397583 0.43671175837516785 0.31927025318145752,-0.46979567408561707  0.52845227718353271  0.52597320079803467 -0.47263345122337341,0.54982835054397583 0.43671175837516785 0.31927025318145752,-0.46979567408561707  0.52845227718353271  0.52597320079803467 -0.47263345122337341
1715792939.7124839,0.54906612634658813 0.43931174278259277 0.31956925988197327,-0.47135439515113831  0.52609062194824219  0.52715384960174561 -0.47240078449249268,0.54906612634658813 0.43931174278259277 0.31956925988197327,-0.47135439515113831  0.52609062194824219  0.52715384960174561 -0.47240078449249268
1715792939.7174828, 0.5482136607170105 0.44373005628585815 0.31991654634475708,-0.47294935584068298  0.52475893497467041  0.52742040157318115 -0.47199016809463501, 0.5482136607170105 0.44373005628585815 0.31991654634475708,-0.47294935584068298  0.52475893497467041  0.52742040157318115 -0.47199016809463501
1715792939.7224832,0.54728323221206665 0.44934362173080444 0.32006281614303589,-0.47474613785743713  0.52369213104248047  0.52655553817749023 -0.47233667969703674,0.54728323221206665 0.44934362173080444 0.32006281614303589,-0.47474613785743713  0.52369213104248047  0.52655553817749023 -0.47233667969703674
1715792939.7275074,0.54692786931991577 0.45226457715034485 0.31999418139457703,-0.47563198208808899  0.52299457788467407  0.52621930837631226 -0.47259300947189331,0.54692786931991577 0.45226457715034485 0.31999418139457703,-0.47563198208808899  0.52299457788467407  0.52621930837631226 -0.47259300947189331
1715792939.7324817,0.54611581563949585 0.45824736356735229 0.32003888487815857,-0.47723585367202759  0.52274107933044434  0.52463632822036743 -0.47301632165908813,0.54611581563949585 0.45824736356735229 0.32003888487815857,-0.47723585367202759  0.52274107933044434  0.52463632822036743 -0.47301632165908813
1715792939.7374802,0.54531902074813843 0.46380862593650818 0.31984081864356995,-0.47829532623291016  0.52239716053009033  0.52273201942443848 -0.47443234920501709,0.54531902074813843 0.46380862593650818 0.31984081864356995,-0.47829532623291016  0.52239716053009033  0.52273201942443848 -0.47443234920501709
1715792939.7424924,0.54436713457107544 0.46908310055732727 0.31955486536026001,-0.47881898283958435  0.52204227447509766  0.52046281099319458 -0.47678372263908386,0.54436713457107544 0.46908310055732727 0.31955486536026001,-0.47881898283958435  0.52204227447509766  0.52046281099319458 -0.47678372263908386
1715792939.7474821,0.54343211650848389 0.47435891628265381 0.31927195191383362,-0.47945904731750488  0.52185523509979248  0.51774609088897705 -0.47929650545120239,0.54343211650848389 0.47435891628265381 0.31927195191383362,-0.47945904731750488  0.52185523509979248  0.51774609088897705 -0.47929650545120239
1715792939.7524705,0.54297399520874023 0.47699958086013794 0.31908202171325684,-0.47970455884933472  0.52165603637695312   0.5164148211479187 -0.48070180416107178,0.54297399520874023 0.47699958086013794 0.31908202171325684,-0.47970455884933472  0.52165603637695312   0.5164148211479187 -0.48070180416107178
1715792939.7574272,0.54209727048873901 0.48226162791252136 0.31868967413902283,-0.48032146692276001  0.52061355113983154  0.51429635286331177 -0.48347911238670349,0.54209727048873901 0.48226162791252136 0.31868967413902283,-0.48032146692276001  0.52061355113983154  0.51429635286331177 -0.48347911238670349
1715792939.7624741,0.54121625423431396  0.4874643087387085 0.31854096055030823,-0.48092764616012573  0.51957511901855469  0.51261419057846069 -0.48577460646629333,0.54121625423431396  0.4874643087387085 0.31854096055030823,-0.48092764616012573  0.51957511901855469  0.51261419057846069 -0.48577460646629333
1715792939.7674727,0.54039007425308228 0.49258255958557129  0.3186478316783905,-0.48120483756065369      0.5186767578125  0.51148289442062378 -0.48764899373054504,0.54039007425308228 0.49258255958557129  0.3186478316783905,-0.48120483756065369      0.5186767578125  0.51148289442062378 -0.48764899373054504
1715792939.7724721,0.53952836990356445 0.49764400720596313  0.3188745379447937,-0.48180732131004333  0.51779711246490479  0.51062792539596558 -0.48888346552848816,0.53952836990356445 0.49764400720596313  0.3188745379447937,-0.48180732131004333  0.51779711246490479  0.51062792539596558 -0.48888346552848816
1715792939.7774727,0.53912901878356934 0.50011712312698364 0.31898674368858337,-0.48198592662811279  0.51725965738296509  0.51037591695785522 -0.48953899741172791,0.53912901878356934 0.50011712312698364 0.31898674368858337,-0.48198592662811279  0.51725965738296509  0.51037591695785522 -0.48953899741172791
1715792939.7824719,0.53835713863372803 0.50483196973800659 0.31913623213768005,-0.48248401284217834  0.51678657531738281  0.50952351093292236 -0.49043506383895874,0.53835713863372803 0.50483196973800659 0.31913623213768005,-0.48248401284217834  0.51678657531738281  0.50952351093292236 -0.49043506383895874
1715792939.7874696,0.53749948740005493 0.50937271118164062 0.31911247968673706,-0.48336291313171387  0.51606869697570801  0.50870704650878906 -0.49117261171340942,0.53749948740005493 0.50937271118164062 0.31911247968673706,-0.48336291313171387  0.51606869697570801  0.50870704650878906 -0.49117261171340942
1715792939.7924721,0.53646504878997803 0.51394742727279663  0.3189990222454071,-0.48440542817115784  0.51552224159240723  0.50789320468902588 -0.49156150221824646,0.53646504878997803 0.51394742727279663  0.3189990222454071,-0.48440542817115784  0.51552224159240723  0.50789320468902588 -0.49156150221824646
1715792939.7974703,0.53529477119445801 0.51841872930526733 0.31909695267677307,-0.48561182618141174  0.51469981670379639  0.50739443302154541 -0.49174809455871582,0.53529477119445801 0.51841872930526733 0.31909695267677307,-0.48561182618141174  0.51469981670379639  0.50739443302154541 -0.49174809455871582
1715792939.8024797,0.53467291593551636 0.52067607641220093 0.31903210282325745,-0.48624047636985779  0.51443535089492798  0.50691914558410645  -0.4918937087059021,0.53467291593551636 0.52067607641220093 0.31903210282325745,-0.48624047636985779  0.51443535089492798  0.50691914558410645  -0.4918937087059021
1715792939.8074729,0.53343778848648071 0.52523648738861084 0.31884089112281799,-0.48770147562026978  0.51334112882614136   0.5065416693687439 -0.49197939038276672,0.53343778848648071 0.52523648738861084 0.31884089112281799,-0.48770147562026978  0.51334112882614136   0.5065416693687439 -0.49197939038276672
1715792939.8124714,0.53234773874282837 0.52962285280227661 0.31871941685676575,-0.48873311281204224  0.51214176416397095  0.50633460283279419  -0.4924185574054718,0.53234773874282837 0.52962285280227661 0.31871941685676575,-0.48873311281204224  0.51214176416397095  0.50633460283279419  -0.4924185574054718
1715792939.8174703,0.53145670890808105 0.53400325775146484 0.31874650716781616,-0.48998412489891052  0.51097828149795532  0.50612044334411621 -0.49260416626930237,0.53145670890808105 0.53400325775146484 0.31874650716781616,-0.48998412489891052  0.51097828149795532  0.50612044334411621 -0.49260416626930237
1715792939.8224711,0.53060394525527954 0.53842252492904663 0.31884080171585083,-0.49074390530586243  0.51014357805252075   0.5056297779083252 -0.49321648478507996,0.53060394525527954 0.53842252492904663 0.31884080171585083,-0.49074390530586243  0.51014357805252075   0.5056297779083252 -0.49321648478507996
1715792939.8274479,0.53020387887954712 0.54064452648162842 0.31890591979026794,-0.49098438024520874  0.50982779264450073  0.50529593229293823 -0.49364560842514038,0.53020387887954712 0.54064452648162842 0.31890591979026794,-0.49098438024520874  0.50982779264450073  0.50529593229293823 -0.49364560842514038
1715792939.8324764,0.52937734127044678 0.54515737295150757 0.31885144114494324,-0.49153751134872437  0.50925290584564209   0.5045015811920166 -0.49450024962425232,0.52937734127044678 0.54515737295150757 0.31885144114494324,-0.49153751134872437  0.50925290584564209   0.5045015811920166 -0.49450024962425232
1715792939.837471,0.52854514122009277 0.54967975616455078  0.3188057541847229,-0.49193671345710754  0.50884294509887695  0.50343608856201172 -0.49560990929603577,0.52854514122009277 0.54967975616455078  0.3188057541847229,-0.49193671345710754  0.50884294509887695  0.50343608856201172 -0.49560990929603577
1715792939.8424742,0.52771300077438354 0.55424928665161133 0.31870031356811523,-0.49262344837188721  0.50820308923721313  0.50275230407714844 -0.49627798795700073,0.52771300077438354 0.55424928665161133 0.31870031356811523,-0.49262344837188721  0.50820308923721313  0.50275230407714844 -0.49627798795700073
1715792939.8474727,0.52677983045578003 0.55874115228652954 0.31862407922744751,-0.49314770102500916  0.50770014524459839  0.50189316272735596 -0.49714094400405884,0.52677983045578003 0.55874115228652954 0.31862407922744751,-0.49314770102500916  0.50770014524459839  0.50189316272735596 -0.49714094400405884
1715792939.8524816,0.52628636360168457 0.56093442440032959 0.31862586736679077,-0.49335053563117981  0.50756043195724487  0.50130736827850342 -0.49767318367958069,0.52628636360168457 0.56093442440032959 0.31862586736679077,-0.49335053563117981  0.50756043195724487  0.50130736827850342 -0.49767318367958069
1715792939.8574715,0.52530974149703979 0.56533074378967285 0.31855979561805725,-0.49381187558174133  0.50721889734268188  0.50036698579788208 -0.49850949645042419,0.52530974149703979 0.56533074378967285 0.31855979561805725,-0.49381187558174133  0.50721889734268188  0.50036698579788208 -0.49850949645042419
1715792939.8624709,0.52444374561309814 0.56953489780426025  0.3186194896697998,-0.49478450417518616  0.50623476505279541  0.49994197487831116  -0.4989716112613678,0.52444374561309814 0.56953489780426025  0.3186194896697998,-0.49478450417518616  0.50623476505279541  0.49994197487831116  -0.4989716112613678
1715792939.8674693,0.52358913421630859  0.5735926628112793 0.31859159469604492,-0.49534720182418823  0.50567221641540527  0.49917241930961609 -0.49975359439849854,0.52358913421630859  0.5735926628112793 0.31859159469604492,-0.49534720182418823  0.50567221641540527  0.49917241930961609 -0.49975359439849854
1715792939.8724704,0.52276599407196045 0.57755911350250244 0.31852194666862488, 0.49638375639915466 -0.50470924377441406 -0.49873548746109009  0.50013470649719238,0.52276599407196045 0.57755911350250244 0.31852194666862488, 0.49638375639915466 -0.50470924377441406 -0.49873548746109009  0.50013470649719238
1715792939.8774748,0.52237141132354736 0.57945030927658081 0.31852570176124573, 0.49676212668418884 -0.50454616546630859  -0.4982660710811615  0.50039130449295044,0.52237141132354736 0.57945030927658081 0.31852570176124573, 0.49676212668418884 -0.50454616546630859  -0.4982660710811615  0.50039130449295044
1715792939.8824716,0.52161115407943726 0.58330607414245605 0.31841138005256653, 0.49715688824653625 -0.50351989269256592 -0.49799707531929016  0.50129997730255127,0.52161115407943726 0.58330607414245605 0.31841138005256653, 0.49715688824653625 -0.50351989269256592 -0.49799707531929016  0.50129997730255127
1715792939.8874712,0.52079224586486816  0.5871129035949707 0.31850701570510864, 0.49807518720626831 -0.50281792879104614 -0.49748677015304565  0.50159955024719238,0.52079224586486816  0.5871129035949707 0.31850701570510864, 0.49807518720626831 -0.50281792879104614 -0.49748677015304565  0.50159955024719238
1715792939.8924277,0.52001816034317017 0.59090077877044678 0.31845700740814209, 0.49864178895950317 -0.50229537487030029 -0.49672791361808777  0.50231176614761353,0.52001816034317017 0.59090077877044678 0.31845700740814209, 0.49864178895950317 -0.50229537487030029 -0.49672791361808777  0.50231176614761353
1715792939.8974726,0.51923775672912598 0.59471410512924194 0.31846117973327637, 0.49951869249343872 -0.50169253349304199 -0.49582192301750183   0.5029376745223999,0.51923775672912598 0.59471410512924194 0.31846117973327637, 0.49951869249343872 -0.50169253349304199 -0.49582192301750183   0.5029376745223999
1715792939.902472,0.51893627643585205 0.59660875797271729 0.31839901208877563, 0.49959245324134827 -0.50129854679107666 -0.49584272503852844  0.50323665142059326,0.51893627643585205 0.59660875797271729 0.31839901208877563, 0.49959245324134827 -0.50129854679107666 -0.49584272503852844  0.50323665142059326
1715792939.9074728,0.51811575889587402 0.60033786296844482 0.31837683916091919, 0.49987861514091492 -0.50061166286468506 -0.49511763453483582  0.50434893369674683,0.51811575889587402 0.60033786296844482 0.31837683916091919, 0.49987861514091492 -0.50061166286468506 -0.49511763453483582  0.50434893369674683
1715792939.9124727,0.51730948686599731 0.60393285751342773 0.31843084096908569, 0.50059592723846436 -0.50003206729888916 -0.49428361654281616  0.50503009557723999,0.51730948686599731 0.60393285751342773 0.31843084096908569, 0.50059592723846436 -0.50003206729888916 -0.49428361654281616  0.50503009557723999
1715792939.9174881,0.51656126976013184 0.60746532678604126 0.31840482354164124, 0.50149714946746826 -0.49937963485717773 -0.49364715814590454  0.50540387630462646,0.51656126976013184 0.60746532678604126 0.31840482354164124, 0.50149714946746826 -0.49937963485717773 -0.49364715814590454  0.50540387630462646
1715792939.9224219,0.51585215330123901 0.61092007160186768 0.31836727261543274, 0.50212299823760986 -0.49868041276931763 -0.49317729473114014   0.5059313178062439,0.51585215330123901 0.61092007160186768 0.31836727261543274, 0.50212299823760986 -0.49868041276931763 -0.49317729473114014   0.5059313178062439
1715792939.9274702, 0.5155298113822937 0.61256557703018188 0.31844878196716309, 0.50239986181259155 -0.49837791919708252 -0.49280071258544922  0.50632131099700928, 0.5155298113822937 0.61256557703018188 0.31844878196716309, 0.50239986181259155 -0.49837791919708252 -0.49280071258544922  0.50632131099700928
1715792939.9324703,0.51481205224990845 0.61584627628326416 0.31841415166854858, 0.50299757719039917 -0.49778681993484497 -0.49208128452301025  0.50700861215591431,0.51481205224990845 0.61584627628326416 0.31841415166854858, 0.50299757719039917 -0.49778681993484497 -0.49208128452301025  0.50700861215591431
1715792939.9374709,0.51417559385299683 0.61911886930465698 0.31839701533317566, 0.50349056720733643 -0.49702209234237671 -0.49172341823577881  0.50761634111404419,0.51417559385299683 0.61911886930465698 0.31839701533317566, 0.50349056720733643 -0.49702209234237671 -0.49172341823577881  0.50761634111404419
1715792939.942471,0.51353645324707031 0.62234163284301758 0.31843036413192749, 0.50437235832214355 -0.49635937809944153 -0.49108698964118958  0.50800544023513794,0.51353645324707031 0.62234163284301758 0.31843036413192749, 0.50437235832214355 -0.49635937809944153 -0.49108698964118958  0.50800544023513794
1715792939.967346, 0.5100829005241394 0.63945502042770386 0.31830707192420959, 0.50748264789581299 -0.49305427074432373 -0.48770633339881897  0.51137202978134155, 0.5100829005241394 0.63945502042770386 0.31830707192420959, 0.50748264789581299 -0.49305427074432373 -0.48770633339881897  0.51137202978134155
1715792939.9727175, 0.5100829005241394 0.63945502042770386 0.31830707192420959, 0.50748264789581299 -0.49305427074432373 -0.48770633339881897  0.51137202978134155, 0.5100829005241394 0.63945502042770386 0.31830707192420959, 0.50748264789581299 -0.49305427074432373 -0.48770633339881897  0.51137202978134155
1715792939.9774041,0.50971525907516479 0.64093595743179321 0.31821545958518982,   0.507793128490448 -0.49295705556869507 -0.48716700077056885  0.51167160272598267,0.50971525907516479 0.64093595743179321 0.31821545958518982,   0.507793128490448 -0.49295705556869507 -0.48716700077056885  0.51167160272598267
1715792939.9824038,0.50914663076400757 0.64380311965942383 0.31820985674858093, 0.50848257541656494 -0.49234858155250549 -0.48655307292938232  0.51215666532516479,0.50914663076400757 0.64380311965942383 0.31820985674858093, 0.50848257541656494 -0.49234858155250549 -0.48655307292938232  0.51215666532516479
1715792939.987406,0.50855886936187744 0.64660042524337769 0.31817811727523804, 0.50904393196105957 -0.49161148071289062 -0.48607182502746582  0.51276373863220215,0.50855886936187744 0.64660042524337769 0.31817811727523804, 0.50904393196105957 -0.49161148071289062 -0.48607182502746582  0.51276373863220215
1715792939.9924066, 0.5079803466796875 0.64932847023010254 0.31812134385108948, 0.50942009687423706 -0.49122270941734314 -0.48537388443946838  0.51342344284057617, 0.5079803466796875 0.64932847023010254 0.31812134385108948, 0.50942009687423706 -0.49122270941734314 -0.48537388443946838  0.51342344284057617
1715792939.9974046,0.50740402936935425 0.65202039480209351 0.31805676221847534, 0.51001816987991333 -0.49039751291275024 -0.48493316769599915  0.51403456926345825,0.50740402936935425 0.65202039480209351 0.31805676221847534, 0.51001816987991333 -0.49039751291275024 -0.48493316769599915  0.51403456926345825
1715792940.0024083,0.50715309381484985 0.65330564975738525 0.31802871823310852, 0.51023465394973755 -0.49012723565101624 -0.48462212085723877  0.51437073945999146,0.50715309381484985 0.65330564975738525 0.31802871823310852, 0.51023465394973755 -0.49012723565101624 -0.48462212085723877  0.51437073945999146
1715792940.0074055,0.50687265396118164 0.65465658903121948 0.31805235147476196, 0.51059472560882568 -0.48974129557609558 -0.48446774482727051  0.51452648639678955,0.50687265396118164 0.65465658903121948 0.31805235147476196, 0.51059472560882568 -0.48974129557609558 -0.48446774482727051  0.51452648639678955
1715792940.0123587,0.50614678859710693 0.65837943553924561 0.31815919280052185, 0.51161175966262817 -0.48893553018569946 -0.48355546593666077  0.51514029502868652,0.50614678859710693 0.65837943553924561 0.31815919280052185, 0.51161175966262817 -0.48893553018569946 -0.48355546593666077  0.51514029502868652
1715792940.0174026,0.50565248727798462 0.66084998846054077 0.31809255480766296, 0.51196658611297607   -0.488472580909729 -0.48297101259231567  0.51577490568161011,0.50565248727798462 0.66084998846054077 0.31809255480766296, 0.51196658611297607   -0.488472580909729 -0.48297101259231567  0.51577490568161011
1715792940.0224068,0.50514763593673706 0.66325896978378296 0.31811574101448059,0.51243829727172852  -0.488075852394104 -0.4821801483631134  0.5164216160774231,0.50514763593673706 0.66325896978378296 0.31811574101448059,0.51243829727172852  -0.488075852394104 -0.4821801483631134  0.5164216160774231
1715792940.027364,0.50489628314971924  0.6644250750541687 0.31809625029563904, 0.51272189617156982 -0.48771196603775024 -0.48203924298286438  0.51661539077758789,0.50489628314971924  0.6644250750541687 0.31809625029563904, 0.51272189617156982 -0.48771196603775024 -0.48203924298286438  0.51661539077758789
1715792940.0323818,0.50444155931472778 0.66670548915863037 0.31804382801055908,   0.513039231300354  -0.4869646430015564 -0.48158583045005798  0.51742756366729736,0.50444155931472778 0.66670548915863037 0.31804382801055908,   0.513039231300354  -0.4869646430015564 -0.48158583045005798  0.51742756366729736
1715792940.0374305,0.50398844480514526 0.66893470287322998  0.3180280327796936, 0.51352906227111816 -0.48673468828201294 -0.48094302415847778  0.51775574684143066,0.50398844480514526 0.66893470287322998  0.3180280327796936, 0.51352906227111816 -0.48673468828201294 -0.48094302415847778  0.51775574684143066
1715792940.0424063,0.50353550910949707 0.67112064361572266 0.31799185276031494, 0.51407986879348755 -0.48599529266357422 -0.48048081994056702  0.51833254098892212,0.50353550910949707 0.67112064361572266 0.31799185276031494, 0.51407986879348755 -0.48599529266357422 -0.48048081994056702  0.51833254098892212
1715792940.0474017,0.50306010246276855 0.67319095134735107 0.31802695989608765, 0.51485025882720947 -0.48549526929855347 -0.47980386018753052  0.51866346597671509,0.50306010246276855 0.67319095134735107 0.31802695989608765, 0.51485025882720947 -0.48549526929855347 -0.47980386018753052  0.51866346597671509
1715792940.0524037,0.50283432006835938 0.67424213886260986 0.31801745295524597,  0.5150902271270752 -0.48520290851593018 -0.47968778014183044  0.51880615949630737,0.50283432006835938 0.67424213886260986 0.31801745295524597,  0.5150902271270752 -0.48520290851593018 -0.47968778014183044  0.51880615949630737
1715792940.0574033,0.50237327814102173 0.67627048492431641 0.31801536679267883, 0.51555520296096802 -0.48476654291152954 -0.47909393906593323  0.51930069923400879,0.50237327814102173 0.67627048492431641 0.31801536679267883, 0.51555520296096802 -0.48476654291152954 -0.47909393906593323  0.51930069923400879
1715792940.062356,        0.501953125 0.67819893360137939 0.31803277134895325, 0.51599180698394775 -0.48419070243835449 -0.47853773832321167  0.51991677284240723,        0.501953125 0.67819893360137939 0.31803277134895325, 0.51599180698394775 -0.48419070243835449 -0.47853773832321167  0.51991677284240723
1715792940.0674036,0.50154125690460205 0.68012607097625732 0.31798779964447021, 0.51633197069168091 -0.48366731405258179 -0.47806960344314575  0.52049654722213745,0.50154125690460205 0.68012607097625732 0.31798779964447021, 0.51633197069168091 -0.48366731405258179 -0.47806960344314575  0.52049654722213745
1715792940.0724013,0.50119209289550781 0.68198263645172119 0.31807655096054077, 0.51677852869033813 -0.48304346203804016 -0.47767359018325806        0.52099609375,0.50119209289550781 0.68198263645172119 0.31807655096054077, 0.51677852869033813 -0.48304346203804016 -0.47767359018325806        0.52099609375
1715792940.07741,0.50101196765899658 0.68284523487091064 0.31811970472335815, 0.51698356866836548 -0.48292145133018494 -0.47734662890434265  0.52120542526245117,0.50101196765899658 0.68284523487091064 0.31811970472335815, 0.51698356866836548 -0.48292145133018494 -0.47734662890434265  0.52120542526245117
1715792940.0824099,0.50064867734909058   0.684661865234375 0.31804782152175903, 0.51743131875991821 -0.48248764872550964 -0.47684943675994873  0.52161777019500732,0.50064867734909058   0.684661865234375 0.31804782152175903, 0.51743131875991821 -0.48248764872550964 -0.47684943675994873  0.52161777019500732
1715792940.0874045,0.50022602081298828 0.68641537427902222 0.31796267628669739, 0.51791739463806152 -0.48190724849700928 -0.47621962428092957  0.52224695682525635,0.50022602081298828 0.68641537427902222 0.31796267628669739, 0.51791739463806152 -0.48190724849700928 -0.47621962428092957  0.52224695682525635
1715792940.0924017, 0.4998619556427002 0.68812316656112671 0.31805595755577087, 0.51866084337234497 -0.48134765028953552 -0.47577840089797974   0.5224272608757019, 0.4998619556427002 0.68812316656112671 0.31805595755577087, 0.51866084337234497 -0.48134765028953552 -0.47577840089797974   0.5224272608757019
1715792940.0973525,0.49951323866844177 0.68976569175720215 0.31797343492507935,  0.5189703106880188 -0.48080617189407349 -0.47544300556182861  0.52292370796203613,0.49951323866844177 0.68976569175720215 0.31797343492507935,  0.5189703106880188 -0.48080617189407349 -0.47544300556182861  0.52292370796203613
1715792940.1024275,0.49940681457519531 0.69052255153656006 0.31807518005371094, 0.51936763525009155 -0.48056429624557495 -0.47520533204078674  0.52296757698059082,0.49940681457519531 0.69052255153656006 0.31807518005371094, 0.51936763525009155 -0.48056429624557495 -0.47520533204078674  0.52296757698059082
1715792940.107404,0.49915575981140137 0.69206297397613525 0.31771942973136902, 0.51963531970977783 -0.48018446564674377 -0.47469308972358704  0.52351552248001099,0.49915575981140137 0.69206297397613525 0.31771942973136902, 0.51963531970977783 -0.48018446564674377 -0.47469308972358704  0.52351552248001099
1715792940.1124051,0.49883937835693359 0.69356310367584229 0.31775045394897461, 0.52003836631774902 -0.47966322302818298 -0.47426316142082214  0.52398258447647095,0.49883937835693359 0.69356310367584229 0.31775045394897461, 0.52003836631774902 -0.47966322302818298 -0.47426316142082214  0.52398258447647095
1715792940.1174054,0.49853363633155823 0.69497191905975342 0.31774049997329712, 0.52045148611068726 -0.47945058345794678 -0.47359156608581543  0.52437430620193481,0.49853363633155823 0.69497191905975342 0.31774049997329712, 0.52045148611068726 -0.47945058345794678 -0.47359156608581543  0.52437430620193481
1715792940.1223733,0.49811866879463196  0.6964452862739563 0.31784772872924805, 0.52067935466766357 -0.47871017456054688  -0.4733319878578186  0.52505844831466675,0.49811866879463196  0.6964452862739563 0.31784772872924805, 0.52067935466766357 -0.47871017456054688  -0.4733319878578186  0.52505844831466675
1715792940.127403,0.49798047542572021 0.69710826873779297 0.31782478094100952,  0.5208742618560791 -0.47863075137138367 -0.47295752167701721  0.52527499198913574,0.49798047542572021 0.69710826873779297 0.31782478094100952,  0.5208742618560791 -0.47863075137138367 -0.47295752167701721  0.52527499198913574
1715792940.132401,0.49765956401824951 0.69843482971191406 0.31773728132247925, 0.52127993106842041 -0.47815248370170593  -0.4725380539894104  0.52568548917770386,0.49765956401824951 0.69843482971191406 0.31773728132247925, 0.52127993106842041 -0.47815248370170593  -0.4725380539894104  0.52568548917770386
1715792940.1373553,0.49743238091468811 0.69971829652786255 0.31770777702331543, 0.52157974243164062  -0.4777776300907135 -0.47209462523460388   0.5261271595954895,0.49743238091468811 0.69971829652786255 0.31770777702331543, 0.52157974243164062  -0.4777776300907135 -0.47209462523460388   0.5261271595954895
1715792940.1424093, 0.4972015917301178 0.70085477828979492 0.31768804788589478, 0.52206611633300781  -0.4774458110332489 -0.47152084112167358  0.52646040916442871, 0.4972015917301178 0.70085477828979492 0.31768804788589478, 0.52206611633300781  -0.4774458110332489 -0.47152084112167358  0.52646040916442871
1715792940.1474018,0.49693536758422852 0.70206564664840698 0.31770569086074829, 0.52275115251541138 -0.47691717743873596  -0.4711664617061615  0.52657705545425415,0.49693536758422852 0.70206564664840698 0.31770569086074829, 0.52275115251541138 -0.47691717743873596  -0.4711664617061615  0.52657705545425415
1715792940.152401,0.49681738018989563 0.70258796215057373 0.31768819689750671, 0.52294927835464478  -0.4766685962677002 -0.47094786167144775  0.52680093050003052,0.49681738018989563 0.70258796215057373 0.31768819689750671, 0.52294927835464478  -0.4766685962677002 -0.47094786167144775  0.52680093050003052
1715792940.1574047,0.49662366509437561 0.70361870527267456 0.31767773628234863, 0.52326148748397827 -0.47623211145401001 -0.47068533301353455  0.52712017297744751,0.49662366509437561 0.70361870527267456 0.31767773628234863, 0.52326148748397827 -0.47623211145401001 -0.47068533301353455  0.52712017297744751
1715792940.1624038,0.49638351798057556 0.70463269948959351 0.31766998767852783, 0.52360928058624268 -0.47581508755683899 -0.47021347284317017   0.5275723934173584,0.49638351798057556 0.70463269948959351 0.31766998767852783, 0.52360928058624268 -0.47581508755683899 -0.47021347284317017   0.5275723934173584
1715792940.1674032,0.49621883034706116 0.70555108785629272  0.3176274299621582, 0.52390521764755249 -0.47551211714744568 -0.46985337138175964  0.52787250280380249,0.49621883034706116 0.70555108785629272  0.3176274299621582, 0.52390521764755249 -0.47551211714744568 -0.46985337138175964  0.52787250280380249
1715792940.1723542,0.49599215388298035 0.70642304420471191 0.31765076518058777, 0.52437931299209595 -0.47510179877281189  -0.4693637490272522  0.52820664644241333,0.49599215388298035 0.70642304420471191 0.31765076518058777, 0.52437931299209595 -0.47510179877281189  -0.4693637490272522  0.52820664644241333
1715792940.1774018,0.49591374397277832 0.70686095952987671 0.31761816143989563, 0.52453458309173584 -0.47509881854057312 -0.46904066205024719  0.52834212779998779,0.49591374397277832 0.70686095952987671 0.31761816143989563, 0.52453458309173584 -0.47509881854057312 -0.46904066205024719  0.52834212779998779
1715792940.1824033, 0.4957505464553833 0.70761710405349731 0.31766647100448608,  0.5249665379524231 -0.47449386119842529   -0.468791663646698  0.52867770195007324, 0.4957505464553833 0.70761710405349731 0.31766647100448608,  0.5249665379524231 -0.47449386119842529   -0.468791663646698  0.52867770195007324
1715792940.1874037,0.49558001756668091 0.70833927392959595 0.31761133670806885, 0.52519434690475464 -0.47409090399742126 -0.46848747134208679  0.52908241748809814,0.49558001756668091 0.70833927392959595 0.31761133670806885, 0.52519434690475464 -0.47409090399742126 -0.46848747134208679  0.52908241748809814
1715792940.1924045,0.49543407559394836 0.70903569459915161 0.31757998466491699, 0.52515143156051636 -0.47375202178955078 -0.46811950206756592  0.52975380420684814,0.49543407559394836 0.70903569459915161 0.31757998466491699, 0.52515143156051636 -0.47375202178955078 -0.46811950206756592  0.52975380420684814
1715792940.1974022,0.49526464939117432 0.70968592166900635 0.31761267781257629, 0.52554380893707275 -0.47336423397064209  -0.4677329957485199  0.53005266189575195,0.49526464939117432 0.70968592166900635 0.31761267781257629, 0.52554380893707275 -0.47336423397064209  -0.4677329957485199  0.53005266189575195
1715792940.2024009,0.49522703886032104  0.7099565863609314 0.31761661171913147, 0.52562838792800903 -0.47328722476959229 -0.46755450963973999  0.53019505739212036,0.49522703886032104  0.7099565863609314 0.31761661171913147, 0.52562838792800903 -0.47328722476959229 -0.46755450963973999  0.53019505739212036
1715792940.2074046,0.49509501457214355 0.71054470539093018 0.31758078932762146, 0.52596557140350342 -0.47298511862754822 -0.46717998385429382  0.53046029806137085,0.49509501457214355 0.71054470539093018 0.31758078932762146, 0.52596557140350342 -0.47298511862754822 -0.46717998385429382  0.53046029806137085
1715792940.2124028,0.49493861198425293 0.71106994152069092 0.31764650344848633, 0.52633750438690186 -0.47265464067459106 -0.46694296598434448  0.53059470653533936,0.49493861198425293 0.71106994152069092 0.31764650344848633, 0.52633750438690186 -0.47265464067459106 -0.46694296598434448  0.53059470653533936
1715792940.2174051,0.49482569098472595 0.71151083707809448 0.31760036945343018, 0.52668124437332153 -0.47237104177474976 -0.46655219793319702  0.53084981441497803,0.49482569098472595 0.71151083707809448 0.31760036945343018, 0.52668124437332153 -0.47237104177474976 -0.46655219793319702  0.53084981441497803
1715792940.2224019,0.49482142925262451 0.71183222532272339 0.31763994693756104, 0.52698242664337158 -0.47214901447296143 -0.46618971228599548  0.53106683492660522,0.49482142925262451 0.71183222532272339 0.31763994693756104, 0.52698242664337158 -0.47214901447296143 -0.46618971228599548  0.53106683492660522
1715792940.2274017,0.49476021528244019 0.71205192804336548 0.31765076518058777, 0.52698904275894165 -0.47202590107917786 -0.46606040000915527  0.53128314018249512,0.49476021528244019 0.71205192804336548 0.31765076518058777, 0.52698904275894165 -0.47202590107917786 -0.46606040000915527  0.53128314018249512
1715792940.2324045,0.49460363388061523  0.7124708890914917 0.31769096851348877, 0.52724629640579224 -0.47177043557167053 -0.46573749184608459  0.53153800964355469,0.49460363388061523  0.7124708890914917 0.31769096851348877, 0.52724629640579224 -0.47177043557167053 -0.46573749184608459  0.53153800964355469
1715792940.2374022, 0.4945111870765686 0.71283531188964844  0.3177172839641571, 0.52752107381820679 -0.47129198908805847 -0.46563336253166199   0.5317808985710144, 0.4945111870765686 0.71283531188964844  0.3177172839641571, 0.52752107381820679 -0.47129198908805847 -0.46563336253166199   0.5317808985710144
1715792940.2424047,0.49446830153465271 0.71311801671981812 0.31768521666526794, 0.52774089574813843 -0.47104156017303467 -0.46529960632324219  0.53207677602767944,0.49446830153465271 0.71311801671981812 0.31768521666526794, 0.52774089574813843 -0.47104156017303467 -0.46529960632324219  0.53207677602767944
1715792940.247402,0.49439111351966858 0.71338528394699097 0.31770780682563782, 0.52805310487747192 -0.47074094414710999 -0.46504008769989014  0.53225988149642944,0.49439111351966858 0.71338528394699097 0.31770780682563782, 0.52805310487747192 -0.47074094414710999 -0.46504008769989014  0.53225988149642944
1715792940.252403,0.49436402320861816 0.71350383758544922 0.31765806674957275, 0.52816992998123169 -0.47057604789733887 -0.46493616700172424  0.53238058090209961,0.49436402320861816 0.71350383758544922 0.31765806674957275, 0.52816992998123169 -0.47057604789733887 -0.46493616700172424  0.53238058090209961
1715792940.257405,0.49436920881271362 0.71368002891540527 0.31766852736473083,  0.5283358097076416 -0.47036537528038025 -0.46477729082107544  0.53254085779190063,0.49436920881271362 0.71368002891540527 0.31766852736473083,  0.5283358097076416 -0.47036537528038025 -0.46477729082107544  0.53254085779190063
1715792940.2623837,0.49439036846160889 0.71379584074020386  0.3176911473274231, 0.52848857641220093 -0.47022804617881775 -0.46456301212310791  0.53269749879837036,0.49439036846160889 0.71379584074020386  0.3176911473274231, 0.52848857641220093 -0.47022804617881775 -0.46456301212310791  0.53269749879837036
1715792940.2673552,0.49440130591392517 0.71389663219451904 0.31766349077224731, 0.52868527173995972 -0.47005146741867065   -0.464302659034729  0.53288513422012329,0.49440130591392517 0.71389663219451904 0.31766349077224731, 0.52868527173995972 -0.47005146741867065   -0.464302659034729  0.53288513422012329
1715792940.2724025,0.49440968036651611 0.71392571926116943 0.31767281889915466, 0.52884554862976074 -0.46989592909812927 -0.46416008472442627  0.53298741579055786,0.49440968036651611 0.71392571926116943 0.31767281889915466, 0.52884554862976074 -0.46989592909812927 -0.46416008472442627  0.53298741579055786
1715792940.2774286,0.49439537525177002  0.7139546275138855 0.31766512989997864, 0.52889585494995117 -0.46982130408287048 -0.46412754058837891  0.53303170204162598,0.49439537525177002  0.7139546275138855 0.31766512989997864, 0.52889585494995117 -0.46982130408287048 -0.46412754058837891  0.53303170204162598
1715792940.2823646,0.49440842866897583 0.71391648054122925 0.31768104434013367,  0.5290367603302002 -0.46968463063240051  -0.4640948474407196  0.53304076194763184,0.49440842866897583 0.71391648054122925 0.31768104434013367,  0.5290367603302002 -0.46968463063240051  -0.4640948474407196  0.53304076194763184
1715792940.2874022,0.49438866972923279 0.71388339996337891 0.31768700480461121, 0.52912920713424683 -0.46959197521209717 -0.46407443284988403  0.53304839134216309,0.49438866972923279 0.71388339996337891 0.31768700480461121, 0.52912920713424683 -0.46959197521209717 -0.46407443284988403  0.53304839134216309
1715792940.2924018,0.49436664581298828 0.71381360292434692 0.31773146986961365, 0.52919727563858032 -0.46952620148658752 -0.46413177251815796  0.53298884630203247,0.49436664581298828 0.71381360292434692 0.31773146986961365, 0.52919727563858032 -0.46952620148658752 -0.46413177251815796  0.53298884630203247
1715792940.2974257,0.49433648586273193 0.71371757984161377 0.31772735714912415, 0.52929127216339111 -0.46947771310806274 -0.46414175629615784  0.53292953968048096,0.49433648586273193 0.71371757984161377 0.31772735714912415, 0.52929127216339111 -0.46947771310806274 -0.46414175629615784  0.53292953968048096
1715792940.3023543,0.49434542655944824 0.71367281675338745 0.31770393252372742,  0.5293351411819458  -0.4694703221321106 -0.46415621042251587  0.53287988901138306,0.49434542655944824 0.71367281675338745 0.31770393252372742,  0.5293351411819458  -0.4694703221321106 -0.46415621042251587  0.53287988901138306
1715792940.3074028,0.49434748291969299 0.71358662843704224 0.31773146986961365, 0.52942025661468506 -0.46941050887107849 -0.46419563889503479  0.53281360864639282,0.49434748291969299 0.71358662843704224 0.31773146986961365, 0.52942025661468506 -0.46941050887107849 -0.46419563889503479  0.53281360864639282
1715792940.3124025,0.49433672428131104 0.71353495121002197 0.31773471832275391, 0.52942788600921631 -0.46933919191360474 -0.46428871154785156  0.53278779983520508,0.49433672428131104 0.71353495121002197 0.31773471832275391, 0.52942788600921631 -0.46933919191360474 -0.46428871154785156  0.53278779983520508
1715792940.3174024,0.49433219432830811 0.71350681781768799 0.31772103905677795, 0.52946770191192627 -0.46931770443916321  -0.4643075168132782  0.53275078535079956,0.49433219432830811 0.71350681781768799 0.31772103905677795, 0.52946770191192627 -0.46931770443916321  -0.4643075168132782  0.53275078535079956
1715792940.3224027,0.49436649680137634 0.71347731351852417 0.31773090362548828, 0.52946698665618896 -0.46933680772781372 -0.46432065963745117  0.53272318840026855,0.49436649680137634 0.71347731351852417 0.31773090362548828, 0.52946698665618896 -0.46933680772781372 -0.46432065963745117  0.53272318840026855
1715792940.3274014,0.49435180425643921 0.71350216865539551 0.31771749258041382, 0.52947360277175903 -0.46935483813285828 -0.46428126096725464  0.53273504972457886,0.49435180425643921 0.71350216865539551 0.31771749258041382, 0.52947360277175903 -0.46935483813285828 -0.46428126096725464  0.53273504972457886
1715792940.3323579,0.49436482787132263 0.71353167295455933 0.31769269704818726, 0.52943938970565796 -0.46935588121414185 -0.46429604291915894  0.53275525569915771,0.49436482787132263 0.71353167295455933 0.31769269704818726, 0.52943938970565796 -0.46935588121414185 -0.46429604291915894  0.53275525569915771
1715792940.337404,0.49436500668525696 0.71358531713485718 0.31769353151321411, 0.52938824892044067  -0.4694022536277771 -0.46428275108337402  0.53277677297592163,0.49436500668525696 0.71358531713485718 0.31769353151321411, 0.52938824892044067  -0.4694022536277771 -0.46428275108337402  0.53277677297592163
1715792940.3424034,0.49437445402145386 0.71363800764083862 0.31767034530639648, 0.52934056520462036 -0.46946150064468384 -0.46420177817344666  0.53284257650375366,0.49437445402145386 0.71363800764083862 0.31767034530639648, 0.52934056520462036 -0.46946150064468384 -0.46420177817344666  0.53284257650375366
1715792940.3474021,0.49435088038444519 0.71369278430938721 0.31769394874572754,  0.5293613076210022 -0.46946358680725098  -0.4641401469707489  0.53287380933761597,0.49435088038444519 0.71369278430938721 0.31769394874572754,  0.5293613076210022 -0.46946358680725098  -0.4641401469707489  0.53287380933761597
1715792940.3524022,0.49432885646820068 0.71371620893478394 0.31769829988479614, 0.52929651737213135 -0.46949130296707153  -0.4641450047492981  0.53290951251983643,0.49432885646820068 0.71371620893478394 0.31769829988479614, 0.52929651737213135 -0.46949130296707153  -0.4641450047492981  0.53290951251983643
1715792940.3574028, 0.4943290650844574 0.71373313665390015 0.31769248843193054, 0.52930366992950439 -0.46948546171188354 -0.46409252285957336  0.53295326232910156, 0.4943290650844574 0.71373313665390015 0.31769248843193054, 0.52930366992950439 -0.46948546171188354 -0.46409252285957336  0.53295326232910156
1715792940.3624027,0.49436557292938232 0.71375191211700439  0.3176707923412323, 0.52927595376968384 -0.46944189071655273 -0.46420159935951233  0.53292417526245117,0.49436557292938232 0.71375191211700439  0.3176707923412323, 0.52927595376968384 -0.46944189071655273 -0.46420159935951233  0.53292417526245117
1715792940.3674023,0.49437633156776428 0.71372741460800171 0.31768220663070679, 0.52926629781723022 -0.46945643424987793 -0.46420830488204956  0.53291511535644531,0.49437633156776428 0.71372741460800171 0.31768220663070679, 0.52926629781723022 -0.46945643424987793 -0.46420830488204956  0.53291511535644531
1715792940.3724027,0.49439841508865356 0.71370106935501099 0.31768721342086792, 0.52927803993225098 -0.46942976117134094 -0.46425074338912964   0.5328899621963501,0.49439841508865356 0.71370106935501099 0.31768721342086792, 0.52927803993225098 -0.46942976117134094 -0.46425074338912964   0.5328899621963501
1715792940.3774011,0.49436593055725098 0.71367037296295166 0.31768175959587097, 0.52932822704315186 -0.46944662928581238 -0.46420407295227051  0.53286588191986084,0.49436593055725098 0.71367037296295166 0.31768175959587097, 0.52932822704315186 -0.46944662928581238 -0.46420407295227051  0.53286588191986084
1715792940.3824005,0.49437981843948364 0.71363049745559692 0.31768140196800232, 0.52936303615570068  -0.4694574773311615 -0.46420034766197205   0.5328250527381897,0.49437981843948364 0.71363049745559692 0.31768140196800232, 0.52936303615570068  -0.4694574773311615 -0.46420034766197205   0.5328250527381897
1715792940.3873906,0.49437427520751953 0.71361011266708374  0.3176514208316803, 0.52937465906143188 -0.46943029761314392  -0.4642316997051239  0.53281009197235107,0.49437427520751953 0.71361011266708374  0.3176514208316803, 0.52937465906143188 -0.46943029761314392  -0.4642316997051239  0.53281009197235107
1715792940.392405, 0.4943658709526062 0.71357947587966919 0.31768831610679626, 0.52942007780075073 -0.46941936016082764 -0.46424528956413269  0.53276276588439941, 0.4943658709526062 0.71357947587966919 0.31768831610679626, 0.52942007780075073 -0.46941936016082764 -0.46424528956413269  0.53276276588439941
1715792940.3974297,0.49433314800262451 0.71359848976135254 0.31769499182701111, 0.52944839000701904 -0.46961942315101624 -0.46401241421699524  0.53276115655899048,0.49433314800262451 0.71359848976135254 0.31769499182701111, 0.52944839000701904 -0.46961942315101624 -0.46401241421699524  0.53276115655899048
1715792940.4024053,0.49437153339385986   0.713553786277771 0.31770265102386475, 0.52939605712890625 -0.46963882446289062 -0.46411186456680298  0.53270947933197021,0.49437153339385986   0.713553786277771 0.31770265102386475, 0.52939605712890625 -0.46963882446289062 -0.46411186456680298  0.53270947933197021
1715792940.4073575,0.49435070157051086  0.7135697603225708 0.31770694255828857, 0.52939236164093018 -0.46965298056602478 -0.46408835053443909  0.53272116184234619,0.49435070157051086  0.7135697603225708 0.31770694255828857, 0.52939236164093018 -0.46965298056602478 -0.46408835053443909  0.53272116184234619
1715792940.4124036,0.49433133006095886 0.71358609199523926 0.31773960590362549, 0.52938556671142578 -0.46974813938140869 -0.46402251720428467  0.53270131349563599,0.49433133006095886 0.71358609199523926 0.31773960590362549, 0.52938556671142578 -0.46974813938140869 -0.46402251720428467  0.53270131349563599
1715792940.4174044,0.49431681632995605 0.71359747648239136 0.31773316860198975,  0.5293729305267334 -0.46998396515846252 -0.46383604407310486  0.53266829252243042,0.49431681632995605 0.71359747648239136 0.31773316860198975,  0.5293729305267334 -0.46998396515846252 -0.46383604407310486  0.53266829252243042
1715792940.4232786,0.49432602524757385 0.71359926462173462 0.31772589683532715, 0.52935141324996948 -0.46969109773635864 -0.46407198905944824  0.53274250030517578,0.49432602524757385 0.71359926462173462 0.31772589683532715, 0.52935141324996948 -0.46969109773635864 -0.46407198905944824  0.53274250030517578
1715792940.4274096,0.49433580040931702  0.7136041522026062  0.3177090585231781, 0.52935481071472168 -0.46972274780273438  -0.4640444815158844  0.53273516893386841,0.49433580040931702  0.7136041522026062  0.3177090585231781, 0.52935481071472168 -0.46972274780273438  -0.4640444815158844  0.53273516893386841
1715792940.4324083,0.49433392286300659 0.71359580755233765 0.31771677732467651, 0.52935111522674561 -0.46967893838882446 -0.46408310532569885  0.53274387121200562,0.49433392286300659 0.71359580755233765 0.31771677732467651, 0.52935111522674561 -0.46967893838882446 -0.46408310532569885  0.53274387121200562
1715792940.4394896, 0.4943503737449646 0.71359103918075562 0.31770831346511841,0.52934306859970093  -0.469716876745224 -0.4640844464302063 0.53271722793579102, 0.4943503737449646 0.71359103918075562 0.31770831346511841,0.52934306859970093  -0.469716876745224 -0.4640844464302063 0.53271722793579102
1715792940.4425168,0.49434271454811096 0.71357935667037964 0.31773123145103455, 0.52937781810760498 -0.46972721815109253 -0.46406358480453491  0.53269171714782715,0.49434271454811096 0.71357935667037964 0.31773123145103455, 0.52937781810760498 -0.46972721815109253 -0.46406358480453491  0.53269171714782715
1715792940.4474034,0.49435225129127502 0.71356505155563354 0.31772920489311218, 0.52936297655105591 -0.46967780590057373 -0.46412971615791321  0.53269243240356445,0.49435225129127502 0.71356505155563354 0.31772920489311218, 0.52936297655105591 -0.46967780590057373 -0.46412971615791321  0.53269243240356445
1715792940.4524043,0.49437567591667175  0.7135312557220459 0.31773558259010315, 0.52936142683029175 -0.46969732642173767 -0.46415290236473083  0.53265649080276489,0.49437567591667175  0.7135312557220459 0.31773558259010315, 0.52936142683029175 -0.46969732642173767 -0.46415290236473083  0.53265649080276489
1715792940.457402,0.49431943893432617 0.71355122327804565 0.31771749258041382, 0.52930843830108643 -0.46983012557029724  -0.4640687108039856   0.5326654314994812,0.49431943893432617 0.71355122327804565 0.31771749258041382, 0.52930843830108643 -0.46983012557029724  -0.4640687108039856   0.5326654314994812
1715792940.4623563,0.49430608749389648 0.71354717016220093 0.31774187088012695, 0.52927368879318237 -0.46987193822860718 -0.46407759189605713  0.53265535831451416,0.49430608749389648 0.71354717016220093 0.31774187088012695, 0.52927368879318237 -0.46987193822860718 -0.46407759189605713  0.53265535831451416
1715792940.4674339,0.49428191781044006 0.71358346939086914 0.31769981980323792, 0.52927118539810181 -0.46971398591995239  -0.4641927182674408  0.53269678354263306,0.49428191781044006 0.71358346939086914 0.31769981980323792, 0.52927118539810181 -0.46971398591995239  -0.4641927182674408  0.53269678354263306
1715792940.4724281,0.49428138136863708 0.71359103918075562  0.3176930844783783, 0.52927941083908081 -0.46959871053695679 -0.46426036953926086  0.53273135423660278,0.49428138136863708 0.71359103918075562  0.3176930844783783, 0.52927941083908081 -0.46959871053695679 -0.46426036953926086  0.53273135423660278
1715792940.4774027,0.49428462982177734 0.71358287334442139 0.31774026155471802, 0.52930903434753418 -0.46973416209220886 -0.46411028504371643  0.53271323442459106,0.49428462982177734 0.71358287334442139 0.31774026155471802, 0.52930903434753418 -0.46973416209220886 -0.46411028504371643  0.53271323442459106
1715792940.4824016,0.49431443214416504 0.71359521150588989 0.31772837042808533, 0.52929067611694336 -0.46974802017211914 -0.46409419178962708   0.5327332615852356,0.49431443214416504 0.71359521150588989 0.31772837042808533, 0.52929067611694336 -0.46974802017211914 -0.46409419178962708   0.5327332615852356
1715792940.4873624,0.49432411789894104 0.71358102560043335 0.31774431467056274, 0.52923840284347534 -0.46976488828659058 -0.46410098671913147  0.53276437520980835,0.49432411789894104 0.71358102560043335 0.31774431467056274, 0.52923840284347534 -0.46976488828659058 -0.46410098671913147  0.53276437520980835
1715792940.4923615,0.49434974789619446 0.71357196569442749 0.31772527098655701, 0.52927124500274658 -0.46979942917823792 -0.46408718824386597  0.53271335363388062,0.49434974789619446 0.71357196569442749 0.31772527098655701, 0.52927124500274658 -0.46979942917823792 -0.46408718824386597  0.53271335363388062
1715792940.497401, 0.4943518340587616 0.71359020471572876 0.31771409511566162, 0.52925050258636475 -0.46984481811523438 -0.46401351690292358  0.53275811672210693, 0.4943518340587616 0.71359020471572876 0.31771409511566162, 0.52925050258636475 -0.46984481811523438 -0.46401351690292358  0.53275811672210693
1715792940.5024004,0.49436074495315552 0.71359336376190186 0.31773567199707031, 0.52929431200027466 -0.46982130408287048 -0.46402251720428467  0.53272747993469238,0.49436074495315552 0.71359336376190186 0.31773567199707031, 0.52929431200027466 -0.46982130408287048 -0.46402251720428467  0.53272747993469238
1715792940.5074017,0.49434047937393188 0.71360623836517334 0.31772103905677795,  0.5293012261390686 -0.46982517838478088 -0.46402040123939514  0.53271901607513428,0.49434047937393188 0.71360623836517334 0.31772103905677795,  0.5293012261390686 -0.46982517838478088 -0.46402040123939514  0.53271901607513428
1715792940.5124044,0.49434724450111389 0.71360492706298828 0.31774601340293884, 0.52929270267486572 -0.46981349587440491 -0.46401658654212952  0.53274112939834595,0.49434724450111389 0.71360492706298828 0.31774601340293884, 0.52929270267486572 -0.46981349587440491 -0.46401658654212952  0.53274112939834595
1715792940.5174041,0.49435883760452271 0.71362221240997314 0.31774395704269409, 0.52929222583770752 -0.46977320313453674 -0.46409904956817627  0.53270530700683594,0.49435883760452271 0.71362221240997314 0.31774395704269409, 0.52929222583770752 -0.46977320313453674 -0.46409904956817627  0.53270530700683594
1715792940.5223625,0.49434232711791992 0.71361035108566284 0.31774720549583435, 0.52936559915542603 -0.46977263689041138  -0.4640270471572876  0.53269565105438232,0.49434232711791992 0.71361035108566284 0.31774720549583435, 0.52936559915542603 -0.46977263689041138  -0.4640270471572876  0.53269565105438232
1715792940.5274019,0.49434575438499451 0.71359902620315552 0.31775113940238953, 0.52936476469039917 -0.46976000070571899 -0.46403989195823669   0.5326964259147644,0.49434575438499451 0.71359902620315552 0.31775113940238953, 0.52936476469039917 -0.46976000070571899 -0.46403989195823669   0.5326964259147644
1715792940.5324016,0.49432244896888733 0.71357309818267822 0.31780517101287842, 0.52937483787536621 -0.46999475359916687 -0.46391525864601135  0.53258788585662842,0.49432244896888733 0.71357309818267822 0.31780517101287842, 0.52937483787536621 -0.46999475359916687 -0.46391525864601135  0.53258788585662842
1715792940.5374041,0.49434840679168701 0.71357637643814087 0.31774646043777466, 0.52937382459640503 -0.46995383501052856 -0.46392253041267395  0.53261864185333252,0.49434840679168701 0.71357637643814087 0.31774646043777466, 0.52937382459640503 -0.46995383501052856 -0.46392253041267395  0.53261864185333252
1715792940.5424042,0.49432572722434998 0.71357274055480957 0.31777140498161316, 0.52939116954803467 -0.47000351548194885 -0.46389696002006531  0.53257983922958374,0.49432572722434998 0.71357274055480957 0.31777140498161316, 0.52939116954803467 -0.47000351548194885 -0.46389696002006531  0.53257983922958374
1715792940.5474019,0.49433860182762146 0.71356910467147827 0.31776756048202515, 0.52939146757125854 -0.46998119354248047 -0.46388804912567139  0.53260701894760132,0.49433860182762146 0.71356910467147827 0.31776756048202515, 0.52939146757125854 -0.46998119354248047 -0.46388804912567139  0.53260701894760132
1715792940.552402,0.49434447288513184 0.71357125043869019 0.31776893138885498, 0.52936404943466187 -0.46995043754577637 -0.46392947435379028  0.53262531757354736,0.49434447288513184 0.71357125043869019 0.31776893138885498, 0.52936404943466187 -0.46995043754577637 -0.46392947435379028  0.53262531757354736
1715792940.5574014,0.49431371688842773 0.71360200643539429 0.31773701310157776, 0.52934974431991577 -0.46996024250984192 -0.46390175819396973  0.53265500068664551,0.49431371688842773 0.71360200643539429 0.31773701310157776, 0.52934974431991577 -0.46996024250984192 -0.46390175819396973  0.53265500068664551
1715792940.5624034,0.49433791637420654 0.71355044841766357  0.3177945613861084, 0.52938824892044067 -0.47029021382331848 -0.46369710564613342  0.53250372409820557,0.49433791637420654 0.71355044841766357  0.3177945613861084, 0.52938824892044067 -0.47029021382331848 -0.46369710564613342  0.53250372409820557
1715792940.5674033,0.49436119198799133 0.71351206302642822 0.31780922412872314, 0.52938449382781982 -0.47068589925765991 -0.46344366669654846   0.5323784351348877,0.49436119198799133 0.71351206302642822 0.31780922412872314, 0.52938449382781982 -0.47068589925765991 -0.46344366669654846   0.5323784351348877
1715792940.5724041, 0.4943569004535675 0.71353298425674438 0.31779006123542786, 0.52936428785324097 -0.47040984034538269 -0.46360883116722107  0.53249871730804443, 0.4943569004535675 0.71353298425674438 0.31779006123542786, 0.52936428785324097 -0.47040984034538269 -0.46360883116722107  0.53249871730804443
1715792940.5774047,0.49434146285057068 0.71353471279144287 0.31779098510742188, 0.52935051918029785 -0.47019383311271667 -0.46380513906478882   0.5325322151184082,0.49434146285057068 0.71353471279144287 0.31779098510742188, 0.52935051918029785 -0.47019383311271667 -0.46380513906478882   0.5325322151184082
1715792940.5824034,0.49435895681381226  0.7135460376739502 0.31773361563682556, 0.52935224771499634 -0.47008132934570312 -0.46385717391967773    0.532584547996521,0.49435895681381226  0.7135460376739502 0.31773361563682556, 0.52935224771499634 -0.47008132934570312 -0.46385717391967773    0.532584547996521
1715792940.5874033,0.49435380101203918 0.71355992555618286 0.31771883368492126, 0.52937638759613037 -0.46987411379814148 -0.46398812532424927  0.53262931108474731,0.49435380101203918 0.71355992555618286 0.31771883368492126, 0.52937638759613037 -0.46987411379814148 -0.46398812532424927  0.53262931108474731
1715792940.5923953,0.49436572194099426 0.71355700492858887 0.31770846247673035, 0.52935725450515747  -0.4696803092956543 -0.46412897109985352  0.53269648551940918,0.49436572194099426 0.71355700492858887 0.31770846247673035, 0.52935725450515747  -0.4696803092956543 -0.46412897109985352  0.53269648551940918
1715792940.5974021,0.49433717131614685 0.71358621120452881 0.31768080592155457, 0.52935081720352173  -0.4695715606212616 -0.46418559551239014   0.5327494740486145,0.49433717131614685 0.71358621120452881 0.31768080592155457, 0.52935081720352173  -0.4695715606212616 -0.46418559551239014   0.5327494740486145
1715792940.602402,0.49434873461723328  0.7135886549949646  0.3176630437374115, 0.52937120199203491 -0.46956616640090942 -0.46417185664176941  0.53274595737457275,0.49434873461723328  0.7135886549949646  0.3176630437374115, 0.52937120199203491 -0.46956616640090942 -0.46417185664176941  0.53274595737457275
1715792940.6074021,0.49433013796806335 0.71360677480697632 0.31763651967048645, 0.52935755252838135 -0.46954184770584106 -0.46418380737304688  0.53277057409286499,0.49433013796806335 0.71360677480697632 0.31763651967048645, 0.52935755252838135 -0.46954184770584106 -0.46418380737304688  0.53277057409286499
1715792940.6123528, 0.4943535327911377 0.71358847618103027 0.31762924790382385, 0.52935546636581421 -0.46948623657226562 -0.46424555778503418  0.53276783227920532, 0.4943535327911377 0.71358847618103027 0.31762924790382385, 0.52935546636581421 -0.46948623657226562 -0.46424555778503418  0.53276783227920532
1715792940.6174023,0.49432286620140076 0.71361666917800903 0.31761407852172852, 0.52937394380569458 -0.46943491697311401 -0.46425747871398926  0.53278428316116333,0.49432286620140076 0.71361666917800903 0.31761407852172852, 0.52937394380569458 -0.46943491697311401 -0.46425747871398926  0.53278428316116333
1715792940.6224303,0.49429038166999817 0.71362149715423584 0.31765061616897583, 0.52939599752426147  -0.4694574773311615 -0.46424445509910583  0.53275388479232788,0.49429038166999817 0.71362149715423584 0.31765061616897583, 0.52939599752426147  -0.4694574773311615 -0.46424445509910583  0.53275388479232788
1715792940.6274016,0.49429306387901306 0.71362912654876709  0.3176368772983551, 0.52939581871032715 -0.46949499845504761 -0.46419280767440796  0.53276592493057251,0.49429306387901306 0.71362912654876709  0.3176368772983551, 0.52939581871032715 -0.46949499845504761 -0.46419280767440796  0.53276592493057251
1715792940.6324043,0.49425590038299561  0.7136501669883728 0.31761032342910767, 0.52936935424804688 -0.46947306394577026 -0.46421045064926147  0.53279620409011841,0.49425590038299561  0.7136501669883728 0.31761032342910767, 0.52936935424804688 -0.46947306394577026 -0.46421045064926147  0.53279620409011841
1715792940.6374025,0.49427288770675659 0.71364796161651611 0.31762203574180603,  0.5294157862663269 -0.46950018405914307 -0.46413743495941162  0.53278976678848267,0.49427288770675659 0.71364796161651611 0.31762203574180603,  0.5294157862663269 -0.46950018405914307 -0.46413743495941162  0.53278976678848267
1715792940.6424074,0.49431592226028442 0.71361732482910156 0.31762948632240295, 0.52941179275512695 -0.46944692730903625 -0.46419918537139893  0.53278690576553345,0.49431592226028442 0.71361732482910156 0.31762948632240295, 0.52941179275512695 -0.46944692730903625 -0.46419918537139893  0.53278690576553345
1715792940.6474016,0.49432900547981262 0.71359997987747192 0.31763803958892822, 0.52945005893707275 -0.46934568881988525 -0.46427395939826965  0.53277289867401123,0.49432900547981262 0.71359997987747192 0.31763803958892822, 0.52945005893707275 -0.46934568881988525 -0.46427395939826965  0.53277289867401123
1715792940.6524296, 0.4943925142288208  0.7135816216468811 0.31763187050819397,  0.5293547511100769 -0.46930336952209473 -0.46440327167510986  0.53279215097427368, 0.4943925142288208  0.7135816216468811 0.31763187050819397,  0.5293547511100769 -0.46930336952209473 -0.46440327167510986  0.53279215097427368
1715792940.657402,0.49445146322250366 0.71353906393051147 0.31762591004371643, 0.52935725450515747 -0.46922397613525391 -0.46448177099227905  0.53279119729995728,0.49445146322250366 0.71353906393051147 0.31762591004371643, 0.52935725450515747 -0.46922397613525391 -0.46448177099227905  0.53279119729995728
1715792940.6624014,0.49443233013153076 0.71351528167724609 0.31764030456542969, 0.52943265438079834 -0.46916687488555908 -0.46441647410392761  0.53282344341278076,0.49443233013153076 0.71351528167724609 0.31764030456542969, 0.52943265438079834 -0.46916687488555908 -0.46441647410392761  0.53282344341278076
1715792940.667403,0.49447992444038391 0.71349334716796875 0.31767410039901733, 0.52941209077835083 -0.46914419531822205 -0.46453365683555603  0.53276175260543823,0.49447992444038391 0.71349334716796875 0.31767410039901733, 0.52941209077835083 -0.46914419531822205 -0.46453365683555603  0.53276175260543823
1715792940.6724029,0.49446386098861694 0.71347624063491821 0.31766757369041443, 0.52943027019500732 -0.46916338801383972 -0.46444636583328247  0.53280282020568848,0.49446386098861694 0.71347624063491821 0.31766757369041443, 0.52943027019500732 -0.46916338801383972 -0.46444636583328247  0.53280282020568848
1715792940.677403,0.49446201324462891 0.71350216865539551 0.31766363978385925, 0.52942955493927002 -0.46917921304702759 -0.46442210674285889  0.53281080722808838,0.49446201324462891 0.71350216865539551 0.31766363978385925, 0.52942955493927002 -0.46917921304702759 -0.46442210674285889  0.53281080722808838
1715792940.6824019,0.49450963735580444 0.71352636814117432  0.3176635205745697,  0.5293610692024231 -0.46917784214019775 -0.46452772617340088  0.53278791904449463,0.49450963735580444 0.71352636814117432  0.3176635205745697,  0.5293610692024231 -0.46917784214019775 -0.46452772617340088  0.53278791904449463
1715792940.6874025, 0.4945271909236908 0.71357017755508423 0.31763604283332825, 0.52930355072021484 -0.46919518709182739 -0.46452197432518005  0.53283482789993286, 0.4945271909236908 0.71357017755508423 0.31763604283332825, 0.52930355072021484 -0.46919518709182739 -0.46452197432518005  0.53283482789993286
1715792940.6924036,0.49454471468925476 0.71361589431762695 0.31765326857566833, 0.52926468849182129 -0.46920713782310486 -0.46449247002601624  0.53288859128952026,0.49454471468925476 0.71361589431762695 0.31765326857566833, 0.52926468849182129 -0.46920713782310486 -0.46449247002601624  0.53288859128952026
1715792940.6973548,0.49458754062652588 0.71371090412139893 0.31761881709098816, 0.52908730506896973 -0.46922922134399414 -0.46460849046707153   0.5329442024230957,0.49458754062652588 0.71371090412139893 0.31761881709098816, 0.52908730506896973 -0.46922922134399414 -0.46460849046707153   0.5329442024230957
1715792940.7024012,0.49459114670753479 0.71373599767684937  0.3176417350769043, 0.52909457683563232 -0.46921473741531372  -0.4646109938621521  0.53294754028320312,0.49459114670753479 0.71373599767684937  0.3176417350769043, 0.52909457683563232 -0.46921473741531372  -0.4646109938621521  0.53294754028320312
1715792940.7080429,0.49464660882949829 0.71375799179077148 0.31761878728866577, 0.52902346849441528 -0.46921038627624512 -0.46459776163101196  0.53303349018096924,0.49464660882949829 0.71375799179077148 0.31761878728866577, 0.52902346849441528 -0.46921038627624512 -0.46459776163101196  0.53303349018096924
1715792940.71241,0.49465441703796387 0.71377778053283691 0.31762900948524475, 0.52898514270782471 -0.46915534138679504 -0.46463161706924438  0.53309047222137451,0.49465441703796387 0.71377778053283691 0.31762900948524475, 0.52898514270782471 -0.46915534138679504 -0.46463161706924438  0.53309047222137451
1715792940.717417,0.49467027187347412 0.71377992630004883 0.31765314936637878, 0.52895170450210571 -0.46916657686233521 -0.46462017297744751  0.53312373161315918,0.49467027187347412 0.71377992630004883 0.31765314936637878, 0.52895170450210571 -0.46916657686233521 -0.46462017297744751  0.53312373161315918
1715792940.722404,0.49465218186378479 0.71378934383392334 0.31767329573631287, 0.52898228168487549 -0.46919059753417969 -0.46459904313087463  0.53309065103530884,0.49465218186378479 0.71378934383392334 0.31767329573631287, 0.52898228168487549 -0.46919059753417969 -0.46459904313087463  0.53309065103530884
1715792940.7273624, 0.4946523904800415 0.71380645036697388 0.31761783361434937, 0.52896624803543091 -0.46915647387504578 -0.46461978554725647  0.53311848640441895, 0.4946523904800415 0.71380645036697388 0.31761783361434937, 0.52896624803543091 -0.46915647387504578 -0.46461978554725647  0.53311848640441895
1715792940.7324026,0.49464109539985657 0.71379768848419189 0.31763118505477905, 0.52898156642913818  -0.4692322313785553 -0.46458303928375244  0.53306865692138672,0.49464109539985657 0.71379768848419189 0.31763118505477905, 0.52898156642913818  -0.4692322313785553 -0.46458303928375244  0.53306865692138672
1715792940.7374034,0.49461981654167175 0.71379047632217407 0.31763416528701782,   0.529011070728302 -0.46924543380737305  -0.4645577073097229  0.53304988145828247,0.49461981654167175 0.71379047632217407 0.31763416528701782,   0.529011070728302 -0.46924543380737305  -0.4645577073097229  0.53304988145828247
1715792940.7424047,0.49456638097763062 0.71379506587982178 0.31763598322868347, 0.52901655435562134 -0.46924865245819092 -0.46456646919250488  0.53303390741348267,0.49456638097763062 0.71379506587982178 0.31763598322868347, 0.52901655435562134 -0.46924865245819092 -0.46456646919250488  0.53303390741348267
1715792940.7474017,0.49454036355018616 0.71379047632217407 0.31765264272689819, 0.52907258272171021 -0.46925011277198792 -0.46458128094673157  0.53296416997909546,0.49454036355018616 0.71379047632217407 0.31765264272689819, 0.52907258272171021 -0.46925011277198792 -0.46458128094673157  0.53296416997909546
1715792940.7523766,0.49453833699226379 0.71375620365142822 0.31766337156295776, 0.52909433841705322 -0.46929404139518738 -0.46455711126327515  0.53292489051818848,0.49453833699226379 0.71375620365142822 0.31766337156295776, 0.52909433841705322 -0.46929404139518738 -0.46455711126327515  0.53292489051818848
1715792940.7574019,0.49449160695075989 0.71377277374267578 0.31766396760940552,  0.5291106104850769 -0.46928805112838745 -0.46451869606971741  0.53294754028320312,0.49449160695075989 0.71377277374267578 0.31766396760940552,  0.5291106104850769 -0.46928805112838745 -0.46451869606971741  0.53294754028320312
1715792940.7624025,0.49446967244148254  0.7137761116027832 0.31763538718223572, 0.52915948629379272 -0.46924155950546265 -0.46450674533843994  0.53295034170150757,0.49446967244148254  0.7137761116027832 0.31763538718223572, 0.52915948629379272 -0.46924155950546265 -0.46450674533843994  0.53295034170150757
1715792940.7674031,0.49445968866348267 0.71375936269760132 0.31764465570449829, 0.52916109561920166 -0.46923252940177917 -0.46455258131027222  0.53291672468185425,0.49445968866348267 0.71375936269760132 0.31764465570449829, 0.52916109561920166 -0.46923252940177917 -0.46455258131027222  0.53291672468185425
1715792940.7723644,0.49447152018547058 0.71374392509460449 0.31763043999671936, 0.52917444705963135  -0.4691912829875946 -0.46458157896995544  0.53291451930999756,0.49447152018547058 0.71374392509460449 0.31763043999671936, 0.52917444705963135  -0.4691912829875946 -0.46458157896995544  0.53291451930999756
1715792940.7774022,0.49447932839393616 0.71373683214187622 0.31764057278633118, 0.52913999557495117 -0.46926796436309814 -0.46456563472747803  0.53289514780044556,0.49447932839393616 0.71373683214187622 0.31764057278633118, 0.52913999557495117 -0.46926796436309814 -0.46456563472747803  0.53289514780044556
1715792940.7823541, 0.4945041835308075  0.7137225866317749 0.31765136122703552, 0.52915662527084351 -0.46923360228538513 -0.46459606289863586  0.53288239240646362, 0.4945041835308075  0.7137225866317749 0.31765136122703552, 0.52915662527084351 -0.46923360228538513 -0.46459606289863586  0.53288239240646362
1715792940.7874005,0.49449044466018677 0.71373230218887329 0.31762480735778809, 0.52915972471237183 -0.46917903423309326 -0.46460309624671936   0.5329211950302124,0.49449044466018677 0.71373230218887329 0.31762480735778809, 0.52915972471237183 -0.46917903423309326 -0.46460309624671936   0.5329211950302124
1715792940.7924023, 0.4944973886013031 0.71373802423477173  0.3176209032535553, 0.52916699647903442 -0.46919023990631104  -0.4646056592464447  0.53290188312530518, 0.4944973886013031 0.71373802423477173  0.3176209032535553, 0.52916699647903442 -0.46919023990631104  -0.4646056592464447  0.53290188312530518
1715792940.7974017,0.49451634287834167 0.71375536918640137 0.31758213043212891, 0.52911382913589478 -0.46920466423034668 -0.46461743116378784  0.53293168544769287,0.49451634287834167 0.71375536918640137 0.31758213043212891, 0.52911382913589478 -0.46920466423034668 -0.46461743116378784  0.53293168544769287
1715792940.8024008,0.49451667070388794 0.71375977993011475 0.31761756539344788, 0.52914750576019287 -0.46922498941421509 -0.46454423666000366  0.53294414281845093,0.49451667070388794 0.71375977993011475 0.31761756539344788, 0.52914750576019287 -0.46922498941421509 -0.46454423666000366  0.53294414281845093
1715792940.8074033,0.49453851580619812 0.71379458904266357 0.31757718324661255, 0.52909708023071289 -0.46918383240699768 -0.46458283066749573   0.5329967737197876,0.49453851580619812 0.71379458904266357 0.31757718324661255, 0.52909708023071289 -0.46918383240699768 -0.46458283066749573   0.5329967737197876
1715792940.8123567,0.49456325173377991 0.71380776166915894 0.31755295395851135, 0.52903211116790771 -0.46918666362762451 -0.46462059020996094  0.53302592039108276,0.49456325173377991 0.71380776166915894 0.31755295395851135, 0.52903211116790771 -0.46918666362762451 -0.46462059020996094  0.53302592039108276
1715792940.8173592,0.49457472562789917 0.71382427215576172 0.31757405400276184, 0.52901405096054077 -0.46919840574264526 -0.46459069848060608  0.53305953741073608,0.49457472562789917 0.71382427215576172 0.31757405400276184, 0.52901405096054077 -0.46919840574264526 -0.46459069848060608  0.53305953741073608
1715792940.8223639,0.49457031488418579 0.71385926008224487 0.31758618354797363, 0.52898877859115601 -0.46918675303459167 -0.46457323431968689  0.53311008214950562,0.49457031488418579 0.71385926008224487 0.31758618354797363, 0.52898877859115601 -0.46918675303459167 -0.46457323431968689  0.53311008214950562
1715792940.8273799,0.49458995461463928 0.71385282278060913  0.3176005482673645, 0.52898943424224854 -0.46922731399536133  -0.4645373523235321  0.53310501575469971,0.49458995461463928 0.71385282278060913  0.3176005482673645, 0.52898943424224854 -0.46922731399536133  -0.4645373523235321  0.53310501575469971
1715792940.8324025,  0.494599848985672 0.71389144659042358 0.31757837533950806, 0.52894484996795654 -0.46919110417366028 -0.46456477046012878  0.53315722942352295,  0.494599848985672 0.71389144659042358 0.31757837533950806, 0.52894484996795654 -0.46919110417366028 -0.46456477046012878  0.53315722942352295
1715792940.8374028,0.49462783336639404 0.71391642093658447 0.31757119297981262, 0.52890199422836304 -0.46917587518692017 -0.46455752849578857  0.53321945667266846,0.49462783336639404 0.71391642093658447 0.31757119297981262, 0.52890199422836304 -0.46917587518692017 -0.46455752849578857  0.53321945667266846
1715792940.8424048,0.49465972185134888 0.71393084526062012 0.31761330366134644, 0.52887165546417236  -0.4691426157951355 -0.46458074450492859  0.53325861692428589,0.49465972185134888 0.71393084526062012 0.31761330366134644, 0.52887165546417236  -0.4691426157951355 -0.46458074450492859  0.53325861692428589
1715792940.84743,0.49466750025749207  0.7139860987663269  0.3175988495349884, 0.52882158756256104 -0.46915057301521301 -0.46455687284469604   0.5333220362663269,0.49466750025749207  0.7139860987663269  0.3175988495349884, 0.52882158756256104 -0.46915057301521301 -0.46455687284469604   0.5333220362663269
1715792940.8524046,0.49470758438110352   0.714008629322052 0.31763127446174622, 0.52895736694335938 -0.46914693713188171 -0.46462798118591309  0.53312861919403076,0.49470758438110352   0.714008629322052 0.31763127446174622, 0.52895736694335938 -0.46914693713188171 -0.46462798118591309  0.53312861919403076
1715792940.857393,  0.494752436876297 0.71405518054962158 0.31763535737991333, 0.52880001068115234  -0.4691682755947113 -0.46462434530258179  0.53326904773712158,  0.494752436876297 0.71405518054962158 0.31763535737991333, 0.52880001068115234  -0.4691682755947113 -0.46462434530258179  0.53326904773712158
1715792940.8624048,0.49480029940605164 0.71408987045288086 0.31769442558288574,  0.5287628173828125 -0.46915176510810852 -0.46464571356773376  0.53330183029174805,0.49480029940605164 0.71408987045288086 0.31769442558288574,  0.5287628173828125 -0.46915176510810852 -0.46464571356773376  0.53330183029174805
1715792940.8674037,0.49481767416000366 0.71417140960693359 0.31770288944244385, 0.52867430448532104 -0.46915197372436523 -0.46463567018508911  0.53339815139770508,0.49481767416000366 0.71417140960693359 0.31770288944244385, 0.52867430448532104 -0.46915197372436523 -0.46463567018508911  0.53339815139770508
1715792940.8724017,0.49484977126121521 0.71423393487930298 0.31774088740348816, 0.52863794565200806 -0.46910345554351807 -0.46463167667388916  0.53348034620285034,0.49484977126121521 0.71423393487930298 0.31774088740348816, 0.52863794565200806 -0.46910345554351807 -0.46463167667388916  0.53348034620285034
1715792940.8774314, 0.4949038028717041 0.71424657106399536 0.31773293018341064, 0.52856177091598511 -0.46912232041358948 -0.46466514468193054  0.53351008892059326, 0.4949038028717041 0.71424657106399536 0.31773293018341064, 0.52856177091598511 -0.46912232041358948 -0.46466514468193054  0.53351008892059326
1715792940.8823991,0.49492165446281433 0.71432781219482422 0.31772130727767944, 0.52851408720016479 -0.46909689903259277 -0.46466541290283203  0.53357946872711182,0.49492165446281433 0.71432781219482422 0.31772130727767944, 0.52851408720016479 -0.46909689903259277 -0.46466541290283203  0.53357946872711182
1715792940.8873582,0.49495664238929749 0.71438407897949219 0.31773585081100464, 0.52835851907730103 -0.46911504864692688 -0.46465209126472473  0.53372913599014282,0.49495664238929749 0.71438407897949219 0.31773585081100464, 0.52835851907730103 -0.46911504864692688 -0.46465209126472473  0.53372913599014282
1715792940.8924043,0.49499696493148804  0.7144426703453064 0.31777003407478333, 0.52830201387405396 -0.46912562847137451 -0.46462538838386536  0.53379899263381958,0.49499696493148804  0.7144426703453064 0.31777003407478333, 0.52830201387405396 -0.46912562847137451 -0.46462538838386536  0.53379899263381958
1715792940.8974025, 0.4950525164604187 0.71449065208435059 0.31778097152709961, 0.52819794416427612 -0.46913418173789978 -0.46462029218673706  0.53389889001846313, 0.4950525164604187 0.71449065208435059 0.31778097152709961, 0.52819794416427612 -0.46913418173789978 -0.46462029218673706  0.53389889001846313
1715792940.9024017,0.49505263566970825 0.71452510356903076 0.31782615184783936, 0.52822637557983398 -0.46926280856132507 -0.46447908878326416  0.53388059139251709,0.49505263566970825 0.71452510356903076 0.31782615184783936, 0.52822637557983398 -0.46926280856132507 -0.46447908878326416  0.53388059139251709
1715792940.9074016,0.49510851502418518 0.71458780765533447 0.31785878539085388, 0.52815192937850952 -0.46924281120300293 -0.46448498964309692  0.53396666049957275,0.49510851502418518 0.71458780765533447 0.31785878539085388, 0.52815192937850952 -0.46924281120300293 -0.46448498964309692  0.53396666049957275
1715792940.9124341,0.49514862895011902 0.71464192867279053 0.31790858507156372, 0.52807319164276123  -0.4692380428314209 -0.46450358629226685  0.53403258323669434,0.49514862895011902 0.71464192867279053 0.31790858507156372, 0.52807319164276123  -0.4692380428314209 -0.46450358629226685  0.53403258323669434
1715792940.917403,0.49518364667892456  0.7147066593170166 0.31796655058860779, 0.52798551321029663  -0.4692244827747345 -0.46452069282531738  0.53411626815795898,0.49518364667892456  0.7147066593170166 0.31796655058860779, 0.52798551321029663  -0.4692244827747345 -0.46452069282531738  0.53411626815795898
1715792940.9224036,0.49523675441741943 0.71478009223937988 0.31801405549049377, 0.52788394689559937 -0.46920710802078247  -0.4646223783493042  0.53414344787597656,0.49523675441741943 0.71478009223937988 0.31801405549049377, 0.52788394689559937 -0.46920710802078247  -0.4646223783493042  0.53414344787597656
1715792940.9274039,0.49525344371795654 0.71482974290847778 0.31800204515457153, 0.52782309055328369 -0.46929362416267395 -0.46458283066749573  0.53416204452514648,0.49525344371795654 0.71482974290847778 0.31800204515457153, 0.52782309055328369 -0.46929362416267395 -0.46458283066749573  0.53416204452514648
1715792940.9324017,0.49531692266464233 0.71489822864532471 0.31801652908325195, 0.52771216630935669 -0.46929320693016052 -0.46461835503578186  0.53424108028411865,0.49531692266464233 0.71489822864532471 0.31801652908325195, 0.52771216630935669 -0.46929320693016052 -0.46461835503578186  0.53424108028411865
1715792940.9374032, 0.4954988956451416 0.71498119831085205 0.31757509708404541, 0.52742570638656616 -0.46931704878807068 -0.46471524238586426  0.53441870212554932, 0.4954988956451416 0.71498119831085205 0.31757509708404541, 0.52742570638656616 -0.46931704878807068 -0.46471524238586426  0.53441870212554932
1715792940.9424045,0.49555781483650208 0.71504437923431396 0.31759709119796753, 0.52732890844345093 -0.46936467289924622 -0.46479010581970215  0.53440725803375244,0.49555781483650208 0.71504437923431396 0.31759709119796753, 0.52732890844345093 -0.46936467289924622 -0.46479010581970215  0.53440725803375244
1715792940.9474018,0.49556279182434082 0.71515476703643799 0.31759819388389587, 0.52722364664077759  -0.4694441556930542 -0.46480095386505127  0.53443193435668945,0.49556279182434082 0.71515476703643799 0.31759819388389587, 0.52722364664077759  -0.4694441556930542 -0.46480095386505127  0.53443193435668945
1715792940.9524021,0.49558135867118835 0.71520185470581055 0.31760218739509583, 0.52715444564819336 -0.46948376297950745 -0.46485835313796997  0.53441548347473145,0.49558135867118835 0.71520185470581055 0.31760218739509583, 0.52715444564819336 -0.46948376297950745 -0.46485835313796997  0.53441548347473145
1715792940.9574053,0.49560606479644775 0.71532118320465088 0.31766343116760254,  0.5271143913269043 -0.46954101324081421 -0.46491566300392151   0.5343548059463501,0.49560606479644775 0.71532118320465088 0.31766343116760254,  0.5271143913269043 -0.46954101324081421 -0.46491566300392151   0.5343548059463501
1715792940.9624071,0.49562424421310425 0.71545124053955078 0.31766653060913086, 0.52701026201248169  -0.4696919322013855 -0.46496078372001648  0.53428566455841064,0.49562424421310425 0.71545124053955078 0.31766653060913086, 0.52701026201248169  -0.4696919322013855 -0.46496078372001648  0.53428566455841064
1715792940.9674017,0.49560156464576721 0.71564769744873047 0.31764617562294006, 0.52686423063278198 -0.46966364979743958 -0.46514225006103516  0.53429657220840454,0.49560156464576721 0.71564769744873047 0.31764617562294006, 0.52686423063278198 -0.46966364979743958 -0.46514225006103516  0.53429657220840454
1715792940.9723833,0.49560832977294922 0.71584385633468628 0.31764736771583557, 0.52670156955718994 -0.46985027194023132 -0.46519890427589417  0.53424352407455444,0.49560832977294922 0.71584385633468628 0.31764736771583557, 0.52670156955718994 -0.46985027194023132 -0.46519890427589417  0.53424352407455444
1715792940.977402,0.49562066793441772 0.71593141555786133 0.31768438220024109, 0.52663254737854004 -0.46991714835166931 -0.46527102589607239  0.53418993949890137,0.49562066793441772 0.71593141555786133 0.31768438220024109, 0.52663254737854004 -0.46991714835166931 -0.46527102589607239  0.53418993949890137
1715792940.9824018,0.49561473727226257 0.71616053581237793 0.31771579384803772, 0.52650892734527588 -0.47011062502861023 -0.46529859304428101  0.53411757946014404,0.49561473727226257 0.71616053581237793 0.31771579384803772, 0.52650892734527588 -0.47011062502861023 -0.46529859304428101  0.53411757946014404
1715792940.9874306,0.49560782313346863 0.71642601490020752 0.31772574782371521, 0.52631855010986328     -0.4703369140625 -0.46539059281349182  0.53402578830718994,0.49560782313346863 0.71642601490020752 0.31772574782371521, 0.52631855010986328     -0.4703369140625 -0.46539059281349182  0.53402578830718994
1715792940.9923558,0.49559727311134338 0.71671277284622192 0.31774875521659851, 0.52615147829055786 -0.47050803899765015 -0.46550661325454712  0.53393858671188354,0.49559727311134338 0.71671277284622192 0.31774875521659851, 0.52615147829055786 -0.47050803899765015 -0.46550661325454712  0.53393858671188354
1715792940.9974024,0.49563449621200562 0.71699315309524536 0.31782177090644836, 0.52597314119338989 -0.47066992521286011 -0.46563759446144104  0.53385734558105469,0.49563449621200562 0.71699315309524536 0.31782177090644836, 0.52597314119338989 -0.47066992521286011 -0.46563759446144104  0.53385734558105469
1715792941.0024011,0.49561458826065063 0.71717929840087891 0.31783688068389893, 0.52587610483169556 -0.47072684764862061 -0.46569737792015076  0.53385066986083984,0.49561458826065063 0.71717929840087891 0.31783688068389893, 0.52587610483169556 -0.47072684764862061 -0.46569737792015076  0.53385066986083984
1715792941.0074022,0.49561867117881775 0.71754145622253418 0.31788745522499084, 0.52575838565826416 -0.47086900472640991 -0.46580046415328979  0.53375130891799927,0.49561867117881775 0.71754145622253418 0.31788745522499084, 0.52575838565826416 -0.47086900472640991 -0.46580046415328979  0.53375130891799927
1715792941.0123551,0.49564078450202942 0.71795141696929932  0.3179546594619751, 0.52570021152496338 -0.47094208002090454 -0.46579867601394653  0.53374564647674561,0.49564078450202942 0.71795141696929932  0.3179546594619751, 0.52570021152496338 -0.47094208002090454 -0.46579867601394653  0.53374564647674561
1715792941.0174036,0.49567615985870361 0.71835750341415405 0.31797584891319275, 0.52556729316711426 -0.47103515267372131 -0.46580886840820312  0.53378558158874512,0.49567615985870361 0.71835750341415405 0.31797584891319275, 0.52556729316711426 -0.47103515267372131 -0.46580886840820312  0.53378558158874512
1715792941.0224032,0.49570617079734802 0.71886169910430908 0.31803002953529358,0.52542102336883545 -0.4711812436580658 -0.4657798707485199 0.53382593393325806,0.49570617079734802 0.71886169910430908 0.31803002953529358,0.52542102336883545 -0.4711812436580658 -0.4657798707485199 0.53382593393325806
1715792941.0274024, 0.4957125186920166 0.71912288665771484 0.31801405549049377, 0.52533954381942749 -0.47136875987052917 -0.46570247411727905  0.53380805253982544, 0.4957125186920166 0.71912288665771484 0.31801405549049377, 0.52533954381942749 -0.47136875987052917 -0.46570247411727905  0.53380805253982544
1715792941.0324016,0.49573355913162231 0.71963268518447876 0.31802323460578918, 0.52522116899490356 -0.47139149904251099 -0.46566906571388245  0.53393357992172241,0.49573355913162231 0.71963268518447876 0.31802323460578918, 0.52522116899490356 -0.47139149904251099 -0.46566906571388245  0.53393357992172241
1715792941.0374026,0.49574843049049377 0.72021156549453735 0.31806421279907227, 0.52511817216873169 -0.47139808535575867 -0.46571674942970276  0.53398752212524414,0.49574843049049377 0.72021156549453735 0.31806421279907227, 0.52511817216873169 -0.47139808535575867 -0.46571674942970276  0.53398752212524414
