RosTime,PositionForIiwa7,OrientationForIiwa7,PositionForIiwa14,OrientationForIiwa14
1714992707.4639826,0.54745006561279297 0.42769241333007812  0.3187565803527832, 0.49881359934806824 -0.50042235851287842 -0.49525448679924011  0.50545567274093628,0.54745006561279297 0.42769241333007812  0.3187565803527832, 0.49881359934806824 -0.50042235851287842 -0.49525448679924011  0.50545567274093628
1714992707.4689846,0.54739409685134888 0.42769521474838257 0.31876084208488464, 0.49887427687644958 -0.50042420625686646  -0.4952014684677124  0.50544595718383789,0.54739409685134888 0.42769521474838257 0.31876084208488464, 0.49887427687644958 -0.50042420625686646  -0.4952014684677124  0.50544595718383789
1714992707.473979,0.54736202955245972 0.42766430974006653 0.31875616312026978, 0.49892836809158325 -0.50045979022979736 -0.49516507983207703  0.50539296865463257,0.54736202955245972 0.42766430974006653 0.31875616312026978, 0.49892836809158325 -0.50045979022979736 -0.49516507983207703  0.50539296865463257
1714992707.4789779,0.54734277725219727  0.4276290237903595 0.31876841187477112, 0.49898183345794678 -0.50048458576202393 -0.49516990780830383  0.50531083345413208,0.54734277725219727  0.4276290237903595 0.31876841187477112, 0.49898183345794678 -0.50048458576202393 -0.49516990780830383  0.50531083345413208
1714992707.4839807,0.54730170965194702 0.42759895324707031 0.31875494122505188, 0.49901032447814941 -0.50031930208206177 -0.49533146619796753  0.50528812408447266,0.54730170965194702 0.42759895324707031 0.31875494122505188, 0.49901032447814941 -0.50031930208206177 -0.49533146619796753  0.50528812408447266
1714992707.488976,0.54726803302764893  0.4275834858417511 0.31875771284103394, 0.49905973672866821 -0.50032955408096313 -0.49532657861709595  0.50523388385772705,0.54726803302764893  0.4275834858417511 0.31875771284103394, 0.49905973672866821 -0.50032955408096313 -0.49532657861709595  0.50523388385772705
1714992707.4939771,0.54753947257995605 0.42720842361450195 0.31857159733772278, 0.49893379211425781 -0.50024408102035522  -0.4956476092338562  0.50512808561325073,0.54753947257995605 0.42720842361450195 0.31857159733772278, 0.49893379211425781 -0.50024408102035522  -0.4956476092338562  0.50512808561325073
1714992707.4989882,0.54719352722167969 0.42761361598968506  0.3187425434589386, 0.49915239214897156 -0.50029736757278442 -0.49529606103897095  0.50520414113998413,0.54719352722167969 0.42761361598968506  0.3187425434589386, 0.49915239214897156 -0.50029736757278442 -0.49529606103897095  0.50520414113998413
1714992707.5039377,0.54705667495727539 0.42778196930885315 0.31864461302757263,   0.499198317527771 -0.50040775537490845  -0.4950927197933197   0.5052487850189209,0.54705667495727539 0.42778196930885315 0.31864461302757263,   0.499198317527771 -0.50040775537490845  -0.4950927197933197   0.5052487850189209
1714992707.508981,0.54729151725769043 0.42742422223091125 0.31850245594978333, 0.49907979369163513 -0.50029575824737549  -0.4954531192779541  0.50512349605560303,0.54729151725769043 0.42742422223091125 0.31850245594978333, 0.49907979369163513 -0.50029575824737549  -0.4954531192779541  0.50512349605560303
1714992707.5139778,0.54698175191879272 0.42780286073684692 0.31866258382797241, 0.49928033351898193 -0.50036776065826416 -0.49512079358100891  0.50517982244491577,0.54698175191879272 0.42780286073684692 0.31866258382797241, 0.49928033351898193 -0.50036776065826416 -0.49512079358100891  0.50517982244491577
1714992707.518981,0.54725128412246704 0.42740854620933533 0.31854149699211121, 0.49917823076248169 -0.50020074844360352 -0.49552837014198303  0.50504648685455322,0.54725128412246704 0.42740854620933533 0.31854149699211121, 0.49917823076248169 -0.50020074844360352 -0.49552837014198303  0.50504648685455322
1714992707.5239782,0.54709738492965698 0.42718467116355896 0.31919777393341064, 0.49956339597702026 -0.50034695863723755 -0.49549776315689087  0.50455057621002197,0.54709738492965698 0.42718467116355896 0.31919777393341064, 0.49956339597702026 -0.50034695863723755 -0.49549776315689087  0.50455057621002197
1714992707.5289762,0.54710239171981812 0.42713895440101624 0.31920459866523743, 0.49962145090103149 -0.50028544664382935 -0.49554091691970825  0.50451171398162842,0.54710239171981812 0.42713895440101624 0.31920459866523743, 0.49962145090103149 -0.50028544664382935 -0.49554091691970825  0.50451171398162842
1714992707.5339775,0.54706692695617676 0.42717203497886658 0.31919294595718384, 0.49965775012969971 -0.50031381845474243   -0.495534747838974  0.50445365905761719,0.54706692695617676 0.42717203497886658 0.31919294595718384, 0.49965775012969971 -0.50031381845474243   -0.495534747838974  0.50445365905761719
1714992707.5389779, 0.5467180609703064 0.42754900455474854  0.3194366991519928, 0.49989321827888489 -0.50039064884185791 -0.49517542123794556  0.50449705123901367, 0.5467180609703064 0.42754900455474854  0.3194366991519928, 0.49989321827888489 -0.50039064884185791 -0.49517542123794556  0.50449705123901367
1714992707.5439804, 0.5466839075088501 0.42757421731948853  0.3194558322429657,  0.4999186098575592 -0.50037813186645508   -0.495157390832901  0.50450199842453003, 0.5466839075088501 0.42757421731948853  0.3194558322429657,  0.4999186098575592 -0.50037813186645508   -0.495157390832901  0.50450199842453003
1714992707.5489826,0.54693001508712769 0.42726215720176697  0.3192451000213623,   0.499754399061203 -0.50030320882797241 -0.49545702338218689  0.50444483757019043,0.54693001508712769 0.42726215720176697  0.3192451000213623,   0.499754399061203 -0.50030320882797241 -0.49545702338218689  0.50444483757019043
1714992707.5539846,0.54688441753387451  0.4272579550743103 0.31926742196083069, 0.49979928135871887 -0.50028955936431885 -0.49544322490692139  0.50442743301391602,0.54688441753387451  0.4272579550743103 0.31926742196083069, 0.49979928135871887 -0.50028955936431885 -0.49544322490692139  0.50442743301391602
1714992707.5589793,0.54658126831054688 0.42760264873504639 0.31945264339447021, 0.50000214576721191 -0.50036007165908813 -0.49508023262023926  0.50451284646987915,0.54658126831054688 0.42760264873504639 0.31945264339447021, 0.50000214576721191 -0.50036007165908813 -0.49508023262023926  0.50451284646987915
1714992707.5639818,0.54690307378768921   0.427223801612854 0.31926718354225159,  0.4997941255569458  -0.5003657341003418 -0.49540111422538757  0.50439834594726562,0.54690307378768921   0.427223801612854 0.31926718354225159,  0.4997941255569458  -0.5003657341003418 -0.49540111422538757  0.50439834594726562
1714992707.5689788,0.54691451787948608 0.42719629406929016  0.3193080723285675, 0.49981829524040222 -0.50027632713317871 -0.49546632170677185  0.50439906120300293,0.54691451787948608 0.42719629406929016  0.3193080723285675, 0.49981829524040222 -0.50027632713317871 -0.49546632170677185  0.50439906120300293
1714992707.573977,0.54663902521133423 0.42757561802864075 0.31951186060905457, 0.49995490908622742 -0.50035399198532104 -0.49514836072921753  0.50449877977371216,0.54663902521133423 0.42757561802864075 0.31951186060905457, 0.49995490908622742 -0.50035399198532104 -0.49514836072921753  0.50449877977371216
1714992707.5789773,0.54669296741485596 0.42760241031646729 0.31951868534088135, 0.49990165233612061 -0.50036334991455078 -0.49515825510025024  0.50453263521194458,0.54669296741485596 0.42760241031646729 0.31951868534088135, 0.49990165233612061 -0.50036334991455078 -0.49515825510025024  0.50453263521194458
1714992707.5839846,0.54673087596893311 0.42765793204307556 0.31950333714485168, 0.49981799721717834 -0.50047880411148071 -0.49508640170097351  0.50457149744033813,0.54673087596893311 0.42765793204307556 0.31950333714485168, 0.49981799721717834 -0.50047880411148071 -0.49508640170097351  0.50457149744033813
1714992707.5889778,0.54675036668777466 0.42771327495574951 0.31950777769088745, 0.49977004528045654 -0.50040549039840698 -0.49513119459152222  0.50464773178100586,0.54675036668777466 0.42771327495574951 0.31950777769088745, 0.49977004528045654 -0.50040549039840698 -0.49513119459152222  0.50464773178100586
1714992707.5939829,0.54675698280334473 0.42773813009262085  0.3195267915725708, 0.49973994493484497 -0.50048965215682983  -0.4950680136680603  0.50465607643127441,0.54675698280334473 0.42773813009262085  0.3195267915725708, 0.49973994493484497 -0.50048965215682983  -0.4950680136680603  0.50465607643127441
1714992707.5989809,0.54676371812820435 0.42778334021568298 0.31953972578048706, 0.49966296553611755 -0.50058209896087646 -0.49500501155853271  0.50470238924026489,0.54676371812820435 0.42778334021568298 0.31953972578048706, 0.49966296553611755 -0.50058209896087646 -0.49500501155853271  0.50470238924026489
1714992707.603986,0.54676109552383423 0.42784294486045837 0.31951352953910828, 0.49958029389381409  -0.5007743239402771 -0.49481737613677979  0.50477755069732666,0.54676109552383423 0.42784294486045837 0.31951352953910828, 0.49958029389381409  -0.5007743239402771 -0.49481737613677979  0.50477755069732666
1714992707.6090899,0.54671239852905273 0.42782598733901978 0.31952270865440369, 0.49959057569503784 -0.50065922737121582 -0.49493938684463501  0.50476187467575073,0.54671239852905273 0.42782598733901978 0.31952270865440369, 0.49959057569503784 -0.50065922737121582 -0.49493938684463501  0.50476187467575073
1714992707.6139872,0.54669123888015747 0.42778298258781433 0.31953758001327515, 0.49969273805618286  -0.5006258487701416 -0.49496859312057495  0.50466525554656982,0.54669123888015747 0.42778298258781433 0.31953758001327515, 0.49969273805618286  -0.5006258487701416 -0.49496859312057495  0.50466525554656982
1714992707.6189837,0.54690766334533691 0.42734387516975403 0.31934571266174316, 0.49966630339622498 -0.50057476758956909 -0.49528849124908447  0.50442814826965332,0.54690766334533691 0.42734387516975403 0.31934571266174316, 0.49966630339622498 -0.50057476758956909 -0.49528849124908447  0.50442814826965332
1714992707.623935,0.54677504301071167 0.42729201912879944 0.31933215260505676, 0.49993151426315308 -0.50046223402023315 -0.49530082941055298   0.5042649507522583,0.54677504301071167 0.42729201912879944 0.31933215260505676, 0.49993151426315308 -0.50046223402023315 -0.49530082941055298   0.5042649507522583
1714992707.628979,0.54635882377624512 0.42754453420639038 0.31956824660301208, 0.50036811828613281 -0.50058746337890625 -0.49491387605667114  0.50408744812011719,0.54635882377624512 0.42754453420639038 0.31956824660301208, 0.50036811828613281 -0.50058746337890625 -0.49491387605667114  0.50408744812011719
1714992707.6339767,0.54658156633377075 0.42710152268409729 0.31939199566841125, 0.50042372941970825 -0.50049734115600586 -0.49524170160293579  0.50379973649978638,0.54658156633377075 0.42710152268409729 0.31939199566841125, 0.50042372941970825 -0.50049734115600586 -0.49524170160293579  0.50379973649978638
1714992707.6389756,0.54626065492630005 0.42744910717010498 0.31961089372634888,  0.5006568431854248 -0.50056767463684082 -0.49489098787307739  0.50384283065795898,0.54626065492630005 0.42744910717010498 0.31961089372634888,  0.5006568431854248 -0.50056767463684082 -0.49489098787307739  0.50384283065795898
1714992707.6439793,0.54622280597686768 0.42744693160057068  0.3196372389793396, 0.50078886747360229 -0.50055414438247681 -0.49483978748321533  0.50377541780471802,0.54622280597686768 0.42744693160057068  0.3196372389793396, 0.50078886747360229 -0.50055414438247681 -0.49483978748321533  0.50377541780471802
1714992707.6489787,0.54625242948532104 0.42742583155632019 0.31965172290802002, 0.50074547529220581 -0.50050508975982666 -0.49491986632347107  0.50378865003585815,0.54625242948532104 0.42742583155632019 0.31965172290802002, 0.50074547529220581 -0.50050508975982666 -0.49491986632347107  0.50378865003585815
1714992707.6540964,0.54665052890777588 0.42706072330474854 0.31938949227333069, 0.50020605325698853 -0.50043988227844238 -0.49537652730941772  0.50394046306610107,0.54665052890777588 0.42706072330474854 0.31938949227333069, 0.50020605325698853 -0.50043988227844238 -0.49537652730941772  0.50394046306610107
1714992707.6590898,0.54640853404998779 0.42746990919113159 0.31958827376365662, 0.50031650066375732 -0.50049805641174316 -0.49504479765892029  0.50409895181655884,0.54640853404998779 0.42746990919113159 0.31958827376365662, 0.50031650066375732 -0.50049805641174316 -0.49504479765892029  0.50409895181655884
1714992707.6639793,0.54645562171936035 0.42752709984779358 0.31959161162376404, 0.50024324655532837 -0.50050592422485352 -0.49501761794090271  0.50419050455093384,0.54645562171936035 0.42752709984779358 0.31959161162376404, 0.50024324655532837 -0.50050592422485352 -0.49501761794090271  0.50419050455093384
1714992707.6689818,0.54678845405578613 0.42713892459869385 0.31942859292030334, 0.50005984306335449 -0.50037539005279541 -0.49542328715324402  0.50410354137420654,0.54678845405578613 0.42713892459869385 0.31942859292030334, 0.50005984306335449 -0.50037539005279541 -0.49542328715324402  0.50410354137420654
1714992707.6739757,0.54678595066070557  0.4271906316280365 0.31941524147987366, 0.50010299682617188 -0.50036734342575073 -0.49539473652839661  0.50409680604934692,0.54678595066070557  0.4271906316280365 0.31941524147987366, 0.50010299682617188 -0.50036734342575073 -0.49539473652839661  0.50409680604934692
1714992707.6789758,0.54645919799804688 0.42757111787796021 0.31960359215736389, 0.50035625696182251 -0.50045937299728394 -0.49498885869979858  0.50415283441543579,0.54645919799804688 0.42757111787796021 0.31960359215736389, 0.50035625696182251 -0.50045937299728394 -0.49498885869979858  0.50415283441543579
1714992707.6839783,0.54641377925872803  0.4276050329208374 0.31959235668182373, 0.50034373998641968 -0.50054460763931274 -0.49490588903427124  0.50416207313537598,0.54641377925872803  0.4276050329208374 0.31959235668182373, 0.50034373998641968 -0.50054460763931274 -0.49490588903427124  0.50416207313537598
1714992707.6890404,0.54670137166976929 0.42719846963882446 0.31942903995513916, 0.50021272897720337 -0.50043970346450806 -0.49529427289962769  0.50401479005813599,0.54670137166976929 0.42719846963882446 0.31942903995513916, 0.50021272897720337 -0.50043970346450806 -0.49529427289962769  0.50401479005813599
1714992707.6939819,0.54635107517242432  0.4275435209274292 0.31958910822868347, 0.50038731098175049 -0.50053322315216064 -0.49494448304176331  0.50409221649169922,0.54635107517242432  0.4275435209274292 0.31958910822868347, 0.50038731098175049 -0.50053322315216064 -0.49494448304176331  0.50409221649169922
1714992707.6990066,0.54632961750030518 0.42751303315162659 0.31961748003959656, 0.50042480230331421 -0.50062739849090576 -0.49488157033920288  0.50402331352233887,0.54632961750030518 0.42751303315162659 0.31961748003959656, 0.50042480230331421 -0.50062739849090576 -0.49488157033920288  0.50402331352233887
1714992707.7040069,0.54634213447570801 0.42745959758758545  0.3196054995059967, 0.50042420625686646 -0.50054460763931274 -0.49499130249023438  0.50399833917617798,0.54634213447570801 0.42745959758758545  0.3196054995059967, 0.50042420625686646 -0.50054460763931274 -0.49499130249023438  0.50399833917617798
1714992707.7089815,0.54678243398666382 0.42701655626296997 0.31910541653633118, 0.50010919570922852 -0.50049209594726562 -0.49536857008934021  0.50399249792098999,0.54678243398666382 0.42701655626296997 0.31910541653633118, 0.50010919570922852 -0.50049209594726562 -0.49536857008934021  0.50399249792098999
1714992707.7139812,0.54683816432952881 0.42710748314857483 0.31897872686386108, 0.50003898143768311 -0.50047570466995239 -0.49538302421569824  0.50406426191329956,0.54683816432952881 0.42710748314857483 0.31897872686386108, 0.50003898143768311 -0.50047570466995239 -0.49538302421569824  0.50406426191329956
1714992707.7189772,0.54659128189086914 0.42748534679412842 0.31918489933013916, 0.50040155649185181 -0.50052165985107422 -0.49509689211845398  0.50393986701965332,0.54659128189086914 0.42748534679412842 0.31918489933013916, 0.50040155649185181 -0.50052165985107422 -0.49509689211845398  0.50393986701965332
1714992707.7239773,0.54656970500946045 0.42751926183700562 0.31918615102767944, 0.50019186735153198 -0.50050681829452515 -0.49505797028541565  0.50420099496841431,0.54656970500946045 0.42751926183700562 0.31918615102767944, 0.50019186735153198 -0.50050681829452515 -0.49505797028541565  0.50420099496841431
1714992707.7289743,0.54655426740646362 0.42752495408058167 0.31915464997291565,0.50005275011062622 -0.5005805492401123 -0.4950212836265564 0.50430178642272949,0.54655426740646362 0.42752495408058167 0.31915464997291565,0.50005275011062622 -0.5005805492401123 -0.4950212836265564 0.50430178642272949
1714992707.7340882,0.54685837030410767 0.42720547318458557 0.31894287467002869, 0.49997574090957642 -0.50046491622924805 -0.49531903862953186   0.5042005181312561,0.54685837030410767 0.42720547318458557 0.31894287467002869, 0.49997574090957642 -0.50046491622924805 -0.49531903862953186   0.5042005181312561
1714992707.7389765, 0.5468330979347229 0.42726036906242371 0.31904932856559753, 0.50003635883331299  -0.5002867579460144 -0.49550017714500427  0.50413930416107178, 0.5468330979347229 0.42726036906242371 0.31904932856559753, 0.50003635883331299  -0.5002867579460144 -0.49550017714500427  0.50413930416107178
1714992707.743978,0.54650896787643433  0.4276641309261322 0.31922468543052673, 0.50015759468078613 -0.50040346384048462 -0.49513107538223267  0.50426578521728516,0.54650896787643433  0.4276641309261322 0.31922468543052673, 0.50015759468078613 -0.50040346384048462 -0.49513107538223267  0.50426578521728516
1714992707.7489853,0.54680711030960083 0.42729535698890686 0.31901779770851135, 0.50000816583633423 -0.50032013654708862 -0.49545437097549438  0.50417906045913696,0.54680711030960083 0.42729535698890686 0.31901779770851135, 0.50000816583633423 -0.50032013654708862 -0.49545437097549438  0.50417906045913696
1714992707.753937,0.54651451110839844 0.42768168449401855 0.31920120120048523, 0.50021499395370483 -0.50037258863449097 -0.49510210752487183  0.50426799058914185,0.54651451110839844 0.42768168449401855 0.31920120120048523, 0.50021499395370483 -0.50037258863449097 -0.49510210752487183  0.50426799058914185
1714992707.7589853,0.54650366306304932  0.4276587963104248 0.31926307082176208, 0.50025421380996704 -0.50035542249679565 -0.49516099691390991  0.50418823957443237,0.54650366306304932  0.4276587963104248 0.31926307082176208, 0.50025421380996704 -0.50035542249679565 -0.49516099691390991  0.50418823957443237
1714992707.7639818,0.54621070623397827 0.42805451154708862 0.31931024789810181,  0.5002751350402832 -0.50056082010269165  -0.4948006272315979  0.50431734323501587,0.54621070623397827 0.42805451154708862 0.31931024789810181,  0.5002751350402832 -0.50056082010269165  -0.4948006272315979  0.50431734323501587
1714992707.769012,0.54646658897399902 0.42779210209846497 0.31925499439239502, 0.50036847591400146 -0.50052821636199951 -0.49504473805427551  0.50401747226715088,0.54646658897399902 0.42779210209846497 0.31925499439239502, 0.50036847591400146 -0.50052821636199951 -0.49504473805427551  0.50401747226715088
1714992707.7739775,0.54686397314071655  0.4273277223110199 0.31865766644477844, 0.49996644258499146 -0.50076603889465332 -0.49519789218902588  0.50402975082397461,0.54686397314071655  0.4273277223110199 0.31865766644477844, 0.49996644258499146 -0.50076603889465332 -0.49519789218902588  0.50402975082397461
1714992707.7789781,0.54650998115539551   0.427450031042099 0.31944724917411804, 0.50021475553512573 -0.50062114000320435 -0.49512028694152832  0.50400358438491821,0.54650998115539551   0.427450031042099 0.31944724917411804, 0.50021475553512573 -0.50062114000320435 -0.49512028694152832  0.50400358438491821
1714992707.7839839,0.54618269205093384 0.42748352885246277 0.32019743323326111, 0.50063085556030273 -0.50051569938659668 -0.49508997797966003  0.50372487306594849,0.54618269205093384 0.42748352885246277 0.32019743323326111, 0.50063085556030273 -0.50051569938659668 -0.49508997797966003  0.50372487306594849
1714992707.7889364,0.54609930515289307 0.42773458361625671 0.32002449035644531, 0.50059258937835693 -0.50052958726882935  -0.4948941171169281  0.50394147634506226,0.54609930515289307 0.42773458361625671 0.32002449035644531, 0.50059258937835693 -0.50052958726882935  -0.4948941171169281  0.50394147634506226
1714992707.7939761,0.54608786106109619 0.42773962020874023  0.3200509250164032, 0.50061845779418945 -0.50055712461471558 -0.49487978219985962  0.50390255451202393,0.54608786106109619 0.42773962020874023  0.3200509250164032, 0.50061845779418945 -0.50055712461471558 -0.49487978219985962  0.50390255451202393
1714992707.7990029,0.54608911275863647 0.42773738503456116 0.32000857591629028, 0.50059729814529419 -0.50053095817565918 -0.49489372968673706  0.50393581390380859,0.54608911275863647 0.42773738503456116 0.32000857591629028, 0.50059729814529419 -0.50053095817565918 -0.49489372968673706  0.50393581390380859
1714992707.8039787, 0.5460822582244873   0.427735835313797 0.32000812888145447, 0.50058925151824951 -0.50056320428848267 -0.49487093091011047  0.50393420457839966, 0.5460822582244873   0.427735835313797 0.32000812888145447, 0.50058925151824951 -0.50056320428848267 -0.49487093091011047  0.50393420457839966
1714992707.8090007,0.54660236835479736 0.42744481563568115 0.31935757398605347, 0.50000244379043579 -0.50068247318267822 -0.49521151185035706  0.50406366586685181,0.54660236835479736 0.42744481563568115 0.31935757398605347, 0.50000244379043579 -0.50068247318267822 -0.49521151185035706  0.50406366586685181
1714992707.8139775,0.54652506113052368 0.42744812369346619 0.31944423913955688, 0.50011581182479858 -0.50058656930923462 -0.49520930647850037  0.50404858589172363,0.54652506113052368 0.42744812369346619 0.31944423913955688, 0.50011581182479858 -0.50058656930923462 -0.49520930647850037  0.50404858589172363
1714992707.8189826,0.54627102613449097 0.42783272266387939 0.31953021883964539, 0.50029385089874268 -0.50057953596115112  -0.4949040412902832  0.50417870283126831,0.54627102613449097 0.42783272266387939 0.31953021883964539, 0.50029385089874268 -0.50057953596115112  -0.4949040412902832  0.50417870283126831
1714992707.8239787,0.54647946357727051 0.42787468433380127 0.31898078322410583, 0.49997028708457947 -0.50067353248596191 -0.49491339921951294  0.50439709424972534,0.54647946357727051 0.42787468433380127 0.31898078322410583, 0.49997028708457947 -0.50067353248596191 -0.49491339921951294  0.50439709424972534
1714992707.828979, 0.5467149019241333 0.42749303579330444 0.31887319684028625, 0.49979284405708313 -0.50068819522857666 -0.49518358707427979  0.50429326295852661, 0.5467149019241333 0.42749303579330444 0.31887319684028625, 0.49979284405708313 -0.50068819522857666 -0.49518358707427979  0.50429326295852661
1714992707.8339787,0.54672175645828247 0.42750322818756104 0.31884568929672241, 0.49983948469161987 -0.50059425830841064  -0.4952085018157959  0.50431579351425171,0.54672175645828247 0.42750322818756104 0.31884568929672241, 0.49983948469161987 -0.50059425830841064  -0.4952085018157959  0.50431579351425171
1714992707.8389776,0.54649585485458374 0.42784604430198669 0.31896969676017761, 0.49999770522117615 -0.50062930583953857 -0.49495035409927368  0.50437760353088379,0.54649585485458374 0.42784604430198669 0.31896969676017761, 0.49999770522117615 -0.50062930583953857 -0.49495035409927368  0.50437760353088379
1714992707.8440058,0.54650008678436279 0.42783936858177185 0.31895872950553894, 0.49999392032623291 -0.50064331293106079 -0.49494561553001404  0.50437206029891968,0.54650008678436279 0.42783936858177185 0.31895872950553894, 0.49999392032623291 -0.50064331293106079 -0.49494561553001404  0.50437206029891968
1714992707.8489785,0.54673314094543457 0.42749625444412231 0.31883448362350464, 0.49986732006072998  -0.5006440281867981 -0.49517762660980225   0.5042690634727478,0.54673314094543457 0.42749625444412231 0.31883448362350464, 0.49986732006072998  -0.5006440281867981 -0.49517762660980225   0.5042690634727478
1714992707.8539779,0.54673957824707031 0.42749768495559692 0.31884714961051941, 0.49984246492385864 -0.50060880184173584 -0.49522325396537781  0.50428390502929688,0.54673957824707031 0.42749768495559692 0.31884714961051941, 0.49984246492385864 -0.50060880184173584 -0.49522325396537781  0.50428390502929688
1714992707.8589764,0.54675590991973877 0.42750167846679688 0.31889605522155762, 0.50001901388168335 -0.50065398216247559   -0.495271235704422  0.50401681661605835,0.54675590991973877 0.42750167846679688 0.31889605522155762, 0.50001901388168335 -0.50065398216247559   -0.495271235704422  0.50401681661605835
1714992707.8639841,0.54647946357727051 0.42785787582397461 0.31898561120033264, 0.49999460577964783 -0.50062465667724609 -0.49494123458862305  0.50439417362213135,0.54647946357727051 0.42785787582397461 0.31898561120033264, 0.49999460577964783 -0.50062465667724609 -0.49494123458862305  0.50439417362213135
1714992707.8690088,0.54672235250473022 0.42751342058181763 0.31887209415435791, 0.49983802437782288  -0.5006328821182251 -0.49521306157112122  0.50427442789077759,0.54672235250473022 0.42751342058181763 0.31887209415435791, 0.49983802437782288  -0.5006328821182251 -0.49521306157112122  0.50427442789077759
1714992707.8739798,0.54675084352493286 0.42750921845436096 0.31887301802635193, 0.49981251358985901 -0.50069522857666016 -0.49517443776130676  0.50427573919296265,0.54675084352493286 0.42750921845436096 0.31887301802635193, 0.49981251358985901 -0.50069522857666016 -0.49517443776130676  0.50427573919296265
1714992707.8790035,0.54648256301879883 0.42788061499595642 0.31897711753845215, 0.49996775388717651 -0.50069034099578857 -0.49490255117416382  0.50439363718032837,0.54648256301879883 0.42788061499595642 0.31897711753845215, 0.49996775388717651 -0.50069034099578857 -0.49490255117416382  0.50439363718032837
1714992707.8839808,0.54650187492370605 0.42790648341178894 0.31896063685417175,  0.4999387264251709 -0.50066983699798584 -0.49488428235054016  0.50446063280105591,0.54650187492370605 0.42790648341178894 0.31896063685417175,  0.4999387264251709 -0.50066983699798584 -0.49488428235054016  0.50446063280105591
1714992707.889003,0.54674446582794189 0.42750561237335205 0.31887876987457275, 0.49963405728340149 -0.50077527761459351  -0.4951532781124115  0.50439387559890747,0.54674446582794189 0.42750561237335205 0.31887876987457275, 0.49963405728340149 -0.50077527761459351  -0.4951532781124115  0.50439387559890747
1714992707.8940022,0.54676371812820435 0.42750707268714905  0.3189011812210083,  0.4996296763420105 -0.50078821182250977 -0.49516969919204712  0.50436925888061523,0.54676371812820435 0.42750707268714905  0.3189011812210083,  0.4996296763420105 -0.50078821182250977 -0.49516969919204712  0.50436925888061523
1714992707.8989887,0.54650288820266724 0.42790058255195618 0.31894457340240479, 0.49974721670150757 -0.50077271461486816 -0.49490264058113098  0.50453025102615356,0.54650288820266724 0.42790058255195618 0.31894457340240479, 0.49974721670150757 -0.50077271461486816 -0.49490264058113098  0.50453025102615356
1714992707.9039888,0.54675424098968506   0.427531898021698 0.31886643171310425,  0.4995395839214325 -0.50075864791870117 -0.49523329734802246  0.50442534685134888,0.54675424098968506   0.427531898021698 0.31886643171310425,  0.4995395839214325 -0.50075864791870117 -0.49523329734802246  0.50442534685134888
1714992707.9090114,0.54651999473571777 0.42788147926330566  0.3189643919467926,0.49968782067298889 -0.5007472038269043 -0.4949805736541748 0.50453794002532959,0.54651999473571777 0.42788147926330566  0.3189643919467926,0.49968782067298889 -0.5007472038269043 -0.4949805736541748 0.50453794002532959
1714992707.9140186,0.54649120569229126 0.42789039015769958 0.31897103786468506, 0.49968534708023071 -0.50079071521759033 -0.49496257305145264  0.50451487302780151,0.54649120569229126 0.42789039015769958 0.31897103786468506, 0.49968534708023071 -0.50079071521759033 -0.49496257305145264  0.50451487302780151
1714992707.9190071, 0.5465046763420105 0.42787784337997437 0.31894770264625549, 0.49968871474266052 -0.50076383352279663 -0.49494946002960205  0.50455111265182495, 0.5465046763420105 0.42787784337997437 0.31894770264625549, 0.49968871474266052 -0.50076383352279663 -0.49494946002960205  0.50455111265182495
1714992707.9240191,0.54673993587493896 0.42750024795532227 0.31887415051460266, 0.49951362609863281 -0.50082153081893921 -0.49519047141075134  0.50443071126937866,0.54673993587493896 0.42750024795532227 0.31887415051460266, 0.49951362609863281 -0.50082153081893921 -0.49519047141075134  0.50443071126937866
1714992707.9289842,0.54647326469421387 0.42787986993789673 0.31925418972969055, 0.49978488683700562 -0.50074273347854614 -0.49496075510978699  0.50446569919586182,0.54647326469421387 0.42787986993789673 0.31925418972969055, 0.49978488683700562 -0.50074273347854614 -0.49496075510978699  0.50446569919586182
1714992707.9339831,0.54646807909011841 0.42786574363708496 0.31902024149894714, 0.49954983592033386 -0.50093573331832886 -0.49512705206871033  0.50434368848800659,0.54646807909011841 0.42786574363708496 0.31902024149894714, 0.49954983592033386 -0.50093573331832886 -0.49512705206871033  0.50434368848800659
1714992707.9389837,0.54600322246551514 0.42790931463241577 0.31940725445747375,  0.4980025589466095 -0.50317525863647461 -0.49826696515083313  0.50053787231445312,0.54600322246551514 0.42790931463241577 0.31940725445747375,  0.4980025589466095 -0.50317525863647461 -0.49826696515083313  0.50053787231445312
1714992707.9439781,0.54583537578582764 0.42872542142868042 0.31923919916152954,-0.49612882733345032  0.50525099039077759  0.50101727247238159 -0.49755334854125977,0.54583537578582764 0.42872542142868042 0.31923919916152954,-0.49612882733345032  0.50525099039077759  0.50101727247238159 -0.49755334854125977
1714992707.9489858,0.54610657691955566 0.43184325098991394 0.31914615631103516,-0.49068582057952881  0.51087874174118042  0.50718331336975098 -0.49091282486915588,0.54610657691955566 0.43184325098991394 0.31914615631103516,-0.49068582057952881  0.51087874174118042  0.50718331336975098 -0.49091282486915588
1714992707.9539864,0.54715824127197266 0.43616399168968201 0.31949600577354431,-0.48594385385513306  0.51604253053665161  0.51220852136611938 -0.48497539758682251,0.54715824127197266 0.43616399168968201 0.31949600577354431,-0.48594385385513306  0.51604253053665161  0.51220852136611938 -0.48497539758682251
1714992707.9589832,0.54840075969696045   0.441335529088974 0.31966349482536316,-0.48216095566749573  0.51912856101989746  0.51670467853546143 -0.48066896200180054,0.54840075969696045   0.441335529088974 0.31966349482536316,-0.48216095566749573  0.51912856101989746  0.51670467853546143 -0.48066896200180054
1714992707.9639819,0.54936826229095459  0.4475175142288208 0.31986436247825623,-0.47820097208023071  0.52242457866668701  0.51998233795166016 -0.47750887274742126,0.54936826229095459  0.4475175142288208 0.31986436247825623,-0.47820097208023071  0.52242457866668701  0.51998233795166016 -0.47750887274742126
1714992707.9689784,0.55008244514465332 0.45050835609436035 0.31965932250022888,-0.47585994005203247  0.52327793836593628  0.52262800931930542 -0.47602254152297974,0.55008244514465332 0.45050835609436035 0.31965932250022888,-0.47585994005203247  0.52327793836593628  0.52262800931930542 -0.47602254152297974
1714992707.9739852,0.55142909288406372 0.45657095313072205 0.31951409578323364,-0.47080007195472717  0.52693569660186768  0.52635788917541504 -0.47289898991584778,0.55142909288406372 0.45657095313072205 0.31951409578323364,-0.47080007195472717  0.52693569660186768  0.52635788917541504 -0.47289898991584778
1714992707.9789839,0.55290311574935913 0.46196889877319336 0.31902259588241577,-0.46528077125549316  0.53094542026519775  0.53048831224441528 -0.46924722194671631,0.55290311574935913 0.46196889877319336 0.31902259588241577,-0.46528077125549316  0.53094542026519775  0.53048831224441528 -0.46924722194671631
1714992707.983984,0.55402863025665283 0.46766418218612671 0.31864574551582336,-0.45977887511253357   0.5354996919631958  0.53436195850372314 -0.46508145332336426,0.55402863025665283 0.46766418218612671 0.31864574551582336,-0.45977887511253357   0.5354996919631958  0.53436195850372314 -0.46508145332336426
1714992707.9889376,0.55468225479125977 0.47376686334609985 0.31855228543281555,-0.45439749956130981  0.54087769985198975  0.53724527359008789 -0.46080553531646729,0.55468225479125977 0.47376686334609985 0.31855228543281555,-0.45439749956130981  0.54087769985198975  0.53724527359008789 -0.46080553531646729
1714992707.9939682,0.55508571863174438 0.47659248113632202 0.31840091943740845, -0.4517122209072113  0.54344385862350464  0.53904485702514648 -0.45831814408302307,0.55508571863174438 0.47659248113632202 0.31840091943740845, -0.4517122209072113  0.54344385862350464  0.53904485702514648 -0.45831814408302307
1714992707.9989681, 0.5559464693069458 0.48186692595481873 0.31812858581542969,-0.44621890783309937   0.5487595796585083  0.54246199131011963 -0.45330628752708435, 0.5559464693069458 0.48186692595481873 0.31812858581542969,-0.44621890783309937   0.5487595796585083  0.54246199131011963 -0.45330628752708435
1714992708.003968,0.55630791187286377 0.48767706751823425   0.318227618932724,-0.44164267182350159  0.55392187833786011  0.54547947645187378 -0.44785535335540771,0.55630791187286377 0.48767706751823425   0.318227618932724,-0.44164267182350159  0.55392187833786011  0.54547947645187378 -0.44785535335540771
1714992708.0090649,0.55707597732543945 0.49295467138290405 0.31839358806610107,-0.43683704733848572   0.5580022931098938   0.5495646595954895 -0.44247657060623169,0.55707597732543945 0.49295467138290405 0.31839358806610107,-0.43683704733848572   0.5580022931098938   0.5495646595954895 -0.44247657060623169
1714992708.013968,0.55801886320114136 0.49804770946502686 0.31853416562080383,-0.43226799368858337  0.56199705600738525  0.55344873666763306 -0.43703335523605347,0.55801886320114136 0.49804770946502686 0.31853416562080383,-0.43226799368858337  0.56199705600738525  0.55344873666763306 -0.43703335523605347
1714992708.0189707, 0.5585063099861145 0.50055891275405884 0.31859642267227173,-0.42986705899238586  0.56380289793014526  0.55557715892791748 -0.43436694145202637, 0.5585063099861145 0.50055891275405884 0.31859642267227173,-0.42986705899238586  0.56380289793014526  0.55557715892791748 -0.43436694145202637
1714992708.0239241,0.55970108509063721 0.50539058446884155 0.31860360503196716,-0.42470499873161316  0.56702506542205811  0.56010955572128296 -0.42940130829811096,0.55970108509063721 0.50539058446884155 0.31860360503196716,-0.42470499873161316  0.56702506542205811  0.56010955572128296 -0.42940130829811096
1714992708.0289681,0.56083947420120239 0.51015132665634155 0.31836986541748047,-0.41992014646530151  0.57035732269287109   0.5643039345741272 -0.42417049407958984,0.56083947420120239 0.51015132665634155 0.31836986541748047,-0.41992014646530151  0.57035732269287109   0.5643039345741272 -0.42417049407958984
1714992708.0339692,0.56183403730392456 0.51487231254577637 0.31866613030433655,-0.41501441597938538  0.57343369722366333  0.56851297616958618 -0.41920149326324463,0.56183403730392456 0.51487231254577637 0.31866613030433655,-0.41501441597938538  0.57343369722366333  0.56851297616958618 -0.41920149326324463
1714992708.0389683,0.56265383958816528 0.51992052793502808 0.31845071911811829,-0.41007375717163086  0.57703107595443726  0.57225000858306885 -0.41401040554046631,0.56265383958816528 0.51992052793502808 0.31845071911811829,-0.41007375717163086  0.57703107595443726  0.57225000858306885 -0.41401040554046631
1714992708.0439687,0.56299155950546265  0.5224420428276062 0.31848126649856567,-0.40762969851493835  0.57872980833053589  0.57409495115280151 -0.41149100661277771,0.56299155950546265  0.5224420428276062 0.31848126649856567,-0.40762969851493835  0.57872980833053589  0.57409495115280151 -0.41149100661277771
1714992708.0489681,0.56359744071960449 0.52761298418045044 0.31850102543830872,-0.40264096856117249  0.58263754844665527  0.57721889019012451 -0.40648752450942993,0.56359744071960449 0.52761298418045044 0.31850102543830872,-0.40264096856117249  0.58263754844665527  0.57721889019012451 -0.40648752450942993
1714992708.0539672,0.56434738636016846 0.53263092041015625 0.31853073835372925,-0.39752697944641113  0.58636713027954102  0.58039659261703491 -0.40160390734672546,0.56434738636016846 0.53263092041015625 0.31853073835372925,-0.39752697944641113  0.58636713027954102  0.58039659261703491 -0.40160390734672546
1714992708.0589674,0.56512469053268433 0.53753584623336792 0.31864270567893982,-0.39206749200820923  0.59001284837722778  0.58370488882064819 -0.39680793881416321,0.56512469053268433 0.53753584623336792 0.31864270567893982,-0.39206749200820923  0.59001284837722778  0.58370488882064819 -0.39680793881416321
1714992708.0639699,0.56571322679519653 0.53976821899414062 0.31848356127738953,-0.38959270715713501  0.59130591154098511   0.5857919454574585 -0.39423674345016479,0.56571322679519653 0.53976821899414062 0.31848356127738953,-0.38959270715713501  0.59130591154098511   0.5857919454574585 -0.39423674345016479
1714992708.0689631,0.56654173135757446 0.54448240995407104 0.31854787468910217,-0.38427740335464478  0.59466284513473511  0.58924871683120728  -0.3892209529876709,0.56654173135757446 0.54448240995407104 0.31854787468910217,-0.38427740335464478  0.59466284513473511  0.58924871683120728  -0.3892209529876709
1714992708.0739701,0.56718790531158447 0.54927575588226318 0.31865221261978149,-0.37935340404510498  0.59808045625686646  0.59247928857803345 -0.38387373089790344,0.56718790531158447 0.54927575588226318 0.31865221261978149,-0.37935340404510498  0.59808045625686646  0.59247928857803345 -0.38387373089790344
1714992708.0789969,0.56800514459609985 0.55379891395568848 0.31861481070518494, -0.3742842972278595  0.60106217861175537  0.59604310989379883 -0.37863984704017639,0.56800514459609985 0.55379891395568848 0.31861481070518494, -0.3742842972278595  0.60106217861175537  0.59604310989379883 -0.37863984704017639
1714992708.0839927,0.56870883703231812 0.55833655595779419 0.31852921843528748,-0.36922475695610046  0.60444557666778564  0.59901410341262817 -0.37349793314933777,0.56870883703231812 0.55833655595779419 0.31852921843528748,-0.36922475695610046  0.60444557666778564  0.59901410341262817 -0.37349793314933777
1714992708.0889692,0.56929343938827515 0.56290954351425171 0.31839469075202942,-0.36430895328521729  0.60721313953399658  0.60258090496063232 -0.36805900931358337,0.56929343938827515 0.56290954351425171 0.31839469075202942,-0.36430895328521729  0.60721313953399658  0.60258090496063232 -0.36805900931358337
1714992708.0940542,0.56957215070724487 0.56515109539031982  0.3183300793170929,-0.36168628931045532   0.6088569164276123   0.6040884256362915 -0.36544966697692871,0.56957215070724487 0.56515109539031982  0.3183300793170929,-0.36168628931045532   0.6088569164276123   0.6040884256362915 -0.36544966697692871
1714992708.0989685,0.57007682323455811 0.56975239515304565 0.31845095753669739,-0.35632303357124329  0.61216890811920166  0.60699993371963501 -0.36032512784004211,0.57007682323455811 0.56975239515304565 0.31845095753669739,-0.35632303357124329  0.61216890811920166  0.60699993371963501 -0.36032512784004211
1714992708.103971,0.57064175605773926 0.57420539855957031 0.31849649548530579,-0.35152879357337952  0.61511117219924927  0.60994333028793335 -0.35501387715339661,0.57064175605773926 0.57420539855957031 0.31849649548530579,-0.35152879357337952  0.61511117219924927  0.60994333028793335 -0.35501387715339661
1714992708.1089716,0.57129514217376709 0.57854855060577393 0.31854727864265442,-0.34625831246376038  0.61804157495498657  0.61298555135726929 -0.34982633590698242,0.57129514217376709 0.57854855060577393 0.31854727864265442,-0.34625831246376038  0.61804157495498657  0.61298555135726929 -0.34982633590698242
1714992708.1139677, 0.5719609260559082 0.58275693655014038 0.31855475902557373,-0.34117501974105835  0.62099778652191162  0.61570197343826294 -0.34477877616882324, 0.5719609260559082 0.58275693655014038 0.31855475902557373,-0.34117501974105835  0.62099778652191162  0.61570197343826294 -0.34477877616882324
1714992708.1189883,0.57230603694915771 0.58484369516372681 0.31851354241371155,-0.33814218640327454  0.62268352508544922  0.61700046062469482 -0.34239679574966431,0.57230603694915771 0.58484369516372681 0.31851354241371155,-0.33814218640327454  0.62268352508544922  0.61700046062469482 -0.34239679574966431
1714992708.1239679,0.57295793294906616 0.58890873193740845 0.31849637627601624,-0.33306324481964111  0.62530529499053955  0.61994510889053345 -0.33723905682563782,0.57295793294906616 0.58890873193740845 0.31849637627601624,-0.33306324481964111  0.62530529499053955  0.61994510889053345 -0.33723905682563782
1714992708.1290009,0.57356870174407959  0.5930100679397583 0.31840312480926514,-0.32797297835350037  0.62781208753585815  0.62288784980773926 -0.33210906386375427,0.57356870174407959  0.5930100679397583 0.31840312480926514,-0.32797297835350037  0.62781208753585815  0.62288784980773926 -0.33210906386375427
1714992708.1339927,0.57410222291946411 0.59693175554275513  0.3183695375919342,-0.32299584150314331   0.6302991509437561  0.62573778629302979 -0.32687756419181824,0.57410222291946411 0.59693175554275513  0.3183695375919342,-0.32299584150314331   0.6302991509437561  0.62573778629302979 -0.32687756419181824
1714992708.1389961,0.57458478212356567 0.60085397958755493 0.31838291883468628,-0.31780520081520081  0.63304328918457031  0.62830734252929688 -0.32169222831726074,0.57458478212356567 0.60085397958755493 0.31838291883468628,-0.31780520081520081  0.63304328918457031  0.62830734252929688 -0.32169222831726074
1714992708.1439676,0.57481926679611206 0.60279148817062378 0.31832695007324219,-0.31520268321037292  0.63449245691299438  0.62949967384338379  -0.3190559446811676,0.57481926679611206 0.60279148817062378 0.31832695007324219,-0.31520268321037292  0.63449245691299438  0.62949967384338379  -0.3190559446811676
1714992708.1489687,0.57529634237289429 0.60659205913543701  0.3183695375919342,-0.31010439991950989  0.63703644275665283  0.63208407163619995 -0.31383052468299866,0.57529634237289429 0.60659205913543701  0.3183695375919342,-0.31010439991950989  0.63703644275665283  0.63208407163619995 -0.31383052468299866
1714992708.1539254,0.57576411962509155 0.61029720306396484 0.31835529208183289,-0.30499428510665894   0.6395728588104248  0.63457542657852173 -0.30860826373100281,0.57576411962509155 0.61029720306396484 0.31835529208183289,-0.30499428510665894   0.6395728588104248  0.63457542657852173 -0.30860826373100281
1714992708.1589706,0.57618081569671631 0.61392033100128174 0.31836888194084167,-0.29973170161247253  0.64190572500228882  0.63714033365249634 -0.30359530448913574,0.57618081569671631 0.61392033100128174 0.31836888194084167,-0.29973170161247253  0.64190572500228882  0.63714033365249634 -0.30359530448913574
1714992708.1639683, 0.5770607590675354 0.61708050966262817 0.31827390193939209,-0.29452052712440491  0.64393049478530884  0.63997054100036621   -0.298410564661026, 0.5770607590675354 0.61708050966262817 0.31827390193939209,-0.29452052712440491  0.64393049478530884  0.63997054100036621   -0.298410564661026
1714992708.1689689,0.57694196701049805 0.61921262741088867 0.31829607486724854,-0.29211807250976562  0.64505183696746826  0.64110028743743896 -0.29591476917266846,0.57694196701049805 0.61921262741088867 0.31829607486724854,-0.29211807250976562  0.64505183696746826  0.64110028743743896 -0.29591476917266846
1714992708.1739466,0.57738357782363892 0.62271386384963989 0.31826731562614441,-0.28713905811309814   0.6473243236541748  0.64341598749160767 -0.29075467586517334,0.57738357782363892 0.62271386384963989 0.31826731562614441,-0.28713905811309814   0.6473243236541748  0.64341598749160767 -0.29075467586517334
1714992708.1789279,0.57785189151763916 0.62612152099609375 0.31823059916496277,-0.28223899006843567  0.64981985092163086  0.64543288946151733 -0.28546741604804993,0.57785189151763916 0.62612152099609375 0.31823059916496277,-0.28223899006843567  0.64981985092163086  0.64543288946151733 -0.28546741604804993
1714992708.1839952,0.57826292514801025 0.62947231531143188 0.31817644834518433,-0.27718144655227661  0.65186882019042969   0.6477695107460022 -0.28041422367095947,0.57826292514801025 0.62947231531143188 0.31817644834518433,-0.27718144655227661  0.65186882019042969   0.6477695107460022 -0.28041422367095947
1714992708.2118993,0.58043593168258667 0.64833956956863403 0.31812113523483276,-0.24695242941379547  0.66373735666275024  0.66016435623168945 -0.25030028820037842,0.58043593168258667 0.64833956956863403 0.31812113523483276,-0.24695242941379547  0.66373735666275024  0.66016435623168945 -0.25030028820037842
1714992708.2169559,0.58043593168258667 0.64833956956863403 0.31812113523483276,-0.24695242941379547  0.66373735666275024  0.66016435623168945 -0.25030028820037842,0.58043593168258667 0.64833956956863403 0.31812113523483276,-0.24695242941379547  0.66373735666275024  0.66016435623168945 -0.25030028820037842
1714992708.2219837,0.58055949211120605 0.64983409643173218 0.31798124313354492,-0.24454781413078308  0.66477096080780029  0.66103988885879517 -0.24759282171726227,0.58055949211120605 0.64983409643173218 0.31798124313354492,-0.24454781413078308  0.66477096080780029  0.66103988885879517 -0.24759282171726227
1714992708.2269576,0.58087778091430664 0.65272402763366699 0.31805336475372314,-0.23986625671386719  0.66657900810241699  0.66286176443099976 -0.24238575994968414,0.58087778091430664 0.65272402763366699 0.31805336475372314,-0.23986625671386719  0.66657900810241699  0.66286176443099976 -0.24238575994968414
1714992708.2319553,0.58116596937179565 0.65559393167495728 0.31796407699584961,-0.23463757336139679  0.66836142539978027  0.66461384296417236 -0.23775327205657959,0.58116596937179565 0.65559393167495728 0.31796407699584961,-0.23463757336139679  0.66836142539978027  0.66461384296417236 -0.23775327205657959
1714992708.2369571,0.58139830827713013 0.65839201211929321 0.31807795166969299,-0.22988463938236237   0.6700209379196167  0.66631680727005005 -0.23290961980819702,0.58139830827713013 0.65839201211929321 0.31807795166969299,-0.22988463938236237   0.6700209379196167  0.66631680727005005 -0.23290961980819702
1714992708.2419081,0.58166533708572388  0.6611136794090271  0.3180558979511261,-0.22464686632156372  0.67168712615966797  0.66810864210128784 -0.22803735733032227,0.58166533708572388  0.6611136794090271  0.3180558979511261,-0.22464686632156372  0.67168712615966797  0.66810864210128784 -0.22803735733032227
1714992708.2469549,0.58178204298019409 0.66244238615036011  0.3180617094039917,-0.22227214276790619  0.67249006032943726   0.6688765287399292 -0.22573521733283997,0.58178204298019409 0.66244238615036011  0.3180617094039917,-0.22227214276790619  0.67249006032943726   0.6688765287399292 -0.22573521733283997
1714992708.2519584,0.58200681209564209 0.66511958837509155 0.31798669695854187,-0.21756576001644135  0.67402458190917969  0.67050254344940186  -0.2208673506975174,0.58200681209564209 0.66511958837509155 0.31798669695854187,-0.21756576001644135  0.67402458190917969  0.67050254344940186  -0.2208673506975174
1714992708.2569165,0.58219629526138306 0.66770416498184204 0.31803566217422485,-0.21289665997028351  0.67555147409439087   0.6719818115234375 -0.21620737016201019,0.58219629526138306 0.66770416498184204 0.31803566217422485,-0.21289665997028351  0.67555147409439087   0.6719818115234375 -0.21620737016201019
1714992708.2619128,0.58238637447357178 0.67022979259490967 0.31796351075172424,-0.20814536511898041  0.67699456214904785  0.67358410358428955 -0.21127794682979584,0.58238637447357178 0.67022979259490967 0.31796351075172424,-0.20814536511898041  0.67699456214904785  0.67358410358428955 -0.21127794682979584
1714992708.2669814,0.58260774612426758 0.67270660400390625 0.31806844472885132,-0.20375217497348785   0.6785128116607666  0.67490333318710327 -0.20642402768135071,0.58260774612426758 0.67270660400390625 0.31806844472885132,-0.20375217497348785   0.6785128116607666  0.67490333318710327 -0.20642402768135071
1714992708.2719438,0.58269780874252319 0.67388623952865601 0.31803002953529358,-0.20156699419021606   0.6793178915977478  0.67548632621765137 -0.20400038361549377,0.58269780874252319 0.67388623952865601 0.31803002953529358,-0.20156699419021606   0.6793178915977478  0.67548632621765137 -0.20400038361549377
1714992708.2769551,0.58292561769485474 0.67624706029891968 0.31808900833129883,-0.19729000329971313  0.68070948123931885  0.67680519819259644 -0.19911289215087891,0.58292561769485474 0.67624706029891968 0.31808900833129883,-0.19729000329971313  0.68070948123931885  0.67680519819259644 -0.19911289215087891
1714992708.2819552,0.58312207460403442 0.67852866649627686 0.31804198026657104,-0.19248397648334503  0.68189841508865356  0.67830181121826172 -0.19460503756999969,0.58312207460403442 0.67852866649627686 0.31804198026657104,-0.19248397648334503  0.68189841508865356  0.67830181121826172 -0.19460503756999969
1714992708.2869837,0.58324939012527466  0.6807669997215271 0.31805968284606934,-0.18820345401763916    0.683330237865448  0.67934060096740723 -0.19009365141391754,0.58324939012527466  0.6807669997215271 0.31805968284606934,-0.18820345401763916    0.683330237865448  0.67934060096740723 -0.19009365141391754
1714992708.2919788,0.58336979150772095  0.6829337477684021 0.31803277134895325,-0.18344700336456299  0.68443518877029419  0.68078786134719849 -0.18553593754768372,0.58336979150772095  0.6829337477684021 0.31803277134895325,-0.18344700336456299  0.68443518877029419  0.68078786134719849 -0.18553593754768372
1714992708.2969553,0.58346295356750488  0.6839749813079834 0.31802654266357422,-0.18127132952213287  0.68512767553329468  0.68130934238433838 -0.18318939208984375,0.58346295356750488  0.6839749813079834 0.31802654266357422,-0.18127132952213287  0.68512767553329468  0.68130934238433838 -0.18318939208984375
1714992708.3019567,0.58354276418685913 0.68607890605926514 0.31803989410400391,-0.17686668038368225  0.68628448247909546  0.68242096900939941 -0.17897886037826538,0.58354276418685913 0.68607890605926514 0.31803989410400391,-0.17686668038368225  0.68628448247909546  0.68242096900939941 -0.17897886037826538
1714992708.3069112, 0.5836794376373291 0.68813300132751465 0.31798768043518066,-0.17246890068054199  0.68751698732376099  0.68346816301345825 -0.17448824644088745, 0.5836794376373291 0.68813300132751465 0.31798768043518066,-0.17246890068054199  0.68751698732376099  0.68346816301345825 -0.17448824644088745
1714992708.3119109,0.58376747369766235 0.69009536504745483 0.31794363260269165,-0.16788902878761292  0.68841356039047241  0.68476200103759766 -0.17029710114002228,0.58376747369766235 0.69009536504745483 0.31794363260269165,-0.16788902878761292  0.68841356039047241  0.68476200103759766 -0.17029710114002228
1714992708.3169575, 0.5838477611541748  0.6919594407081604 0.31801879405975342, -0.1636308878660202  0.68938612937927246  0.68589669466018677 -0.16588360071182251, 0.5838477611541748  0.6919594407081604 0.31801879405975342, -0.1636308878660202  0.68938612937927246  0.68589669466018677 -0.16588360071182251
1714992708.3219564,0.58392047882080078 0.69295716285705566 0.31796154379844666,-0.16139975190162659  0.68983757495880127  0.68649274110794067 -0.16371297836303711,0.58392047882080078 0.69295716285705566 0.31796154379844666,-0.16139975190162659  0.68983757495880127  0.68649274110794067 -0.16371297836303711
1714992708.3269839,0.58398902416229248 0.69471502304077148 0.31803500652313232,-0.15711958706378937  0.69096928834915161  0.68735200166702271 -0.15944327414035797,0.58398902416229248 0.69471502304077148 0.31803500652313232,-0.15711958706378937  0.69096928834915161  0.68735200166702271 -0.15944327414035797
1714992708.3319554,0.58404529094696045 0.69650560617446899 0.31797692179679871,-0.15290169417858124  0.69192475080490112  0.68831181526184082 -0.15520311892032623,0.58404529094696045 0.69650560617446899 0.31797692179679871,-0.15290169417858124  0.69192475080490112  0.68831181526184082 -0.15520311892032623
1714992708.3369546, 0.5840563178062439 0.69823986291885376 0.31798630952835083,-0.14878633618354797  0.69283181428909302  0.68921786546707153 -0.15108074247837067, 0.5840563178062439 0.69823986291885376 0.31798630952835083,-0.14878633618354797  0.69283181428909302  0.68921786546707153 -0.15108074247837067
1714992708.3419797,0.58410489559173584 0.69992375373840332 0.31795570254325867,-0.14473076164722443  0.69383692741394043   0.6899610161781311 -0.14695948362350464,0.58410489559173584 0.69992375373840332 0.31795570254325867,-0.14473076164722443  0.69383692741394043   0.6899610161781311 -0.14695948362350464
1714992708.3469808,0.58413016796112061 0.70072281360626221 0.31798380613327026,-0.14280080795288086  0.69429755210876465  0.69034701585769653 -0.14484439790248871,0.58413016796112061 0.70072281360626221 0.31798380613327026,-0.14280080795288086  0.69429755210876465  0.69034701585769653 -0.14484439790248871
1714992708.3519812,0.58418965339660645 0.70236867666244507 0.31791886687278748,-0.13892099261283875  0.69504207372665405  0.69123119115829468 -0.14077264070510864,0.58418965339660645 0.70236867666244507 0.31791886687278748,-0.13892099261283875  0.69504207372665405  0.69123119115829468 -0.14077264070510864
1714992708.3569081,0.58419501781463623 0.70391559600830078 0.31794437766075134,-0.13493151962757111  0.69584929943084717  0.69200319051742554 -0.13681674003601074,0.58419501781463623 0.70391559600830078 0.31794437766075134,-0.13493151962757111  0.69584929943084717  0.69200319051742554 -0.13681674003601074
1714992708.3619823,0.58421587944030762  0.7054474949836731 0.31796723604202271,-0.13122060894966125  0.69671756029129028  0.69261205196380615 -0.13286980986595154,0.58421587944030762  0.7054474949836731 0.31796723604202271,-0.13122060894966125  0.69671756029129028  0.69261205196380615 -0.13286980986595154
1714992708.3669803, 0.5842018723487854 0.70691359043121338 0.31791818141937256,-0.12747117877006531  0.69735586643218994  0.69341206550598145 -0.12894013524055481, 0.5842018723487854 0.70691359043121338 0.31791818141937256,-0.12747117877006531  0.69735586643218994  0.69341206550598145 -0.12894013524055481
1714992708.3719587,0.58420342206954956 0.70762050151824951 0.31793379783630371,-0.12533751130104065  0.69755375385284424   0.6939244270324707  -0.1271931529045105,0.58420342206954956 0.70762050151824951 0.31793379783630371,-0.12533751130104065  0.69755375385284424   0.6939244270324707  -0.1271931529045105
1714992708.3769555,0.58419311046600342 0.70902371406555176 0.31791558861732483, -0.1216079518198967  0.69822120666503906  0.69460952281951904 -0.12335411459207535,0.58419311046600342 0.70902371406555176 0.31791558861732483, -0.1216079518198967  0.69822120666503906  0.69460952281951904 -0.12335411459207535
1714992708.3819807,0.58415883779525757 0.71035051345825195 0.31788891553878784,-0.11786571145057678  0.69899451732635498   0.6951524019241333  -0.1194884181022644,0.58415883779525757 0.71035051345825195 0.31788891553878784,-0.11786571145057678  0.69899451732635498   0.6951524019241333  -0.1194884181022644
1714992708.3869817,0.58410829305648804 0.71161806583404541  0.3178560733795166,-0.11417178064584732  0.69949817657470703    0.695884108543396 -0.11581180989742279,0.58410829305648804 0.71161806583404541  0.3178560733795166,-0.11417178064584732  0.69949817657470703    0.695884108543396 -0.11581180989742279
1714992708.3919556,0.58404535055160522 0.71288329362869263 0.31787332892417908,-0.11059194803237915  0.69999009370803833  0.69655531644821167  -0.1122230738401413,0.58404535055160522 0.71288329362869263 0.31787332892417908,-0.11059194803237915  0.69999009370803833  0.69655531644821167  -0.1122230738401413
1714992708.3969808,0.58402907848358154 0.71348118782043457 0.31785586476325989,-0.10910417139530182  0.70021867752075195  0.69683611392974854  -0.1104966476559639,0.58402907848358154 0.71348118782043457 0.31785586476325989,-0.10910417139530182  0.70021867752075195  0.69683611392974854  -0.1104966476559639
1714992708.4019556,0.58399039506912231 0.71463257074356079 0.31790214776992798,-0.10559757053852081  0.70068681240081787  0.69746977090835571 -0.10687892884016037,0.58399039506912231 0.71463257074356079 0.31790214776992798,-0.10559757053852081  0.70068681240081787  0.69746977090835571 -0.10687892884016037
1714992708.4069805,0.58399432897567749 0.71577012538909912 0.31792473793029785,-0.10240202397108078    0.701121985912323  0.69803565740585327 -0.10338284075260162,0.58399432897567749 0.71577012538909912 0.31792473793029785,-0.10240202397108078    0.701121985912323  0.69803565740585327 -0.10338284075260162
1714992708.4119828,0.58387762308120728 0.71681052446365356 0.31788605451583862,-0.098846316337585449    0.7016143798828125   0.69852918386459351  -0.10011830180883408,0.58387762308120728 0.71681052446365356 0.31788605451583862,-0.098846316337585449    0.7016143798828125   0.69852918386459351  -0.10011830180883408
1714992708.4169579,0.58383411169052124 0.71777594089508057 0.31787380576133728,-0.095679447054862976   0.70210367441177368   0.69895273447036743 -0.096751920878887177,0.58383411169052124 0.71777594089508057 0.31787380576133728,-0.095679447054862976   0.70210367441177368   0.69895273447036743 -0.096751920878887177
1714992708.4219553,0.58384275436401367 0.71831417083740234 0.31789886951446533,-0.093818850815296173   0.70226562023162842   0.69926965236663818 -0.095094673335552216,0.58384275436401367 0.71831417083740234 0.31789886951446533,-0.093818850815296173   0.70226562023162842   0.69926965236663818 -0.095094673335552216
1714992708.4269557, 0.5838208794593811 0.71922910213470459 0.31780695915222168,-0.090882465243339539   0.70280182361602783   0.69956374168395996  -0.09176337718963623, 0.5838208794593811 0.71922910213470459 0.31780695915222168,-0.090882465243339539   0.70280182361602783   0.69956374168395996  -0.09176337718963623
1714992708.4319799,0.58374470472335815  0.7201695442199707 0.31779736280441284, -0.08784271776676178   0.70322930812835693    0.6998971700668335 -0.088860519230365753,0.58374470472335815  0.7201695442199707 0.31779736280441284, -0.08784271776676178   0.70322930812835693    0.6998971700668335 -0.088860519230365753
1714992708.4369843,0.58364385366439819 0.72106623649597168 0.31783697009086609,-0.085061989724636078   0.70361053943634033   0.70026546716690063 -0.085585959255695343,0.58364385366439819 0.72106623649597168 0.31783697009086609,-0.085061989724636078   0.70361053943634033   0.70026546716690063 -0.085585959255695343
1714992708.4419808,0.58357077836990356 0.72178643941879272 0.31777971982955933,-0.081837065517902374   0.70399194955825806   0.70063579082489014 -0.082507409155368805,0.58357077836990356 0.72178643941879272 0.31777971982955933,-0.081837065517902374   0.70399194955825806   0.70063579082489014 -0.082507409155368805
1714992708.4469545,0.58349645137786865 0.72223836183547974 0.31773892045021057,-0.080379322171211243   0.70407611131668091   0.70088404417037964 -0.081102214753627777,0.58349645137786865 0.72223836183547974 0.31773892045021057,-0.080379322171211243   0.70407611131668091   0.70088404417037964 -0.081102214753627777
1714992708.4519567,0.58343970775604248 0.72294342517852783 0.31775528192520142,-0.077513150870800018   0.70445489883422852   0.70115351676940918 -0.078222103416919708,0.58343970775604248 0.72294342517852783 0.31775528192520142,-0.077513150870800018   0.70445489883422852   0.70115351676940918 -0.078222103416919708
1714992708.4569364,0.58335936069488525 0.72363245487213135 0.31781786680221558,-0.074753507971763611   0.70451474189758301   0.70168495178222656 -0.075558960437774658,0.58335936069488525 0.72363245487213135 0.31781786680221558,-0.074753507971763611   0.70451474189758301   0.70168495178222656 -0.075558960437774658
1714992708.461957,0.58328837156295776 0.72430473566055298 0.31782758235931396,-0.072206147015094757   0.70494300127029419    0.7018318772315979 -0.072619840502738953,0.58328837156295776 0.72430473566055298 0.31782758235931396,-0.072206147015094757   0.70494300127029419    0.7018318772315979 -0.072619840502738953
1714992708.4669569,0.58322238922119141  0.7249717116355896 0.31789889931678772,-0.070011340081691742   0.70524263381958008   0.70202291011810303 -0.069964982569217682,0.58322238922119141  0.7249717116355896 0.31789889931678772,-0.070011340081691742   0.70524263381958008   0.70202291011810303 -0.069964982569217682
1714992708.4719582,0.58310633897781372 0.72531408071517944 0.31785914301872253,-0.068537265062332153   0.70531326532363892   0.70222675800323486 -0.068654812872409821,0.58310633897781372 0.72531408071517944 0.31785914301872253,-0.068537265062332153   0.70531326532363892   0.70222675800323486 -0.068654812872409821
1714992708.4769568,0.58299535512924194 0.72593885660171509  0.3178880512714386,-0.065958529710769653    0.7055327296257019   0.70247381925582886 -0.066359944641590118,0.58299535512924194 0.72593885660171509  0.3178880512714386,-0.065958529710769653    0.7055327296257019   0.70247381925582886 -0.066359944641590118
1714992708.481956,0.58289337158203125   0.726531982421875  0.3178676962852478,-0.063654989004135132   0.70578157901763916   0.70267152786254883 -0.063821308314800262,0.58289337158203125   0.726531982421875  0.3178676962852478,-0.063654989004135132   0.70578157901763916   0.70267152786254883 -0.063821308314800262
1714992708.4869795,0.58280777931213379 0.72708290815353394 0.31784325838088989,-0.061276372522115707   0.70593726634979248   0.70292514562606812 -0.061595499515533447,0.58280777931213379 0.72708290815353394 0.31784325838088989,-0.061276372522115707   0.70593726634979248   0.70292514562606812 -0.061595499515533447
1714992708.4920588,0.58294755220413208 0.72755110263824463 0.31720817089080811,-0.058827359229326248   0.70612877607345581   0.70311087369918823 -0.059637509286403656,0.58294755220413208 0.72755110263824463 0.31720817089080811,-0.058827359229326248   0.70612877607345581   0.70311087369918823 -0.059637509286403656
1714992708.496954,0.58288395404815674 0.72778260707855225 0.31724715232849121,-0.057719603180885315    0.7062259316444397    0.7031974196434021 -0.058538571000099182,0.58288395404815674 0.72778260707855225 0.31724715232849121,-0.057719603180885315    0.7062259316444397    0.7031974196434021 -0.058538571000099182
1714992708.5019557, 0.5828285813331604 0.72830456495285034 0.31730607151985168,-0.055867325514554977   0.70642232894897461   0.70331859588623047 -0.056473243981599808, 0.5828285813331604 0.72830456495285034 0.31730607151985168,-0.055867325514554977   0.70642232894897461   0.70331859588623047 -0.056473243981599808
1714992708.5069554,0.58269423246383667 0.72870862483978271 0.31723499298095703,-0.053757928311824799   0.70656448602676392   0.70349359512329102 -0.054529223591089249,0.58269423246383667 0.72870862483978271 0.31723499298095703,-0.053757928311824799   0.70656448602676392   0.70349359512329102 -0.054529223591089249
1714992708.5119538,0.58263683319091797 0.72908252477645874  0.3172626793384552, -0.05189167708158493   0.70669913291931152   0.70365035533905029 -0.052532840520143509,0.58263683319091797 0.72908252477645874  0.3172626793384552, -0.05189167708158493   0.70669913291931152   0.70365035533905029 -0.052532840520143509
1714992708.5169539,0.58252865076065063 0.72953921556472778 0.31726837158203125,-0.049967158585786819   0.70677447319030762   0.70385086536407471 -0.050666864961385727,0.58252865076065063 0.72953921556472778 0.31726837158203125,-0.049967158585786819   0.70677447319030762   0.70385086536407471 -0.050666864961385727
1714992708.5219548,0.58250719308853149 0.72968393564224243   0.317238450050354,-0.049191314727067947    0.7068825364112854   0.70385968685150146 -0.049788378179073334,0.58250719308853149 0.72968393564224243   0.317238450050354,-0.049191314727067947    0.7068825364112854   0.70385968685150146 -0.049788378179073334
1714992708.5269792,0.58242183923721313 0.72999429702758789  0.3172319233417511,-0.047577191144227982   0.70697277784347534   0.70399463176727295 -0.048139885067939758,0.58242183923721313 0.72999429702758789  0.3172319233417511,-0.047577191144227982   0.70697277784347534   0.70399463176727295 -0.048139885067939758
1714992708.5319557, 0.5823395848274231 0.73031520843505859 0.31723970174789429,-0.045952998101711273   0.70712310075759888   0.70405423641204834 -0.046614028513431549, 0.5823395848274231 0.73031520843505859 0.31723970174789429,-0.045952998101711273   0.70712310075759888   0.70405423641204834 -0.046614028513431549
1714992708.5369811, 0.5821835994720459 0.73069804906845093 0.31700533628463745,-0.044553041458129883   0.70729231834411621   0.70407521724700928  -0.04506317526102066, 0.5821835994720459 0.73069804906845093 0.31700533628463745,-0.044553041458129883   0.70729231834411621   0.70407521724700928  -0.04506317526102066
1714992708.5419807,0.58220112323760986 0.73083013296127319 0.31728231906890869,-0.043408915400505066    0.7073250412940979   0.70420354604721069 -0.043638259172439575,0.58220112323760986 0.73083013296127319 0.31728231906890869,-0.043408915400505066    0.7073250412940979   0.70420354604721069 -0.043638259172439575
1714992708.5469823,0.58214175701141357 0.73092114925384521 0.31721010804176331,-0.042481254786252975   0.70733857154846191    0.7042883038520813 -0.042959120124578476,0.58214175701141357 0.73092114925384521 0.31721010804176331,-0.042481254786252975   0.70733857154846191    0.7042883038520813 -0.042959120124578476
1714992708.5519571,0.58206939697265625 0.73113763332366943 0.31721612811088562,-0.041205443441867828   0.70748782157897949   0.70427983999252319 -0.041869498789310455,0.58206939697265625 0.73113763332366943 0.31721612811088562,-0.041205443441867828   0.70748782157897949   0.70427983999252319 -0.041869498789310455
1714992708.5569553,0.58198720216751099 0.73130756616592407 0.31722328066825867,-0.040084335952997208   0.70757019519805908   0.70432460308074951 -0.040797960013151169,0.58198720216751099 0.73130756616592407 0.31722328066825867,-0.040084335952997208   0.70757019519805908   0.70432460308074951 -0.040797960013151169
1714992708.5619547, 0.5818973183631897 0.73146384954452515 0.31724971532821655,-0.038974884897470474   0.70756644010543823   0.70445084571838379 -0.039745364338159561, 0.5818973183631897 0.73146384954452515 0.31724971532821655,-0.038974884897470474   0.70756644010543823   0.70445084571838379 -0.039745364338159561
1714992708.5669544,0.58183765411376953 0.73156100511550903 0.31723621487617493,-0.037893764674663544   0.70780128240585327   0.70431983470916748 -0.038922708481550217,0.58183765411376953 0.73156100511550903 0.31723621487617493,-0.037893764674663544   0.70780128240585327   0.70431983470916748 -0.038922708481550217
1714992708.5719545,0.58179581165313721 0.73163235187530518 0.31723284721374512,-0.037678349763154984   0.70765841007232666   0.70450061559677124 -0.038455206900835037,0.58179581165313721 0.73163235187530518 0.31723284721374512,-0.037678349763154984   0.70765841007232666   0.70450061559677124 -0.038455206900835037
1714992708.5769551,0.58174008131027222 0.73169136047363281 0.31724280118942261,-0.036938980221748352   0.70769321918487549   0.70454519987106323 -0.037707839161157608,0.58174008131027222 0.73169136047363281 0.31724280118942261,-0.036938980221748352   0.70769321918487549   0.70454519987106323 -0.037707839161157608
1714992708.5819564,0.58167356252670288 0.73173856735229492 0.31723278760910034,-0.036353312432765961   0.70776063203811646   0.70455670356750488 -0.036786004900932312,0.58167356252670288 0.73173856735229492 0.31723278760910034,-0.036353312432765961   0.70776063203811646   0.70455670356750488 -0.036786004900932312
1714992708.5869565,0.58161616325378418 0.73179227113723755 0.31720465421676636,-0.035727277398109436   0.70775896310806274   0.70461922883987427 -0.036229740828275681,0.58161616325378418 0.73179227113723755 0.31720465421676636,-0.035727277398109436   0.70775896310806274   0.70461922883987427 -0.036229740828275681
1714992708.591985,0.58156400918960571 0.73185193538665771 0.31718069314956665,-0.035291470587253571   0.70785814523696899   0.70456922054290771 -0.035686399787664413,0.58156400918960571 0.73185193538665771 0.31718069314956665,-0.035291470587253571   0.70785814523696899   0.70456922054290771 -0.035686399787664413
1714992708.5969846,0.58154463768005371 0.73182016611099243 0.31724485754966736,-0.03509705513715744  0.70784616470336914  0.70460206270217896 -0.03546745702624321,0.58154463768005371 0.73182016611099243 0.31724485754966736,-0.03509705513715744  0.70784616470336914  0.70460206270217896 -0.03546745702624321
1714992708.6019573,0.58153665065765381 0.73184430599212646 0.31719577312469482,-0.034742671996355057   0.70784831047058105    0.7046312689781189 -0.035192441195249557,0.58153665065765381 0.73184430599212646 0.31719577312469482,-0.034742671996355057   0.70784831047058105    0.7046312689781189 -0.035192441195249557
1714992708.6069629,0.58151924610137939 0.73185378313064575 0.31719371676445007,-0.034540809690952301   0.70785748958587646    0.7046431303024292 -0.034967958927154541,0.58151924610137939 0.73185378313064575 0.31719371676445007,-0.034540809690952301   0.70785748958587646    0.7046431303024292 -0.034967958927154541
1714992708.6119785,0.58137708902359009 0.73194295167922974 0.31695693731307983, -0.03454536572098732   0.70788437128067017   0.70462733507156372 -0.034737437963485718,0.58137708902359009 0.73194295167922974 0.31695693731307983, -0.03454536572098732   0.70788437128067017   0.70462733507156372 -0.034737437963485718
1714992708.6169605,0.58139556646347046  0.7319570779800415 0.31696838140487671,-0.034559514373540878   0.70794695615768433   0.70455676317214966 -0.034878738224506378,0.58139556646347046  0.7319570779800415 0.31696838140487671,-0.034559514373540878   0.70794695615768433   0.70455676317214966 -0.034878738224506378
1714992708.6219556,0.58137601613998413 0.73189669847488403 0.31698581576347351,-0.034551873803138733   0.70785504579544067   0.70465552806854248 -0.034756205976009369,0.58137601613998413 0.73189669847488403 0.31698581576347351,-0.034551873803138733   0.70785504579544067   0.70465552806854248 -0.034756205976009369
1714992708.6269805,0.58139735460281372 0.73190903663635254 0.31703785061836243, -0.03454788401722908   0.70786565542221069   0.70463746786117554 -0.034909822046756744,0.58139735460281372 0.73190903663635254 0.31703785061836243, -0.03454788401722908   0.70786565542221069   0.70463746786117554 -0.034909822046756744
1714992708.6319542,0.58148044347763062 0.73181313276290894 0.31708458065986633, -0.03448660671710968   0.70781344175338745   0.70469200611114502 -0.034928236156702042,0.58148044347763062 0.73181313276290894 0.31708458065986633, -0.03448660671710968   0.70781344175338745   0.70469200611114502 -0.034928236156702042
1714992708.6369605,0.58144694566726685 0.73183900117874146  0.3171144425868988,-0.034451525658369064   0.70774483680725098   0.70475733280181885  -0.03503471240401268,0.58144694566726685 0.73183900117874146  0.3171144425868988,-0.034451525658369064   0.70774483680725098   0.70475733280181885  -0.03503471240401268
1714992708.6420026,0.58190739154815674 0.73145788908004761 0.31714090704917908,-0.034310780465602875    0.7076452374458313   0.70486211776733398 -0.035076592117547989,0.58190739154815674 0.73145788908004761 0.31714090704917908,-0.034310780465602875    0.7076452374458313   0.70486211776733398 -0.035076592117547989
1714992708.6469848,0.58143597841262817 0.73186326026916504 0.31713619828224182,-0.034347806125879288   0.70767879486083984    0.7048225998878479  -0.03515658900141716,0.58143597841262817 0.73186326026916504 0.31713619828224182,-0.034347806125879288   0.70767879486083984    0.7048225998878479  -0.03515658900141716
1714992708.6519563,0.58144682645797729   0.731864333152771 0.31715258955955505,-0.034338649362325668   0.70765537023544312   0.70484465360641479 -0.035195112228393555,0.58144682645797729   0.731864333152771 0.31715258955955505,-0.034338649362325668   0.70765537023544312   0.70484465360641479 -0.035195112228393555
1714992708.6569791,0.58141249418258667 0.73190057277679443 0.31712976098060608,-0.034547273069620132   0.70788294076919556   0.70461970567703247 -0.034919358789920807,0.58141249418258667 0.73190057277679443 0.31712976098060608,-0.034547273069620132   0.70788294076919556   0.70461970567703247 -0.034919358789920807
1714992708.6619809,0.58140790462493896 0.73185998201370239 0.31709668040275574,-0.034455802291631699   0.70781546831130981   0.70469653606414795 -0.034827016294002533,0.58140790462493896 0.73185998201370239 0.31709668040275574,-0.034455802291631699   0.70781546831130981   0.70469653606414795 -0.034827016294002533
1714992708.6669586,0.58142364025115967 0.73185259103775024 0.31717485189437866,-0.034524023532867432   0.70788305997848511   0.70462286472320557 -0.034875713288784027,0.58142364025115967 0.73185259103775024 0.31717485189437866,-0.034524023532867432   0.70788305997848511   0.70462286472320557 -0.034875713288784027
1714992708.6719584,0.58138895034790039 0.73186594247817993 0.31711193919181824,-0.034555263817310333   0.70780932903289795   0.70469969511032104 -0.034787718206644058,0.58138895034790039 0.73186594247817993 0.31711193919181824,-0.034555263817310333   0.70780932903289795   0.70469969511032104 -0.034787718206644058
1714992708.6769571,0.58139055967330933 0.73188042640686035 0.31717583537101746,-0.034798938781023026    0.7078700065612793   0.70462805032730103 -0.034762147814035416,0.58139055967330933 0.73188042640686035 0.31717583537101746,-0.034798938781023026    0.7078700065612793   0.70462805032730103 -0.034762147814035416
1714992708.6819561,0.58134752511978149 0.73184114694595337 0.31713259220123291,-0.034551937133073807   0.70779776573181152   0.70471459627151489  -0.03472544252872467,0.58134752511978149 0.73184114694595337 0.31713259220123291,-0.034551937133073807   0.70779776573181152   0.70471459627151489  -0.03472544252872467
1714992708.6869557,0.58136463165283203 0.73185551166534424 0.31716734170913696,-0.034797374159097672   0.70787304639816284   0.70462816953659058 -0.034699480980634689,0.58136463165283203 0.73185551166534424 0.31716734170913696,-0.034797374159097672   0.70787304639816284   0.70462816953659058 -0.034699480980634689
1714992708.6919553,0.58136743307113647  0.7318609356880188 0.31714874505996704,-0.034829873591661453   0.70789748430252075   0.70460325479507446 -0.034673463553190231,0.58136743307113647  0.7318609356880188 0.31714874505996704,-0.034829873591661453   0.70789748430252075   0.70460325479507446 -0.034673463553190231
1714992708.696955,0.58178478479385376 0.73146367073059082 0.31713509559631348,-0.034533381462097168   0.70776695013046265    0.7047504186630249 -0.034644246101379395,0.58178478479385376 0.73146367073059082 0.31713509559631348,-0.034533381462097168   0.70776695013046265    0.7047504186630249 -0.034644246101379395
1714992708.7019808,0.58137035369873047  0.7318306565284729 0.31721171736717224,-0.034857038408517838   0.70782679319381714   0.70467102527618408 -0.034712877124547958,0.58137035369873047  0.7318306565284729 0.31721171736717224,-0.034857038408517838   0.70782679319381714   0.70467102527618408 -0.034712877124547958
1714992708.7069581,0.58138555288314819 0.73183983564376831  0.3171992301940918, -0.03481496125459671   0.70787882804870605   0.70462208986282349 -0.034686736762523651,0.58138555288314819 0.73183983564376831  0.3171992301940918, -0.03481496125459671   0.70787882804870605   0.70462208986282349 -0.034686736762523651
1714992708.7119799,0.58137392997741699 0.73186266422271729 0.31721514463424683,-0.034804333001375198   0.70784640312194824   0.70465344190597534 -0.034722790122032166,0.58137392997741699 0.73186266422271729 0.31721514463424683,-0.034804333001375198   0.70784640312194824   0.70465344190597534 -0.034722790122032166
1714992708.7169795,0.58138298988342285 0.73188531398773193 0.31715574860572815,-0.034795992076396942   0.70789116621017456   0.70460903644561768 -0.034719526767730713,0.58138298988342285 0.73188531398773193 0.31715574860572815,-0.034795992076396942   0.70789116621017456   0.70460903644561768 -0.034719526767730713
1714992708.7219856,0.58136051893234253 0.73184114694595337 0.31713888049125671,-0.034539695829153061    0.7077820897102356   0.70472902059555054  -0.03476424515247345,0.58136051893234253 0.73184114694595337 0.31713888049125671,-0.034539695829153061    0.7077820897102356   0.70472902059555054  -0.03476424515247345
1714992708.7269557,0.58139944076538086 0.73191183805465698 0.31716519594192505,-0.03478710725903511  0.70797073841094971  0.70452237129211426  -0.0348646380007267,0.58139944076538086 0.73191183805465698 0.31716519594192505,-0.03478710725903511  0.70797073841094971  0.70452237129211426  -0.0348646380007267
1714992708.7319546,0.58137309551239014  0.7318992018699646 0.31710484623908997, -0.03454391285777092   0.70789307355880737   0.70461046695709229 -0.034903023391962051,0.58137309551239014  0.7318992018699646 0.31710484623908997, -0.03454391285777092   0.70789307355880737   0.70461046695709229 -0.034903023391962051
1714992708.7369139,0.58138108253479004 0.73188692331314087 0.31714224815368652,-0.034580431878566742    0.7078547477722168   0.70464682579040527   -0.0349101722240448,0.58138108253479004 0.73188692331314087 0.31714224815368652,-0.034580431878566742    0.7078547477722168   0.70464682579040527   -0.0349101722240448
1714992708.7419844,0.58180803060531616 0.73152834177017212 0.31712979078292847,-0.034516517072916031   0.70787656307220459   0.70463341474533081 -0.034801822155714035,0.58180803060531616 0.73152834177017212 0.31712979078292847,-0.034516517072916031   0.70787656307220459   0.70463341474533081 -0.034801822155714035
1714992708.74698,0.58135128021240234 0.73186689615249634 0.31710982322692871,-0.034513130784034729   0.70778071880340576   0.70473110675811768 -0.034775398671627045,0.58135128021240234 0.73186689615249634 0.31710982322692871,-0.034513130784034729   0.70778071880340576   0.70473110675811768 -0.034775398671627045
1714992708.7519565,0.58139503002166748 0.73186862468719482 0.31713604927062988,-0.034525349736213684   0.70786184072494507   0.70464372634887695 -0.034882504492998123,0.58139503002166748 0.73186862468719482 0.31713604927062988,-0.034525349736213684   0.70786184072494507   0.70464372634887695 -0.034882504492998123
1714992708.7569568,0.58135563135147095 0.73190164566040039      0.317138671875,-0.034594327211380005   0.70785564184188843   0.70464551448822021 -0.034904316067695618,0.58135563135147095 0.73190164566040039      0.317138671875,-0.034594327211380005   0.70785564184188843   0.70464551448822021 -0.034904316067695618
1714992708.761961,0.58138149976730347 0.73191273212432861 0.31708142161369324,-0.034565448760986328   0.70788455009460449   0.70461779832839966  -0.03490593284368515,0.58138149976730347 0.73191273212432861 0.31708142161369324,-0.034565448760986328   0.70788455009460449   0.70461779832839966  -0.03490593284368515
1714992708.7669866,0.58134037256240845 0.73188680410385132 0.31709817051887512,-0.034580480307340622   0.70779240131378174   0.70471638441085815 -0.034769501537084579,0.58134037256240845 0.73188680410385132 0.31709817051887512,-0.034580480307340622   0.70779240131378174   0.70471638441085815 -0.034769501537084579
1714992708.771981,0.58136260509490967 0.73191595077514648 0.31711569428443909,-0.034607425332069397   0.70786941051483154   0.70463216304779053 -0.034881792962551117,0.58136260509490967 0.73191595077514648 0.31711569428443909,-0.034607425332069397   0.70786941051483154   0.70463216304779053 -0.034881792962551117
1714992708.7769797,0.58135968446731567 0.73192715644836426 0.31709015369415283,-0.034602917730808258   0.70788508653640747   0.70461618900299072 -0.034889761358499527,0.58135968446731567 0.73192715644836426 0.31709015369415283,-0.034602917730808258   0.70788508653640747   0.70461618900299072 -0.034889761358499527
1714992708.7819593,0.58133530616760254 0.73188221454620361  0.3171047568321228,-0.034596115350723267   0.70778363943099976   0.70472526550292969 -0.034752249717712402,0.58133530616760254 0.73188221454620361  0.3171047568321228,-0.034596115350723267   0.70778363943099976   0.70472526550292969 -0.034752249717712402
1714992708.7869587,0.58137154579162598 0.73189479112625122 0.31714433431625366,-0.034817654639482498   0.70786219835281372   0.70463663339614868   -0.0347275510430336,0.58137154579162598 0.73189479112625122 0.31714433431625366,-0.034817654639482498   0.70786219835281372   0.70463663339614868   -0.0347275510430336
1714992708.7919557,0.58140873908996582 0.73189586400985718 0.31717348098754883,-0.034813195466995239   0.70797836780548096   0.70451784133911133 -0.034775059670209885,0.58140873908996582 0.73189586400985718 0.31717348098754883,-0.034813195466995239   0.70797836780548096   0.70451784133911133 -0.034775059670209885
1714992708.7969544,0.58138906955718994   0.731914222240448 0.31718957424163818,-0.034846790134906769   0.70792847871780396   0.70456290245056152 -0.034844279289245605,0.58138906955718994   0.731914222240448 0.31718957424163818,-0.034846790134906769   0.70792847871780396   0.70456290245056152 -0.034844279289245605
1714992708.8019547, 0.5813325047492981  0.7318652868270874 0.31711125373840332,-0.034566886723041534   0.70780223608016968   0.70470994710922241 -0.034713886678218842, 0.5813325047492981  0.7318652868270874 0.31711125373840332,-0.034566886723041534   0.70780223608016968   0.70470994710922241 -0.034713886678218842
1714992708.8069818,0.58137458562850952 0.73187845945358276 0.31716594099998474,-0.034807432442903519   0.70789080858230591   0.70461070537567139 -0.034682419151067734,0.58137458562850952 0.73187845945358276 0.31716594099998474,-0.034807432442903519   0.70789080858230591   0.70461070537567139 -0.034682419151067734
1714992708.8119841,0.58132284879684448 0.73188096284866333 0.31714698672294617,-0.034506410360336304   0.70759749412536621   0.70490521192550659 -0.034981921315193176,0.58132284879684448 0.73188096284866333 0.31714698672294617,-0.034506410360336304   0.70759749412536621   0.70490521192550659 -0.034981921315193176
1714992708.8169887,0.58137226104736328 0.73189181089401245 0.31715014576911926,-0.034706544131040573   0.70768958330154419    0.7048027515411377 -0.034986000508069992,0.58137226104736328 0.73189181089401245 0.31715014576911926,-0.034706544131040573   0.70768958330154419    0.7048027515411377 -0.034986000508069992
1714992708.8219571, 0.5813213586807251 0.73185211420059204 0.31719070672988892,-0.034499350935220718   0.70758342742919922   0.70492041110992432 -0.034967008978128433, 0.5813213586807251 0.73185211420059204 0.31719070672988892,-0.034499350935220718   0.70758342742919922   0.70492041110992432 -0.034967008978128433
1714992708.8269558,0.58136248588562012 0.73186677694320679 0.31725570559501648,-0.034785635769367218   0.70764094591140747   0.70484977960586548  -0.03494267538189888,0.58136248588562012 0.73186677694320679 0.31725570559501648,-0.034785635769367218   0.70764094591140747   0.70484977960586548  -0.03494267538189888
1714992708.8319573,0.58138233423233032 0.73185771703720093 0.31719407439231873,-0.034703545272350311   0.70765894651412964   0.70483511686325073 -0.034956060349941254,0.58138233423233032 0.73185771703720093 0.31719407439231873,-0.034703545272350311   0.70765894651412964   0.70483511686325073 -0.034956060349941254
1714992708.8369551,0.58140039443969727 0.73185056447982788  0.3171769380569458,-0.034710746258497238   0.70768564939498901   0.70481181144714355 -0.034878965467214584,0.58140039443969727 0.73185056447982788  0.3171769380569458,-0.034710746258497238   0.70768564939498901   0.70481181144714355 -0.034878965467214584
1714992708.8419571,0.58138203620910645 0.73189526796340942 0.31720831990242004,-0.034778747707605362   0.70783329010009766   0.70465630292892456 -0.034957338124513626,0.58138203620910645 0.73189526796340942 0.31720831990242004,-0.034778747707605362   0.70783329010009766   0.70465630292892456 -0.034957338124513626
1714992708.8469563,0.58139437437057495 0.73186564445495605 0.31717205047607422,-0.034744326025247574   0.70773464441299438   0.70476174354553223 -0.034862767904996872,0.58139437437057495 0.73186564445495605 0.31717205047607422,-0.034744326025247574   0.70773464441299438   0.70476174354553223 -0.034862767904996872
1714992708.8519561,0.58139604330062866 0.73187065124511719 0.31714510917663574, -0.03452557697892189   0.70777267217636108   0.70473021268844604 -0.034944534301757812,0.58139604330062866 0.73187065124511719 0.31714510917663574, -0.03452557697892189   0.70777267217636108   0.70473021268844604 -0.034944534301757812
1714992708.8569753,0.58135592937469482 0.73191910982131958 0.31712403893470764,-0.034814711660146713   0.70782595872879028   0.70466923713684082 -0.034808732569217682,0.58135592937469482 0.73191910982131958 0.31712403893470764,-0.034814711660146713   0.70782595872879028   0.70466923713684082 -0.034808732569217682
1714992708.861979,0.58134675025939941 0.73191428184509277 0.31717571616172791,-0.034824904054403305   0.70782530307769775   0.70467090606689453 -0.034777771681547165,0.58134675025939941 0.73191428184509277 0.31717571616172791,-0.034824904054403305   0.70782530307769775   0.70467090606689453 -0.034777771681547165
1714992708.8669577,0.58135527372360229 0.73188680410385132 0.31718337535858154,-0.034819532185792923   0.70781612396240234    0.7046818733215332 -0.034748043864965439,0.58135527372360229 0.73188680410385132 0.31718337535858154,-0.034819532185792923   0.70781612396240234    0.7046818733215332 -0.034748043864965439
1714992708.8719578,0.58134931325912476 0.73189538717269897 0.31717178225517273,-0.034830514341592789   0.70783746242523193   0.70466011762619019 -0.034742031246423721,0.58134931325912476 0.73189538717269897 0.31717178225517273,-0.034830514341592789   0.70783746242523193   0.70466011762619019 -0.034742031246423721
1714992708.8769801,0.58132225275039673 0.73185765743255615 0.31716156005859375,-0.034608639776706696   0.70772826671600342   0.70478051900863647 -0.034747447818517685,0.58132225275039673 0.73185765743255615 0.31716156005859375,-0.034608639776706696   0.70772826671600342   0.70478051900863647 -0.034747447818517685
1714992708.8819559,0.58135402202606201 0.73188751935958862 0.31713908910751343,-0.034827481955289841   0.70785325765609741   0.70464617013931274 -0.034708041697740555,0.58135402202606201 0.73188751935958862 0.31713908910751343,-0.034827481955289841   0.70785325765609741   0.70464617013931274 -0.034708041697740555
1714992708.8869553, 0.5813143253326416 0.73185789585113525 0.31716230511665344,-0.034627065062522888   0.70776063203811646   0.70474928617477417 -0.034702882170677185, 0.5813143253326416 0.73185789585113525 0.31716230511665344,-0.034627065062522888   0.70776063203811646   0.70474928617477417 -0.034702882170677185
1714992708.8919544,0.58132725954055786 0.73187601566314697 0.31712043285369873,-0.034599948674440384   0.70777887105941772   0.70473134517669678 -0.034721553325653076,0.58132725954055786 0.73187601566314697 0.31712043285369873,-0.034599948674440384   0.70777887105941772   0.70473134517669678 -0.034721553325653076
1714992708.8969581,0.58135122060775757 0.73191070556640625 0.31711798906326294,-0.034607511013746262   0.70787948369979858   0.70462393760681152 -0.034842777997255325,0.58135122060775757 0.73191070556640625 0.31711798906326294,-0.034607511013746262   0.70787948369979858   0.70462393760681152 -0.034842777997255325
1714992708.901957,0.58137166500091553 0.73187565803527832 0.31717848777770996,-0.034594293683767319   0.70788377523422241   0.70462065935134888 -0.034835968166589737,0.58137166500091553 0.73187565803527832 0.31717848777770996,-0.034594293683767319   0.70788377523422241   0.70462065935134888 -0.034835968166589737
1714992708.9069579,0.58133405447006226 0.73188287019729614 0.31713292002677917,-0.034558087587356567   0.70783382654190063   0.70467877388000488 -0.034709867089986801,0.58133405447006226 0.73188287019729614 0.31713292002677917,-0.034558087587356567   0.70783382654190063   0.70467877388000488 -0.034709867089986801
1714992708.9119573,0.58137619495391846 0.73188656568527222 0.31714490056037903,-0.034532211720943451   0.70789283514022827   0.70461368560791016 -0.034853603690862656,0.58137619495391846 0.73188656568527222 0.31714490056037903,-0.034532211720943451   0.70789283514022827   0.70461368560791016 -0.034853603690862656
1714992708.9169567,0.58137804269790649 0.73188549280166626 0.31713983416557312,-0.034543484449386597   0.70789229869842529   0.70461481809616089 -0.034830871969461441,0.58137804269790649 0.73188549280166626 0.31713983416557312,-0.034543484449386597   0.70789229869842529   0.70461481809616089 -0.034830871969461441
1714992708.9219804,0.58136087656021118 0.73182618618011475 0.31715431809425354,-0.034526020288467407   0.70779573917388916    0.7047196626663208 -0.034689486026763916,0.58136087656021118 0.73182618618011475 0.31715431809425354,-0.034526020288467407   0.70779573917388916    0.7047196626663208 -0.034689486026763916
1714992708.9269791,0.58134889602661133 0.73183757066726685 0.31718450784683228,-0.034593500196933746   0.70778089761734009   0.70473343133926392 -0.034645438194274902,0.58134889602661133 0.73183757066726685 0.31718450784683228,-0.034593500196933746   0.70778089761734009   0.70473343133926392 -0.034645438194274902
1714992708.9319799,0.58136880397796631 0.73186296224594116 0.31719967722892761,-0.034822028130292892   0.70787370204925537   0.70462912321090698 -0.034641094505786896,0.58136880397796631 0.73186296224594116 0.31719967722892761,-0.034822028130292892   0.70787370204925537   0.70462912321090698 -0.034641094505786896
1714992708.9369535, 0.5813438892364502 0.73184555768966675 0.31719490885734558,-0.034630302339792252   0.70773226022720337   0.70477849245071411 -0.034685634076595306, 0.5813438892364502 0.73184555768966675 0.31719490885734558,-0.034630302339792252   0.70773226022720337   0.70477849245071411 -0.034685634076595306
1714992708.9419403,0.58136177062988281 0.73189800977706909 0.31727889180183411,-0.034871641546487808   0.70791065692901611   0.70458287000656128  -0.03477771207690239,0.58136177062988281 0.73189800977706909 0.31727889180183411,-0.034871641546487808   0.70791065692901611   0.70458287000656128  -0.03477771207690239
1714992708.9469545,0.58133631944656372 0.73185759782791138 0.31717017292976379,-0.034589953720569611   0.70779615640640259   0.70471781492233276 -0.034654565155506134,0.58133631944656372 0.73185759782791138 0.31717017292976379,-0.034589953720569611   0.70779615640640259   0.70471781492233276 -0.034654565155506134
1714992708.9519317,0.58139210939407349 0.73189812898635864 0.31722545623779297, -0.03483552485704422   0.70798212289810181   0.70451456308364868 -0.034742217510938644,0.58139210939407349 0.73189812898635864 0.31722545623779297, -0.03483552485704422   0.70798212289810181   0.70451456308364868 -0.034742217510938644
1714992708.9569242,0.58129167556762695 0.73187029361724854 0.31723687052726746,-0.034668687731027603   0.70776677131652832   0.70474398136138916 -0.034644216299057007,0.58129167556762695 0.73187029361724854 0.31723687052726746,-0.034668687731027603   0.70776677131652832   0.70474398136138916 -0.034644216299057007
1714992708.9619796,0.58136230707168579 0.73189258575439453 0.31724840402603149, -0.03482503816485405   0.70793843269348145   0.70455813407897949 -0.034759808331727982,0.58136230707168579 0.73189258575439453 0.31724840402603149, -0.03482503816485405   0.70793843269348145   0.70455813407897949 -0.034759808331727982
1714992708.9669852,0.58136671781539917 0.73187899589538574 0.31726127862930298,-0.034776318818330765   0.70785325765609741   0.70464330911636353 -0.034816745668649673,0.58136671781539917 0.73187899589538574 0.31726127862930298,-0.034776318818330765   0.70785325765609741   0.70464330911636353 -0.034816745668649673
1714992708.9719558,0.58134245872497559 0.73185992240905762 0.31723904609680176, -0.03489004448056221   0.70782685279846191   0.70467305183410645 -0.034637253731489182,0.58134245872497559 0.73185992240905762 0.31723904609680176, -0.03489004448056221   0.70782685279846191   0.70467305183410645 -0.034637253731489182
1714992708.9769568,0.58134728670120239 0.73183947801589966 0.31726211309432983,-0.034836113452911377   0.70784473419189453     0.704659104347229 -0.034610100090503693,0.58134728670120239 0.73183947801589966 0.31726211309432983,-0.034836113452911377   0.70784473419189453     0.704659104347229 -0.034610100090503693
1714992708.9819601,0.58134740591049194 0.73187315464019775  0.3172115683555603,-0.034879039973020554   0.70785492658615112   0.70464509725570679 -0.034642864018678665,0.58134740591049194 0.73187315464019775  0.3172115683555603,-0.034879039973020554   0.70785492658615112   0.70464509725570679 -0.034642864018678665
1714992708.986979,0.58135271072387695 0.73181414604187012 0.31721144914627075,-0.034577541053295135    0.7077900767326355   0.70472508668899536 -0.034643512219190598,0.58135271072387695 0.73181414604187012 0.31721144914627075,-0.034577541053295135    0.7077900767326355   0.70472508668899536 -0.034643512219190598
1714992708.9919584,0.58134996891021729 0.73183625936508179 0.31722551584243774, -0.03463304415345192   0.70776373147964478   0.70474743843078613 -0.034671507775783539,0.58134996891021729 0.73183625936508179 0.31722551584243774, -0.03463304415345192   0.70776373147964478   0.70474743843078613 -0.034671507775783539
1714992708.9969552,0.58135509490966797 0.73186773061752319 0.31724244356155396,-0.034804917871952057   0.70787835121154785    0.7046242356300354 -0.034663435071706772,0.58135509490966797 0.73186773061752319 0.31724244356155396,-0.034804917871952057   0.70787835121154785    0.7046242356300354 -0.034663435071706772
1714992709.0019574,0.58136111497879028 0.73188173770904541 0.31721588969230652,-0.034840486943721771   0.70785963535308838   0.70464003086090088 -0.034689169377088547,0.58136111497879028 0.73188173770904541 0.31721588969230652,-0.034840486943721771   0.70785963535308838   0.70464003086090088 -0.034689169377088547
1714992709.0069575,0.58134967088699341 0.73184877634048462 0.31718137860298157,-0.034619621932506561   0.70776188373565674   0.70474952459335327 -0.034680724143981934,0.58134967088699341 0.73184877634048462 0.31718137860298157,-0.034619621932506561   0.70776188373565674   0.70474952459335327 -0.034680724143981934
1714992709.0119543, 0.5813295841217041 0.73185086250305176 0.31716516613960266,-0.034603714942932129   0.70780080556869507   0.70471310615539551 -0.034642439335584641, 0.5813295841217041 0.73185086250305176 0.31716516613960266,-0.034603714942932129   0.70780080556869507   0.70471310615539551 -0.034642439335584641
1714992709.0169802,0.58136683702468872  0.7318609356880188 0.31720694899559021,-0.034637194126844406   0.70786422491073608   0.70464134216308594 -0.034772321581840515,0.58136683702468872  0.7318609356880188 0.31720694899559021,-0.034637194126844406   0.70786422491073608   0.70464134216308594 -0.034772321581840515
1714992709.0219362,0.58135509490966797 0.73183685541152954 0.31715959310531616,-0.034617841243743896   0.70777136087417603   0.70473998785018921 -0.034682203084230423,0.58135509490966797 0.73183685541152954 0.31715959310531616,-0.034617841243743896   0.70777136087417603   0.70473998785018921 -0.034682203084230423
1714992709.0269558,0.58137434720993042 0.73184573650360107 0.31722402572631836,-0.034602776169776917   0.70788663625717163   0.70462298393249512  -0.03472142294049263,0.58137434720993042 0.73184573650360107 0.31722402572631836,-0.034602776169776917   0.70788663625717163   0.70462298393249512  -0.03472142294049263
1714992709.0319557,0.58137494325637817 0.73187565803527832 0.31716597080230713,-0.034554891288280487   0.70787352323532104   0.70463466644287109 -0.034799210727214813,0.58137494325637817 0.73187565803527832 0.31716597080230713,-0.034554891288280487   0.70787352323532104   0.70463466644287109 -0.034799210727214813
1714992709.0369542,0.58133012056350708  0.7318572998046875 0.31722378730773926,-0.034626767039299011    0.7077605128288269   0.70475155115127563 -0.034660346806049347,0.58133012056350708  0.7318572998046875 0.31722378730773926,-0.034626767039299011    0.7077605128288269   0.70475155115127563 -0.034660346806049347
1714992709.0419552,0.58136796951293945 0.73191475868225098 0.31727942824363708,-0.034877028316259384   0.70793831348419189   0.70455563068389893 -0.034760020673274994,0.58136796951293945 0.73191475868225098 0.31727942824363708,-0.034877028316259384   0.70793831348419189   0.70455563068389893 -0.034760020673274994
1714992709.0469558,0.58133095502853394 0.73186540603637695 0.31720563769340515,-0.034612312912940979   0.70776611566543579   0.70474517345428467 -0.034689251333475113,0.58133095502853394 0.73186540603637695 0.31720563769340515,-0.034612312912940979   0.70776611566543579   0.70474517345428467 -0.034689251333475113
1714992709.0519552,0.58135390281677246 0.73188668489456177 0.31723678112030029, -0.03462551161646843   0.70783889293670654    0.7046654224395752 -0.034810736775398254,0.58135390281677246 0.73188668489456177 0.31723678112030029, -0.03462551161646843   0.70783889293670654    0.7046654224395752 -0.034810736775398254
1714992709.0569561,0.58135855197906494 0.73187637329101562 0.31724986433982849,-0.034621410071849823   0.70783984661102295   0.70466560125350952 -0.034792695194482803,0.58135855197906494 0.73187637329101562 0.31724986433982849,-0.034621410071849823   0.70783984661102295   0.70466560125350952 -0.034792695194482803
1714992709.0619559,0.58139955997467041  0.7318846583366394 0.31726789474487305,-0.034839022904634476    0.7079312801361084    0.7045636773109436 -0.034777931869029999,0.58139955997467041  0.7318846583366394 0.31726789474487305,-0.034839022904634476    0.7079312801361084    0.7045636773109436 -0.034777931869029999
1714992709.0669565,0.58140861988067627 0.73185056447982788 0.31720688939094543, -0.03458859771490097   0.70783424377441406   0.70467245578765869 -0.034799680113792419,0.58140861988067627 0.73185056447982788 0.31720688939094543, -0.03458859771490097   0.70783424377441406   0.70467245578765869 -0.034799680113792419
1714992709.0719166,0.58135336637496948 0.73187196254730225 0.31723541021347046,-0.034610386937856674    0.7078242301940918   0.70468109846115112 -0.034807339310646057,0.58135336637496948 0.73187196254730225 0.31723541021347046,-0.034610386937856674    0.7078242301940918   0.70468109846115112 -0.034807339310646057
1714992709.076956, 0.5814090371131897 0.73190075159072876  0.3172125518321991,-0.034823935478925705   0.70794838666915894   0.70454645156860352 -0.034795574843883514, 0.5814090371131897 0.73190075159072876  0.3172125518321991,-0.034823935478925705   0.70794838666915894   0.70454645156860352 -0.034795574843883514
1714992709.0819564,0.58140373229980469 0.73187971115112305 0.31723505258560181,-0.034792054444551468   0.70797252655029297   0.70452535152435303 -0.034762762486934662,0.58140373229980469 0.73187971115112305 0.31723505258560181,-0.034792054444551468   0.70797252655029297   0.70452535152435303 -0.034762762486934662
1714992709.0869555, 0.5814020037651062 0.73190230131149292 0.31720250844955444,-0.034837637096643448   0.70797270536422729   0.70452243089675903 -0.034771714359521866, 0.5814020037651062 0.73190230131149292 0.31720250844955444,-0.034837637096643448   0.70797270536422729   0.70452243089675903 -0.034771714359521866
1714992709.0919576,0.58136981725692749 0.73186206817626953 0.31723225116729736,-0.034880012273788452    0.7078627347946167   0.70463854074478149 -0.034616187214851379,0.58136981725692749 0.73186206817626953 0.31723225116729736,-0.034880012273788452    0.7078627347946167   0.70463854074478149 -0.034616187214851379
1714992709.0969551,0.58136498928070068 0.73186588287353516 0.31720554828643799, -0.03461775928735733    0.7078436017036438   0.70466196537017822 -0.034793335944414139,0.58136498928070068 0.73186588287353516 0.31720554828643799, -0.03461775928735733    0.7078436017036438   0.70466196537017822 -0.034793335944414139
1714992709.1019571,0.58179277181625366  0.7314637303352356 0.31715488433837891,-0.034265462309122086     0.707771897315979   0.70475560426712036 -0.034703906625509262,0.58179277181625366  0.7314637303352356 0.31715488433837891,-0.034265462309122086     0.707771897315979   0.70475560426712036 -0.034703906625509262
1714992709.1069634,0.58138692378997803 0.73182833194732666 0.31724485754966736,-0.034601069986820221   0.70785456895828247    0.7046542763710022 -0.034743122756481171,0.58138692378997803 0.73182833194732666 0.31724485754966736,-0.034601069986820221   0.70785456895828247    0.7046542763710022 -0.034743122756481171
1714992709.1119549, 0.5813714861869812 0.73185157775878906 0.31724804639816284,-0.034877892583608627   0.70783787965774536   0.70466315746307373  -0.03462517261505127, 0.5813714861869812 0.73185157775878906 0.31724804639816284,-0.034877892583608627   0.70783787965774536   0.70466315746307373  -0.03462517261505127
1714992709.1169806,0.58135765790939331 0.73186033964157104 0.31724077463150024,-0.034645702689886093   0.70782911777496338   0.70467638969421387 -0.034767627716064453,0.58135765790939331 0.73186033964157104 0.31724077463150024,-0.034645702689886093   0.70782911777496338   0.70467638969421387 -0.034767627716064453
1714992709.1219788,0.58138185739517212 0.73189502954483032 0.31725281476974487,-0.034820668399333954   0.70794999599456787   0.70454621315002441 -0.034770112484693527,0.58138185739517212 0.73189502954483032 0.31725281476974487,-0.034820668399333954   0.70794999599456787   0.70454621315002441 -0.034770112484693527
1714992709.1269715,0.58132439851760864 0.73186171054840088 0.31718894839286804,-0.034590847790241241   0.70778793096542358   0.70472520589828491 -0.034670766443014145,0.58132439851760864 0.73186171054840088 0.31718894839286804,-0.034590847790241241   0.70778793096542358   0.70472520589828491 -0.034670766443014145
1714992709.1319549,0.58131611347198486 0.73186445236206055 0.31721922755241394,-0.034653551876544952   0.70775240659713745   0.70475709438323975  -0.03468593955039978,0.58131611347198486 0.73186445236206055 0.31721922755241394,-0.034653551876544952   0.70775240659713745   0.70475709438323975  -0.03468593955039978
1714992709.1369812, 0.5813564658164978 0.73185193538665771  0.3172755241394043,-0.034836176782846451   0.70785945653915405   0.70464402437210083  -0.03461543470621109, 0.5813564658164978 0.73185193538665771  0.3172755241394043,-0.034836176782846451   0.70785945653915405   0.70464402437210083  -0.03461543470621109
1714992709.1419547,0.58136767148971558 0.73185586929321289 0.31724545359611511,-0.034656845033168793   0.70783597230911255   0.70466840267181396  -0.03477872908115387,0.58136767148971558 0.73185586929321289 0.31724545359611511,-0.034656845033168793   0.70783597230911255   0.70466840267181396  -0.03477872908115387
1714992709.1469545,0.58137547969818115 0.73184555768966675 0.31724134087562561,-0.034833677113056183   0.70786589384078979   0.70463758707046509 -0.034617483615875244,0.58137547969818115 0.73184555768966675 0.31724134087562561,-0.034833677113056183   0.70786589384078979   0.70463758707046509 -0.034617483615875244
1714992709.1519575,0.58130770921707153 0.73185759782791138 0.31723558902740479, -0.03463335707783699   0.70773476362228394   0.70477586984634399 -0.034683935344219208,0.58130770921707153 0.73185759782791138 0.31723558902740479, -0.03463335707783699   0.70773476362228394   0.70477586984634399 -0.034683935344219208
1714992709.156955, 0.5813559889793396 0.73187017440795898 0.31722667813301086,-0.034863993525505066   0.70784282684326172   0.70465725660324097 -0.034658756107091904, 0.5813559889793396 0.73187017440795898 0.31722667813301086,-0.034863993525505066   0.70784282684326172   0.70465725660324097 -0.034658756107091904
1714992709.1619127,0.58137238025665283 0.73188656568527222 0.31728643178939819,-0.034879658371210098   0.70791745185852051   0.70457661151885986 -0.034757368266582489,0.58137238025665283 0.73188656568527222 0.31728643178939819,-0.034879658371210098   0.70791745185852051   0.70457661151885986 -0.034757368266582489
1714992709.1669559, 0.5814201831817627 0.73186612129211426 0.31722906231880188,-0.034803830087184906   0.70797324180603027   0.70452547073364258 -0.034734867513179779, 0.5814201831817627 0.73186612129211426 0.31722906231880188,-0.034803830087184906   0.70797324180603027   0.70452547073364258 -0.034734867513179779
1714992709.1719556, 0.5813489556312561 0.73187917470932007  0.3172132670879364,-0.034647192806005478   0.70786428451538086   0.70464074611663818 -0.034772124141454697, 0.5813489556312561 0.73187917470932007  0.3172132670879364,-0.034647192806005478   0.70786428451538086   0.70464074611663818 -0.034772124141454697
1714992709.1769552,0.58136045932769775 0.73188096284866333 0.31720241904258728, -0.03462807834148407   0.70785832405090332   0.70464640855789185 -0.034798122942447662,0.58136045932769775 0.73188096284866333 0.31720241904258728, -0.03462807834148407   0.70785832405090332   0.70464640855789185 -0.034798122942447662
1714992709.181958, 0.5813978910446167 0.73188638687133789 0.31725922226905823,-0.034750722348690033   0.70782274007797241   0.70467221736907959 -0.034877732396125793, 0.5813978910446167 0.73188638687133789 0.31725922226905823,-0.034750722348690033   0.70782274007797241   0.70467221736907959 -0.034877732396125793
1714992709.1869619,0.58140581846237183 0.73186683654785156 0.31727200746536255,-0.034796051681041718   0.70796447992324829   0.70453435182571411 -0.034739915281534195,0.58140581846237183 0.73186683654785156 0.31727200746536255,-0.034796051681041718   0.70796447992324829   0.70453435182571411 -0.034739915281534195
1714992709.1919541,0.58135229349136353 0.73184663057327271 0.31720727682113647,-0.034626621752977371   0.70776224136352539   0.70474964380264282 -0.034663312137126923,0.58135229349136353 0.73184663057327271 0.31720727682113647,-0.034626621752977371   0.70776224136352539   0.70474964380264282 -0.034663312137126923
1714992709.1969345,0.58136194944381714 0.73187923431396484 0.31723648309707642,-0.034841548651456833   0.70784437656402588   0.70465642213821411 -0.034665673971176147,0.58136194944381714 0.73187923431396484 0.31723648309707642,-0.034841548651456833   0.70784437656402588   0.70465642213821411 -0.034665673971176147
1714992709.2019601,0.58134305477142334 0.73189413547515869 0.31724527478218079,-0.034749638289213181   0.70775085687637329   0.70474863052368164 -0.034793548285961151,0.58134305477142334 0.73189413547515869 0.31724527478218079,-0.034749638289213181   0.70775085687637329   0.70474863052368164 -0.034793548285961151
1714992709.2069561,0.58137160539627075 0.73192322254180908 0.31722289323806763, -0.03481481596827507   0.70796972513198853   0.70452570915222168 -0.034790638834238052,0.58137160539627075 0.73192322254180908 0.31722289323806763, -0.03481481596827507   0.70796972513198853   0.70452570915222168 -0.034790638834238052
1714992709.2119384,0.58136260509490967 0.73186874389648438 0.31723621487617493,-0.03457806259393692  0.70786988735198975  0.70463818311691284 -0.03477974608540535,0.58136260509490967 0.73186874389648438 0.31723621487617493,-0.03457806259393692  0.70786988735198975  0.70463818311691284 -0.03477974608540535
1714992709.2169569,0.58132028579711914 0.73185145854949951 0.31725844740867615,-0.034634366631507874   0.70774304866790771   0.70476794242858887  -0.03467554971575737,0.58132028579711914 0.73185145854949951 0.31725844740867615,-0.034634366631507874   0.70774304866790771   0.70476794242858887  -0.03467554971575737
1714992709.2219608,0.58135813474655151 0.73191535472869873 0.31728658080101013,-0.034872405230998993   0.70793873071670532   0.70455461740493774 -0.034776255488395691,0.58135813474655151 0.73191535472869873 0.31728658080101013,-0.034872405230998993   0.70793873071670532   0.70455461740493774 -0.034776255488395691
1714992709.2269561,0.58133840560913086 0.73182439804077148 0.31728360056877136,-0.034622278064489365   0.70777010917663574   0.70474433898925781 -0.034613978117704391,0.58133840560913086 0.73182439804077148 0.31728360056877136,-0.034622278064489365   0.70777010917663574   0.70474433898925781 -0.034613978117704391
1714992709.2319551,0.58132928609848022 0.73187524080276489 0.31732672452926636,-0.034888125956058502   0.70783901214599609    0.7046617865562439 -0.034618794918060303,0.58132928609848022 0.73187524080276489 0.31732672452926636,-0.034888125956058502   0.70783901214599609    0.7046617865562439 -0.034618794918060303
1714992709.2369843,0.58129400014877319 0.73186331987380981 0.31731441617012024,-0.034655660390853882   0.70772004127502441   0.70479083061218262 -0.034657958894968033,0.58129400014877319 0.73186331987380981 0.31731441617012024,-0.034655660390853882   0.70772004127502441   0.70479083061218262 -0.034657958894968033
1714992709.241956,0.58131474256515503 0.73190474510192871 0.31730476021766663,-0.034658625721931458   0.70781642198562622   0.70468771457672119  -0.03478424996137619,0.58131474256515503 0.73190474510192871 0.31730476021766663,-0.034658625721931458   0.70781642198562622   0.70468771457672119  -0.03478424996137619
1714992709.2469847,0.58128178119659424 0.73186987638473511 0.31733903288841248,-0.034686386585235596   0.70773047208786011    0.7047799825668335 -0.034635681658983231,0.58128178119659424 0.73186987638473511 0.31733903288841248,-0.034686386585235596   0.70773047208786011    0.7047799825668335 -0.034635681658983231
1714992709.2519598,0.58129912614822388 0.73190337419509888   0.317360520362854,-0.034643545746803284   0.70784765481948853   0.70465874671936035 -0.034750580787658691,0.58129912614822388 0.73190337419509888   0.317360520362854,-0.034643545746803284   0.70784765481948853   0.70465874671936035 -0.034750580787658691
1714992709.2569554,0.58130532503128052 0.73188579082489014 0.31742462515830994,-0.034920778125524521   0.70782428979873657   0.70467549562454224 -0.034609392285346985,0.58130532503128052 0.73188579082489014 0.31742462515830994,-0.034920778125524521   0.70782428979873657   0.70467549562454224 -0.034609392285346985
1714992709.2619784,0.58131986856460571 0.73186904191970825 0.31744387745857239,-0.034673810005187988   0.70777785778045654   0.70472639799118042 -0.034770503640174866,0.58131986856460571 0.73186904191970825 0.31744387745857239,-0.034673810005187988   0.70777785778045654   0.70472639799118042 -0.034770503640174866
1714992709.266959,0.58130252361297607 0.73185920715332031 0.31749466061592102,-0.034770224243402481   0.70764565467834473   0.70485574007034302 -0.034742671996355057,0.58130252361297607 0.73185920715332031 0.31749466061592102,-0.034770224243402481   0.70764565467834473   0.70485574007034302 -0.034742671996355057
1714992709.2719574,0.58130049705505371 0.73186647891998291 0.31749805808067322,-0.034702323377132416   0.70775175094604492   0.70475208759307861 -0.034752987325191498,0.58130049705505371 0.73186647891998291 0.31749805808067322,-0.034702323377132416   0.70775175094604492   0.70475208759307861 -0.034752987325191498
1714992709.276957,0.58128094673156738  0.7318611741065979 0.31758859753608704,-0.034803807735443115    0.7076181173324585   0.70488280057907104 -0.034720361232757568,0.58128094673156738  0.7318611741065979 0.31758859753608704,-0.034803807735443115    0.7076181173324585   0.70488280057907104 -0.034720361232757568
1714992709.2819545,0.58122932910919189 0.73184818029403687 0.31761503219604492,-0.034709084779024124   0.70764601230621338   0.70486617088317871 -0.034583833068609238,0.58122932910919189 0.73184818029403687 0.31761503219604492,-0.034709084779024124   0.70764601230621338   0.70486617088317871 -0.034583833068609238
