DesiredFlux,0.906,HitTime,1715860376.1512535,DesiredPos, 0.53944432735443115 -0.30871224403381348  0.17547851800918579
RobotName,RosTime,JointPosition,JointVelocity,JointEffort,TorqueCmd,EEF_Position,EEF_Orientation,EEF_Velocity,EEF_DesiredVelocity,Inertia,DirGrad,HittingFlux
IIWA_14,1715860375.5458281, 0.57881121830584059   1.2295179589129257 -0.16224992689692605  -1.3670806222012464  -1.0789028568131349   1.7515811158409189 -0.56124665886442104,-2.3535932595427444e-06 -7.4466090423148002e-07  5.6793727021436031e-07 -5.2301006025092874e-06 -1.6706864835040263e-06 -2.6764561428047529e-06  3.6012450861635102e-05,  -1.6100711212158203    68.592630561828614    6.3529242019653323   -12.872535369873047    1.6348562049865722   -2.3486105613708497 -0.098456745147705083, -2.1439050641240813  -1.6914981354104217   1.9165708347128709  0.70969729193579412  0.55672206473143193 -0.31895844923988714  0.69647418852306431,  0.5406796932220459 0.045259911566972733   0.1735011488199234, 0.49312072992324829 -0.48466053605079651  0.51219838857650757   0.5094987154006958,-6.4424136780871777e-07  1.3490287074091611e-06 -7.3644724807309103e-07,-0.00014686935173813254    -0.99045354127883911   0.0002350919385207817,  0.25305581092834473 -0.012287944555282593  0.063449442386627197 -0.012287944555282593   0.23779547214508057  0.025650164112448692  0.063449442386627197  0.025650164112448692    0.1726510226726532,   0.43438705042309067   -0.49843566433072084    0.86188348309601537    0.52156361503996607 -0.0039440702730431099  -0.043595806901386425                      0,1.5244173710016184e-06
IIWA_14,1715860375.5508552,0.57881133807906049  1.2295178990263158  -0.162249986783536 -1.3670807419744662 -1.0789030486248197  1.7515811158409189 -0.5612462993265952, 2.9080541882716176e-06 -2.9911931191176448e-06 -1.9411145817814186e-06 -8.9750092734723519e-06 -9.0090165771104674e-06 -2.1411649142438023e-06  4.3191473723097954e-05, -1.6152151184082033   68.600346557617186   6.3502357025146488  -12.865814121246338   1.6418992042541503  -2.3489443130493166 -0.10079300689697265,-38.897453135629199  5.6129846585750247 -20.196901413468648 -12.287550780345018  1.0292997530621539 -1.1182556325604585 0.69648191456722686,  0.5406796932220459 0.045259762555360794  0.17350105941295624,0.49312058091163635 -0.4846605658531189 0.51219838857650757 0.50949877500534058,-1.7347682614854421e-06 -4.8767533371574245e-06 -3.8765788303862792e-06,-0.00014687429938931018    -0.99045360088348389  0.00023507970036007464,  0.25305581092834473 -0.012287930585443974  0.063449442386627197 -0.012287930585443974   0.23779548704624176  0.025650134310126305  0.063449442386627197  0.025650134310126305   0.17265099287033081,    0.43438650230154252    -0.49843491243972693     0.86188238009565765     0.52156294954208704  -0.0039442564006009206   -0.043596390829847564 -2.6645352591003757e-12,5.9154272094019689e-06
IIWA_14,1715860375.5558283, 0.57880540592309915   1.2295213145265789 -0.16226790324280621  -1.3670968008579969  -1.0789019939223525    1.751577760227266  -0.5612462394399852,-0.00023495979510303164  0.00013422705602709835  -0.0007182112624739013 -0.00064953534864813935  3.4980885423925423e-05 -0.00013593747804917328  3.6948643378651718e-05,  -1.5149071731567383    68.500038612365728    6.6284953956604005   -12.609062423706055    1.6260524559020997   -2.3406005210876466 -0.098122993469238279,-38.897551424084185  5.6130820821019789 -20.196970180828348 -12.287626331141507  1.0293464988138052 -1.1182599685976569 0.69646351710760768,  0.5406796932220459 0.045259810984134674  0.17350113391876221, 0.49312061071395874 -0.48466059565544128  0.51219844818115234   0.5094987154006958,-7.9187105939126923e-07 -2.0299141851864988e-06 -6.0152655123602017e-07,-0.0001468792324885726   -0.99045354127883911 0.00023509816674049944, 0.25305581092834473 -0.01228793803602457 0.063449442386627197 -0.01228793803602457  0.23779548704624176 0.025650147348642349 0.063449442386627197 0.025650147348642349    0.172651007771492,    0.4343868053409139   -0.49843522903003645    0.86188295812039684    0.52156321172258657 -0.0039441903041392834  -0.043596115243182965                      0,2.0676686744991457e-06
IIWA_14,1715860375.5608273, 0.57868796053607086    1.229583452720356 -0.16273217216847682  -1.3674693304785273  -1.0788895303516313   1.7515098097598303 -0.56124599978446232,-0.0048857833172141095  0.0025929093959054725  -0.019145326036803658  -0.015420813100132897 0.00052652753718978587  -0.002826768679866721 3.9145135617769217e-05,   6.1676526336669921    63.993897071838383     13.10643482208252   -6.6957078819274907    1.6383777046203614   -2.4357197494506835 -0.085774181365966803,-38.897642430998381  5.6131502968536138 -20.196943109615212 -12.287686731997923   1.029411112491045 -1.1182722572233486  0.6964253467289917,  0.5406796932220459 0.045259840786457062  0.17350117862224579, 0.49312052130699158 -0.48466059565544128  0.51219862699508667  0.50949859619140625,-1.9450698118816945e-07 -4.4572411184162775e-07  1.7100218201449024e-06,-0.00014688004739582539    -0.99045360088348389  0.00023510126629844308, 0.25305581092834473  -0.0122879259288311 0.063449442386627197  -0.0122879259288311  0.23779548704624176 0.025650152936577797 0.063449442386627197 0.025650152936577797    0.172651007771492,   0.43438634379278085   -0.49843540657423802    0.86188288220956366    0.52156324228747053 -0.0039437256207364157  -0.043596109577492825 8.8817841970012523e-13,1.6262381450360408e-06
IIWA_14,1715860375.5658288,  0.5786621344627968   1.2295858494937513 -0.16323341229460939   -1.367784994981283   -1.078906979455361   1.7513620441857871 -0.56124360290198394, -0.0049416695847336904   0.0021701984525366925   -0.035365865874745439    -0.02496323059033731 -0.00027674211943593989  -0.0081720379056201067  0.00012719140762956603,     10.9541420211792    62.849357696533204    15.075760669708252   -5.8555518035888676   0.80378229141235347   -2.5899130249023439 -0.089111698150634772,-38.880362636990931  5.6068360507204069 -20.183121578975658 -12.277750117105228  1.0269343879956296  -1.121681919267346 0.69820523606591012, 0.54067671298980713 0.045247264206409454  0.17350161075592041, 0.49311396479606628 -0.48465672135353088  0.51219832897186279  0.50950896739959717,-0.00011931009066756815 -0.00050337461289018393  1.8263359379488975e-05,-0.00014688495139125735    -0.99045354127883911   0.0002351197472307831, 0.25305637717247009 -0.01228652149438858 0.063449494540691376 -0.01228652149438858  0.23779706656932831  0.02564762718975544 0.063449494540691376  0.02564762718975544  0.17264923453330994,   0.43433092503697424   -0.49837514194184251    0.86178727054786464    0.52150048795684967 -0.0039462053598171565  -0.043639272242934624 1.7763568394002505e-12,0.00047350474051199853
IIWA_14,1715860375.570858, 0.57866105595840212   1.2295910626831439 -0.16388265775939106  -1.3682229585226338  -1.0789170461654207   1.7511399166773012 -0.56124294371294203, -0.0039964758435741673   0.0019446863377340186   -0.054262511291063478   -0.037489126126298955 -0.00062406209793931214   -0.015422730663933543    0.000128120687779941,   13.436120666503907    62.815921714782718     15.23841488647461   -6.4228251876831051    1.5476990890502929   -2.0298777084350585 -0.088444194793701178,-38.483647316370146  5.4789144552315783 -19.839125818671498  -12.05695598257425 0.97812474930338011 -1.2075813824718085 0.73444945091377367, 0.54061585664749146 0.044952411204576492   0.1735348254442215, 0.49294230341911316 -0.48456400632858276  0.51221346855163574  0.50974792242050171,-0.0025337368715554476  -0.012195839546620846  0.0013465610099956393,-0.00014688086230307817    -0.99045354127883911  0.00023510433675255626,  0.25306397676467896 -0.012252903543412685  0.063454136252403259 -0.012252903543412685   0.23783504962921143  0.025587573647499084  0.063454136252403259  0.025587573647499084   0.17261156439781189,   0.43300383072075732     -0.496958901877953    0.85950056078232251    0.52002466759759614 -0.0039593538820881236  -0.044692319430161831 8.8817841970012523e-13,0.011460363864898682
IIWA_14,1715860375.5758564, 0.57866183492066392   1.2295922011832316 -0.16472460939020858   -1.368847336645316  -1.0789066918251002   1.7508223347121961 -0.56124228463298331, -0.0031660221843871402   0.0016012890736976397   -0.077088074265551448   -0.054966425808328535 -8.5076065532081291e-05   -0.025041463135351563  0.00012885974857276388,   14.608952026367188    62.983101623535163    13.777215435028076   -7.0788190536499025    1.0863826370239258   -2.0902867622375489 -0.080767906188964844,-38.262442527006201  5.4361717429014202 -19.583314702890647 -11.950658290812544 0.96679254872352494 -1.2557737854647144 0.74870055912891142, 0.54059708118438721 0.044711727648973465  0.17359897494316101, 0.49279847741127014 -0.48448556661605835  0.51227772235870361  0.50989693403244019,-0.0027834363281726837  -0.019382886588573456  0.0036490517668426037,-0.00014687849034089595    -0.99045413732528687  0.00023509524180553854,  0.25305923819541931 -0.012218997813761234  0.063465751707553864 -0.012218997813761234   0.23786894977092743  0.025531096383929253  0.063465751707553864  0.025531096383929253     0.172589510679245,   0.43168241106439353    -0.4957002920757958    0.85730585552212801    0.51868806968791148 -0.0038195645171157366  -0.045469650798324324                      0,0.018219910562038422
IIWA_14,1715860375.5808282, 0.57866255399631572   1.2295938789900582  -0.1658164322833017  -1.3696795810820832  -1.0789250036450793   1.7503979132895946 -0.56124042705724375, -0.0025040547214376916   0.0013481435320214419    -0.10534337513616594   -0.077262918117351448 -0.00080053365158655313   -0.037010027412339733   0.0001773908284406565,  13.986528366088868   62.605017829895026   14.040688381195068  -6.2574824714660648  0.96048902511596679  -1.8970445404052734 -0.09244921493530274,-38.017739963984482   5.370816197970278 -19.295269811730407 -11.818215089017063 0.94769793212683018 -1.3078363007249103 0.77227201315407124, 0.54056322574615479 0.044411323964595795  0.17367094755172729, 0.49263271689414978 -0.48437198996543884  0.51235735416412354  0.51008498668670654,-0.0035886080004274845  -0.027520932257175446  0.0058114649727940559,-0.00014640041626989841    -0.99046766757965088  0.00023484538542106748,   0.2530570924282074 -0.012172811664640903  0.063478082418441772 -0.012172811664640903   0.23791275918483734  0.025457475334405899  0.063478082418441772  0.025457475334405899   0.17255775630474091,  0.42989195993925478  -0.49408680769413849   0.85441014647269498   0.51694407160418621 -0.003603813238939324 -0.046419006840991983                     0,0.025936903432011604
IIWA_14,1715860375.5858276,  0.5786558427690095   1.2295915419941899 -0.16713008303366481   -1.370653658936932  -1.0789184843167243   1.7498688098546187 -0.56123886913272014, -0.0022716928693990324  0.00098503499088197616    -0.13682073012345694    -0.10077344868783397 -0.00037965378707176419   -0.050772159328908564  0.00020422964369691318,   13.564720596313478    61.949158187866217    15.475002838134765   -5.8810925483703613    1.3936334800720214   -2.2154436416625978 -0.097789241790771489,-37.699325001913387  5.2688023974168701 -18.942359464707561 -11.633449529181609 0.91223335115836246 -1.3732174310102243 0.80937728843661305, 0.54050177335739136 0.044012200087308884  0.17375338077545166, 0.49243059754371643 -0.48421826958656311  0.51244282722473145  0.51034021377563477,-0.0053475401364266872  -0.037979908287525177  0.0079717598855495453,-0.00013547783601097763    -0.99047964811325073  0.00022477224410977215,  0.25305959582328796 -0.012110847979784012  0.063490904867649078 -0.012110847979784012   0.23797072470188141  0.025358738377690315  0.063490904867649078  0.025358738377690315    0.1725115031003952,   0.42749471718916965    -0.4919298204431044    0.85053492129905095    0.51459341881976428 -0.0033466970190687562  -0.047644481920627868                      0,0.035831663757562637
IIWA_14,1715860375.5908284, 0.57865236738213643   1.2295926804942774  -0.1686062399726011  -1.3717774197190906  -1.0789177172445179   1.7491321994252176 -0.56123623259471889, -0.0019563697704417919  0.00083356799620712396    -0.16850286165621742    -0.12556919023661076 -0.00027304014140060585   -0.070082144639170729  0.00026884523500772908,  14.182000259399414   62.437837921142581    15.80031127166748  -6.8623948478698731   1.2448501205444336  -2.0035113258361816 -0.12348812103271484,-37.296310852855825  5.1365401731521869 -18.496283913578964 -11.397131617144257 0.87399859881764752 -1.4578443678782496 0.85736816517021985, 0.54042243957519531 0.043490234762430191  0.17385990917682648, 0.49217483401298523 -0.48400378227233887  0.51256132125854492  0.51067125797271729,-0.0074838078580796719  -0.051259957253932953   0.010685031302273273,-0.00012941057502757758    -0.99049520492553711  0.00021100149024277925,  0.25306528806686401 -0.012027932330965996  0.063506036996841431 -0.012027932330965996   0.23804612457752228  0.025229981169104576  0.063506036996841431  0.025229981169104576   0.17244927585124969,   0.42429809101296456   -0.48912049579108441    0.84546345845737392     0.5115142491005642 -0.0029609861327273279   -0.04922622049630121                      0,0.048379380255937576
IIWA_14,1715860375.5958579, 0.57865368565113717    1.229595017490146 -0.17025311214716424  -1.3730979614656729  -1.0789203059168646   1.7482014445693939 -0.56123036032536744,-0.0015123650563238934 0.00076033423170975825   -0.20067717630749934   -0.15327702205257857 -0.0003219790069886408  -0.093295909944285521 0.00044996696206409971,  14.596092033386231   62.893081672668458   15.270676879882812  -7.0371473121643069   1.3566577339172363  -1.7852377281188965 -0.13149816131591796,-36.842684305643083  4.9930864763385996 -17.995132232368757  -11.13918555254871 0.82607870591653465 -1.5505502998994161 0.90887484217748948, 0.54033255577087402 0.042863503098487854  0.17398647964000702, 0.49186882376670837 -0.48376768827438354  0.51269286870956421  0.51105761528015137,-0.0096347006037831306  -0.066074289381504059   0.013683456927537918,-0.00012098919978598133    -0.99051582813262939   0.0001954569888766855,  0.25306874513626099 -0.011930234730243683  0.063526198267936707 -0.011930234730243683   0.23813547194004059  0.025073949247598648  0.063526198267936707  0.025073949247598648   0.17237859964370728,    0.42053496087923747    -0.48572345981767739     0.83937665886946178     0.50781672726607496  -0.0025579775417838846   -0.051080856745322478 -8.8817841970012523e-13,0.062341168522834778
IIWA_14,1715860375.6008282, 0.57865470426892185   1.2295957964524076 -0.17209730459289008  -1.3746056967558486  -1.0789204017354406   1.7470705532445765 -0.56122310990040547,  -0.001169147333672073  0.00063942587583111889    -0.23430943887503308    -0.18293102924909416 -0.00026141594862941366    -0.11987238094812291  0.00064999056813002797,  14.585804039001466   63.343181427001959   13.537938983917236  -6.9954755706787113   1.1286406326293945  -1.6817747077941894 -0.10279551696777343,-36.390351502618486   4.828891055951118 -17.504042490356575 -10.878222749994825 0.77493622422598651 -1.6187167688068402 0.96744465597777451, 0.54023963212966919 0.042154271155595779  0.17409814894199371, 0.49157768487930298 -0.48350098729133606  0.51282823085784912  0.51145416498184204,-0.011497702449560165 -0.081229671835899353  0.015516744926571846,-0.00010869802645174786    -0.99054259061813354  0.00017733199638314545, 0.25307649374008179  -0.0118145402520895 0.063546620309352875  -0.0118145402520895  0.23823553323745728 0.024891933426260948 0.063546620309352875 0.024891933426260948  0.17229683697223663,    0.41610568962013872      -0.481787541488643     0.83229224397651791     0.50351420787286827   -0.002066778052700613   -0.052944819551647981 -1.7763568394002505e-12,0.076362498104572296
IIWA_14,1715860375.6058276, 0.57865194795770059   1.2296007698771942 -0.17417548907719077  -1.3762709048141177  -1.0789301808152394   1.7457357501945099 -0.56121112559709663, -0.0010455703157882038  0.00071047769213167559    -0.27057493047205422    -0.21295314573003873 -0.00060029595085640114    -0.14929002676116288  0.00099936458685773947,  13.369248703002931   63.554085311889651   13.461316749572754   -6.378464946746826   1.2017117500305177  -1.8413080101013184 -0.13583693313598633, -35.92370408514968  4.6352835341135954 -17.010212138620389 -10.595537590352841 0.71637199520317618 -1.6758356654753412  1.0376589930900546, 0.54012805223464966 0.041351784020662308  0.17419636249542236,  0.4912954568862915 -0.48319017887115479  0.51296406984329224  0.51188266277313232,-0.013763107359409332 -0.097089953720569611  0.016484014689922333,-9.3818409368395805e-05    -0.99057435989379883  0.00015525346680078655, 0.25309255719184875 -0.01167923491448164 0.063564904034137726 -0.01167923491448164  0.23834758996963501 0.024682313203811646 0.063564904034137726 0.024682313203811646  0.17219951748847961,   0.41095177760208657   -0.47727936703800822    0.82414169028144357    0.49855444014124117 -0.0014846383988853518  -0.054889917076472727                      0,0.090939730405807495
IIWA_14,1715860375.6108525, 0.57863924468782302    1.229602148032805 -0.17646165964879615  -1.3780762084879492  -1.0789272086940562   1.7441644985549465 -0.56118949409543051, -0.0013445870477332643  0.00062350837813505402     -0.3079067672418585    -0.24257466353728985 -0.00036135191335853739    -0.18228208699146622   0.0016647517361309712,  11.769465576171875   63.206865501403811   14.275932083129883  -6.7131831283569339   1.3769063568115234   -1.588657989501953 -0.20926230239868163,-35.433000232257257  4.4225283465216165 -16.496786207470137 -10.295382595354132 0.65151480930304073 -1.7257875710244914  1.1160248138451823, 0.54000347852706909 0.040446504950523376  0.17428849637508392, 0.49101138114929199 -0.48284280300140381  0.51310306787490845  0.51234352588653564,-0.016129767522215843  -0.11389762163162231  0.017061755061149597,-7.8074728662613779e-05    -0.99060988426208496  0.00013114923785906285,  0.25311362743377686 -0.011524192057549953    0.0635833740234375 -0.011524192057549953   0.23847223818302155  0.024442501366138458    0.0635833740234375  0.024442501366138458   0.17208912968635559,    0.40507040221360313    -0.47214593246991399     0.81485645001055929     0.49289828518972456 -0.00082784337518404527   -0.056939891942775489                       0,0.10635069012641907
IIWA_14,1715860375.6158268, 0.57861269953889716    1.229602267915108 -0.17892573621254662  -1.3800340712826142  -1.0789282633965231   1.7423714787265567 -0.56116450698011122, -0.0021374755952210346  0.00050360199462698527    -0.34488847634350572    -0.27237424261643317 -0.00033126962936356195    -0.21754646272876307   0.0023312860016762166,  10.756098129272461   63.188861511230471   13.623970966339112  -6.8865913429260255   1.3232034873962402  -1.9150671310424805 -0.14751824188232421,-34.914397674977081  4.2045611131074088 -15.944517724728387  -9.988259714895797 0.58721698649199539 -1.7711420682451093  1.1962936373335313, 0.53988069295883179 0.039429675787687302  0.17438492178916931, 0.49070903658866882 -0.48246484994888306  0.51326102018356323  0.51283079385757446,-0.017995785921812057  -0.13181450963020325  0.017752796411514282,-6.4023632148746401e-05    -0.99064970016479492  0.00011112247011624277,  0.25313460826873779 -0.011348629370331764  0.063605576753616333 -0.011348629370331764   0.23860999941825867  0.024170095100998878  0.063605576753616333  0.024170095100998878    0.1719694584608078,    0.39843650616955273    -0.46633960728126311     0.80436453586152368      0.4865167616792121 -8.1419386788184056e-05   -0.059121644026660647                       0,0.12273634970188141
IIWA_14,1715860375.6208584,  0.5785741104182186    1.229602148032805 -0.18158617420720197  -1.3821480285806793  -1.0789301808152394   1.7402810103968143 -0.56113059163300338, -0.0032535453033190687  0.00039808630358264619    -0.38232830086101843    -0.30245768601574941 -0.00034171245214070111    -0.25765590337270916   0.0032216426856544909,  11.039017974853516    63.43834537506104   12.342900978088378   -7.416225734710693   1.4279681015014649  -1.5723041572570802 -0.17655463790893555,-34.384240581349907  3.9852570236941554 -15.380546232226141 -9.6857061913011933 0.51891800941189681 -1.8013509600514312  1.2764690972136286, 0.53976273536682129 0.038310006260871887  0.17447613179683685, 0.49040555953979492 -0.48207658529281616  0.51342296600341797  0.51332384347915649,-0.019345711916685104   -0.1502736508846283  0.018157931044697762,-5.0117370847146958e-05    -0.99069392681121826  9.3982627731747925e-05,  0.25315472483634949 -0.011154551990330219  0.063631489872932434 -0.011154551990330219   0.23875844478607178  0.023865543305873871  0.063631489872932434  0.023865543305873871   0.17184346914291382,    0.39113312347183182    -0.45987876557695984     0.79272867924551349     0.47943973248543159  0.00070449050859622275   -0.061331115452922802 -3.5527136788005009e-12,0.13953810930252075
IIWA_14,1715860375.6258271, 0.57853743865080653   1.2296023877974109 -0.18448156297160689  -1.3844093320283515  -1.0789347827248781   1.7379597259823205 -0.56108187578475555, -0.0040697069391379135  0.00032805962710400101    -0.42167819126501183    -0.33241828671948631 -0.00045744634726018775    -0.29897609927791741   0.0045259480784371059,  12.649089096069337   63.471781356811526   11.934249061584472  -6.7293141250610349   1.1321621322631836  -1.5289164390563965 -0.16921210098266601,-33.851110334419047  3.7578123811869362 -14.819429501225567 -9.3814452193036804 0.44840438399489191 -1.8209346911453548  1.3604647741311153, 0.53964310884475708 0.037092693150043488  0.17455793917179108,0.49011027812957764 -0.4816664457321167 0.51358449459075928 0.51382905244827271,-0.020546184852719307  -0.16896067559719086  0.018172387033700943,-3.7024579796707258e-05    -0.99074286222457886  7.8798097092658281e-05,   0.2531777024269104 -0.010942152701318264  0.063658304512500763 -0.010942152701318264   0.23891609907150269  0.023531287908554077  0.063658304512500763  0.023531287908554077   0.17170897126197815,    0.38317597033010742    -0.45281740519254043     0.78003587235730976     0.47171059404504945   0.0015446335481783535   -0.063563804494570775 -8.8817841970012523e-13,0.15651431679725647
IIWA_14,1715860375.6308403, 0.57852743180554023    1.229601788604062 -0.18759158916401281   -1.386787601442923  -1.0789510813075649    1.735432792258224 -0.56101626220410539,-0.0036560393619626606 0.00023847996772568132   -0.46174360070824599   -0.36106540595845033 -0.0010179003852806858   -0.34025822838619446  0.0062453016887560444,   14.32088818359375    63.39976539611817   13.750330440521241  -7.1460315399169918   1.2853473663330077  -1.6757671775817871 -0.19357597351074218,-33.313877038070899  3.5213136576066297 -14.261576218551189 -9.0804232622254482 0.37459732036735249  -1.816051500145327   1.447680085047228, 0.53953051567077637 0.035770907998085022  0.17461960017681122, 0.48984146118164062 -0.48124155402183533  0.51374340057373047  0.51432442665100098,-0.021292310208082199  -0.18810801208019257  0.017452239990234375,-2.5831614038906991e-05     -0.9907955527305603  6.4737811044324189e-05,  0.25320297479629517 -0.010708549991250038  0.063686594367027283 -0.010708549991250038   0.23908296227455139  0.023162500932812691  0.063686594367027283  0.023162500932812691   0.17156688868999481,    0.37446876181501665    -0.44506867325821986     0.76612546315146801     0.46323771117595669   0.0024480818998640075   -0.065721974282340057 -1.7763568394002505e-12,0.17382135987281799
IIWA_14,1715860375.6358311, 0.57853360372610751   1.2296025675663238  -0.1908325429755863  -1.3893068653176215  -1.0789531905379661   1.7326147017265623 -0.56086987489475593, -0.0026779546668785955  0.00022194246465273907    -0.49903303302953655    -0.38962287975469923 -0.00089868952427358921    -0.38493020397542399    0.010851733724983256,  14.637244010925293   63.942457099914556    15.23841488647461  -7.7643864135742184   1.3575381088256835  -1.7224924125671386 -0.25064751052856443,-32.768512417970726  3.2887667722298639 -13.676627654337604 -8.7803286450864118 0.30150512965122611 -1.8092060771037146  1.5344547987332309, 0.53942269086837769 0.034341681748628616  0.17468537390232086, 0.48956096172332764 -0.48079732060432434  0.51392018795013428  0.51483011245727539,-0.02176801860332489 -0.20774038136005402 0.017127431929111481,-1.6811029126984067e-05    -0.99085158109664917   5.292311470839195e-05,  0.25322708487510681 -0.010454476810991764  0.063718497753143311 -0.010454476810991764   0.23925963044166565  0.022759780287742615  0.063718497753143311  0.022759780287742615   0.17141935229301453,   0.3650403412933656   -0.4366558653252639   0.75102121762338214   0.45405405170395596 0.0034286114312109817 -0.067951838086166561                     0,0.19160789251327515
IIWA_14,1715860375.6408277, 0.57853216557480391   1.2296032865328925  -0.1941638579366895  -1.3919747935018449  -1.0789576008104529   1.7295448226884413 -0.56056397747266051, -0.0021998897856469178  0.00020631263447117568    -0.53247902486775722    -0.41841543117269764 -0.00089536251888949628    -0.43073932470517717    0.020917283863803149,  13.947948387145997   64.240808937072757   15.501887832641602  -8.3356925468444825   1.5388953399658203  -1.4788536872863769 -0.25265002059936525,-32.255280537805668   3.072658051075829 -13.088233810367175 -8.4998784560235841 0.23624250443820882 -1.7990995218219348  1.6175858339219644, 0.53932434320449829 0.032831195741891861  0.17476041615009308,0.48927232623100281 -0.4803331196308136  0.5141260027885437 0.51533204317092896,-0.021838316693902016  -0.22671335935592651  0.017326982691884041,-9.385562407260295e-06   -0.99091088771820068 4.3465570342959836e-05,  0.25324892997741699 -0.010181915014982224   0.06375393271446228 -0.010181915014982224   0.23944318294525146   0.02232837863266468   0.06375393271446228   0.02232837863266468   0.17126961052417755,    0.35497402345097129    -0.42771102698235808      0.7349066169100027     0.44429029399584152   0.0045200135803113994    -0.07021363591341867 -1.7763568394002505e-12,0.20882059633731842
IIWA_14,1715860375.6458282, 0.57852623341884257   1.2296059830665869 -0.19759392286328895  -1.3948010331939504  -1.0789574089987681   1.7262230951481687 -0.56005806346387421,-0.0019971980669711833  0.0002729114553503486   -0.56318581695818359   -0.44778193262237781 -0.0007086175477212898   -0.47746056137504578   0.036970387442494569,   12.91143295288086   65.436788284301755   14.289374580383301  -8.6233619880676269   1.5063214683532715  -1.7291674461364746 -0.22795239639282228,-31.789193431652457  2.8542480453501948 -12.553485798226923 -8.2423180915190457 0.16653336631331728 -1.7590134088317957  1.6961977881450292, 0.53922379016876221 0.031254883855581284  0.17480134963989258, 0.48902314901351929 -0.47987347841262817  0.51433497667312622  0.51578807830810547,-0.022052636370062828  -0.24454861879348755  0.016206257045269012,-3.7265144783305004e-06    -0.99097359180450439  3.7136931496206671e-05,   0.25327715277671814 -0.0098913321271538734   0.063786476850509644 -0.0098913321271538734    0.23962989449501038     0.0218692347407341   0.063786476850509644     0.0218692347407341      0.171113520860672,    0.34430126478746104    -0.41826182971949066     0.71784563805188384     0.43395618288855076   0.0056704231452542331   -0.072282371682774738 -2.6645352591003757e-12,0.22494496405124664
IIWA_14,1715860375.6508291, 0.57851143291770257    1.229620603798814 -0.20117768541080985  -1.3977576613075677  -1.0789756250001712   1.7226489799080882 -0.55933954926265628,-0.0021897784991769414 0.00080315845336559907   -0.59389915546738314   -0.47649067064259421 -0.0012955340942994191   -0.52493305870325879   0.058316878002713041,  11.260209854125977   65.807156082153327   12.049854537963867  -6.9417055816650395   1.1753005027770995  -1.5449365196228027 -0.20559103393554687, -31.354188224556026   2.6393967969530592  -12.064089584007705   -8.005493944419575 0.095800778823712296  -1.7019488534426739    1.760773165773946, 0.53911310434341431 0.029612137004733086  0.17480824887752533, 0.48879271745681763 -0.47943335771560669  0.51455968618392944  0.51619148254394531,-0.022703763097524643  -0.26149731874465942  0.014026361517608166,8.5916394709784072e-07   -0.99103879928588867 3.1494982977164909e-05,   0.25331491231918335 -0.0095848441123962402   0.063813671469688416 -0.0095848441123962402    0.23981823027133942   0.021385611966252327   0.063813671469688416   0.021385611966252327    0.17094932496547699,  0.33310348225956687  -0.40836351880546573   0.69997645735231373   0.42311084079305061 0.0068592915729581705 -0.074194589487319718                     0,0.24026823043823242
IIWA_14,1715860375.6558304, 0.57847745757490165   1.2296236597612511 -0.20497093230171526  -1.4007744502660029   -1.079004770602416   1.7188170239051181  -0.5584060380956114,-0.0031108365113782805 0.00076476526017664101   -0.62684920001012268   -0.50186409485148165 -0.0022022513652300256   -0.57322468708140861   0.083993949083965472,  9.8276066360473635   64.834940612792977   11.522908645629883  -7.0519340591430666   1.1409658813476562  -2.0729316749572755 -0.21827359771728516,  -30.93999868112747    2.430172698166301  -11.604397736960085  -7.7864362665157154 0.022329949561694207  -1.6319004016127867   1.8089076808203184, 0.53898769617080688 0.027899511158466339  0.17478121817111969, 0.48856902122497559 -0.47902098298072815  0.51480871438980103  0.51653766632080078,-0.023894133046269417  -0.27787512540817261  0.011005417443811893,4.3685513446689583e-06   -0.99110507965087891 2.6145658921450377e-05,   0.25336289405822754 -0.0092620700597763062   0.063834987580776215 -0.0092620700597763062    0.24000808596611023   0.020876297727227211   0.063834987580776215   0.020876297727227211    0.17077645659446716,   0.32137071604942946    -0.3979978963091213    0.68126502419829649    0.41173581725306718  0.0080802132025326046  -0.075971519152950862 4.4408920985006262e-12,0.25511550903320312
IIWA_14,1715860375.6608365, 0.57842442738182598   1.2296248581479488 -0.20894615965590449  -1.4038899293033242  -1.0790218362573092   1.7147173405035447 -0.55721252904780472,-0.0046098769321296657 0.00065974767604747009   -0.66048845417566737   -0.52611043737403906 -0.0024444272879133614   -0.62256708572806319    0.11493552117943977,  10.300854377746582   64.989260528564458   13.283875785827636  -7.1984572792053223   1.5019195938110352  -1.6393882446289063 -0.22828614807128905,  -30.526258873153168    2.2390143368763713   -11.132975431165129   -7.5890872639919467 -0.045457609592271631   -1.5545941856292691    1.8358437389203925, 0.53886449337005615 0.026101130992174149   0.1747354120016098, 0.48832562565803528 -0.47863933444023132  0.51510775089263916  0.51682347059249878,-0.024848798289895058  -0.29442885518074036 0.0079298447817564011,7.8534212661907077e-06   -0.99117201566696167 2.4114247935358435e-05,   0.25341534614562988 -0.0089209293946623802    0.06385447084903717 -0.0089209293946623802    0.24020053446292877   0.020337538793683052    0.06385447084903717   0.020337538793683052    0.17059880495071411,   0.3090311983209304  -0.38709015130766744   0.66158476400790533   0.39977173897565166 0.0093673798593485458  -0.07767676779835142                     0,0.27014541625976562
IIWA_14,1715860375.665827, 0.57837025868866265   1.2296213228744657 -0.21303433828338117  -1.4071177005339746   -1.079029601925283   1.7103722799534364 -0.55578628645289707,-0.0058546492722367574 0.00038638720151523687    -0.6919179084396011    -0.5499991991252442 -0.0022661685492819015   -0.67185609058678275    0.14899812073985763,  10.089950492858888   64.166220977783212   13.580954975128174  -8.7026727218627933   1.2897492408752442  -2.0432277755737305 -0.23896620178222655, -30.103724932400084   2.1009115713999202  -10.617280776097868  -7.4382304241784842 -0.10083626740482643  -1.4719037432190158    1.829490272521459, 0.53877359628677368 0.024209009483456612  0.17470109462738037, 0.48803257942199707 -0.47832468152046204  0.51547533273696899  0.51702505350112915, -0.02440987154841423  -0.31143933534622192 0.0060248854570090771,1.2388784853101242e-05   -0.99123942852020264 2.5070179617614485e-05,   0.25345855951309204 -0.0085636060684919357   0.063881143927574158 -0.0085636060684919357    0.24039480090141296   0.019766863435506821   0.063881143927574158   0.019766863435506821    0.17042946815490723,  0.29616638730622924  -0.37559374426887615   0.64090913507808267   0.38721668247276853  0.010683843695957762 -0.079315503074717242                     0,0.28554433584213257
IIWA_14,1715860375.6708565,  0.5782789389170413   1.2296221018367275 -0.21722947614157398  -1.4105117528822038  -1.0790355461676493   1.7057771685903056  -0.5541129891207941,-0.0083365102826436673 0.00034026825168438353   -0.72133984107939331   -0.57576145322936356 -0.0020507045340786884   -0.72128932699465997    0.18613038987600508,  9.9639225616455089   64.413132843017578   14.167047855377197  -9.4339445724487305   2.0512735366821291  -1.6637521171569825 -0.18456467819213868, -29.672236557762442   1.9911899842862499   -10.07940682333401  -7.3150959618153228 -0.15761598259998788  -1.3819376270219537   1.7955246407876464, 0.53869444131851196 0.022223170846700668  0.17465957999229431,0.48769587278366089 -0.4780811071395874 0.51590085029602051  0.5171436071395874,-0.023693155497312546  -0.32881534099578857 0.0043143006041646004,1.9062832507188432e-05   -0.99130779504776001 2.9109945899108425e-05,   0.25349953770637512 -0.0081897089257836342   0.063910089433193207 -0.0081897089257836342    0.24058996140956879   0.019163791090250015   0.063910089433193207   0.019163791090250015    0.17026293277740479,  0.28276802269999735  -0.36350691451492168   0.61922931051583419   0.37405483691888008  0.011997817960462953 -0.080877005951940362                     0,0.30128178000450134
IIWA_14,1715860375.6758287, 0.57813626675917085   1.2296235398789481 -0.22153079426822114  -1.4140748426592331  -1.0790412985983311   1.7010303369552129 -0.55217543955879445, -0.012376094540932907 0.00032973629017295279   -0.74912459792940123    -0.6031327536646649 -0.0018706608545346925   -0.76690472699943635    0.22640629438079016,  11.255065856933594   65.004692520141603   12.445063957214355  -9.7605972557067879   1.2395678710937499  -1.7942490234374999 -0.20091851043701173,  -29.27293093556376   1.8971839950820386  -9.5693616276999371   -7.216820625328725 -0.21701327925029057   -1.282031336173699   1.7455562885427511,  0.5386124849319458 0.020173551514744759  0.17459869384765625, 0.48734766244888306 -0.47789156436920166  0.51636660099029541  0.51718223094940186,-0.023324424400925636  -0.34528589248657227 0.0022601429373025894,2.7412421331973746e-05   -0.99137675762176514 3.5131324693793431e-05,   0.25354474782943726 -0.0078017204068601131   0.063936091959476471 -0.0078017204068601131    0.24078264832496643   0.018535453826189041   0.063936091959476471   0.018535453826189041    0.17009620368480682, 0.26893199419664171 -0.35098843768288646  0.59678202747637243  0.36042430061389297 0.013323332543890842 -0.08229358628053518                    0,0.31623205542564392
IIWA_14,1715860375.6808279,  0.5779541065269741   1.2296252176857747 -0.22598784725135915  -1.4177799456232574  -1.0790767718917791   1.6960522697018494 -0.54998364461216442, -0.017187284920616268 0.00033090130520169224   -0.77758179766904123   -0.63071032149270256 -0.0029154604215476023   -0.81264647173408799    0.26879683336983295,  11.296217834472657   65.413640296936038   12.310638984680176  -6.4765951766967778    1.319681987762451  -1.6373857345581055 -0.19357597351074218, -28.854720964038272   1.7936481411001219  -9.0663018994066107  -7.1089189673798421 -0.28783451480435085  -1.1802558623368915   1.6868731362576608, 0.53851044178009033 0.018031038343906403  0.17450881004333496, 0.48698389530181885 -0.47774764895439148  0.51685857772827148  0.51716643571853638,   -0.02395610511302948    -0.36219626665115356 -0.00044634100049734116,3.4581869840621948e-05   -0.99144607782363892  4.008276664535515e-05,  0.25360062718391418 -0.007397674024105072  0.063955165445804596 -0.007397674024105072   0.24097371101379395  0.017877545207738876  0.063955165445804596  0.017877545207738876   0.16992272436618805,   0.25459002430228139   -0.33793746359656041     0.5734374099946038    0.34622070106138381    0.01462757808301518  -0.083638065667912542 8.8817841970012523e-13,0.33165884017944336
IIWA_14,1715860375.6858532, 0.57773275787166689   1.2296218021855116 -0.23056360411299914   -1.421468270519016  -1.0791076432755884   1.6909013898725138 -0.54754347665933856, -0.022603774148781314 0.00012810103363896134    -0.8050957126008329   -0.65210125302450828 -0.0035672236896103038   -0.85615237056069438    0.31264418480890105,   13.112048843383789    64.107065010070798    12.945124855041504   -6.1069265022277834    1.0749377632141113   -2.2711801719665528 -0.080100402832031251, -28.401623249354842    1.689392630266461  -8.5446756032063043  -6.9826667592424707 -0.36898467650348898  -1.1020953963454425   1.6165888149558438,  0.5383753776550293 0.015789151191711426   0.1744115948677063, 0.48656222224235535 -0.47764942049980164  0.51738482713699341  0.51712781190872192,-0.025916337966918945  -0.37971192598342896 -0.002805252792313695,4.1858744225464761e-05   -0.99151450395584106 4.5713237341260538e-05,   0.25366687774658203 -0.0069808689877390862   0.063967198133468628 -0.0069808689877390862    0.24116279184818268   0.017193038016557693   0.063967198133468628   0.017193038016557693    0.16974252462387085,   0.23985822037619897   -0.32440818377921232    0.54932229363213736    0.33151799982178431   0.015874598713772059  -0.085085486595026794 1.7763568394002505e-12,0.34773248434066772
IIWA_14,1715860375.6908522, 0.57749529044621906   1.2296255173369905 -0.23521905608986066  -1.4251867957194866  -1.0791500195207608   1.6855207125762113 -0.54486038843614937, -0.027581716336938445 0.00025108688606717805   -0.83029464915512685   -0.67042201043842897 -0.0045488287585861847   -0.90014898830065704    0.35743887677468844,  12.625941108703614   65.086996475219735   15.040810176849366  -6.7199043769836422    1.147128505706787  -1.6680908889770507 -0.11981685256958008, -27.927165668957787   1.5990386657849009  -7.9950800886522995  -6.8621935223456854 -0.44840587798033571  -1.0273369635429828   1.5311727244035902, 0.53823482990264893 0.013442615978419781  0.17431138455867767,  0.4860956072807312 -0.47759786248207092  0.51796460151672363  0.51703381538391113, -0.027845548465847969   -0.39792197942733765 -0.0047022951766848564, 5.069960025139153e-05   -0.99158239364624023 5.3624022257281467e-05,   0.25373783707618713 -0.0065470179542899132   0.063975989818572998 -0.0065470179542899132    0.24134930968284607   0.016476932913064957   0.063975989818572998   0.016476932913064957    0.16956149041652679,   0.22459162967169988   -0.31031850780482984    0.52425142956646908    0.31622805320807856   0.017137146163470618   -0.08653712398132285 8.8817841970012523e-13,0.36444321274757385
IIWA_14,1715860375.6958523, 0.57722972005640472   1.2296248581479488 -0.23988799029886151  -1.4290064078813218  -1.0791656468498174   1.6800303197379713 -0.54193959313198925, -0.032688188662124362 0.00017450194718189517   -0.85099308768413584   -0.68912209482415276 -0.0042641561691320606   -0.93973490417012295    0.40278291358615548,  11.882633514404297   64.940392555236826   14.664420253753661  -9.9165302238464363     1.70000394821167  -2.1183219032287597 -0.26199506759643554, -27.489760499570078   1.5686215976705109  -7.4495853463550183  -6.8055307472231572 -0.51851379116985363 -0.94859631910354203   1.4132705760706292,0.53812235593795776 0.01103580929338932 0.17422209680080414, 0.48557001352310181 -0.47764578461647034  0.51860398054122925  0.51684248447418213, -0.028375826776027679   -0.41490307450294495 -0.0057022348046302795,6.3399689679499716e-05   -0.99164950847625732 6.5831613028421998e-05,   0.25379934906959534 -0.0061061689630150795   0.063989758491516113 -0.0061061689630150795    0.24152839183807373   0.015740105882287025   0.063989758491516113   0.015740105882287025    0.16939577460289001,  0.20914499939461706  -0.29589021380971303   0.49865344759503216    0.3006403786365297  0.018336860462930815 -0.087902925176130964                     0,0.37993904948234558
IIWA_14,1715860375.7008297, 0.57692597986126481   1.2296286331860378 -0.24460390255359057  -1.4330520425811182  -1.0791804114626247   1.6743309219764759 -0.53880362109308932, -0.038300158735295534  0.0002906030813061394   -0.86943096033647116    -0.7131230638511763 -0.0040019094475956425   -0.97976383379591514    0.44766521242492141,   9.457238838195801   66.311267807006843   12.498833946228027   -10.63032682800293   1.6524637031555176  -1.8383042449951172 -0.20091851043701173, -27.109666577332561   1.5659825971597863  -6.9464550210203555  -6.7967642473154521 -0.58389813227341802 -0.84943571559746811   1.2767636733040482,  0.53802591562271118 0.0085828136652708054   0.17411498725414276, 0.48503285646438599 -0.47776758670806885  0.51929128170013428  0.51654410362243652, -0.028258541598916054   -0.43033877015113831 -0.0071415700949728489,8.1582998973317444e-05   -0.99171578884124756 8.1428333942312747e-05,   0.25386086106300354 -0.0056550474837422371   0.064001880586147308 -0.0056550474837422371    0.24169875681400299   0.014983035624027252   0.064001880586147308   0.014983035624027252    0.16923815011978149,   0.19340608341522625   -0.28114700366366208    0.47249736485088789    0.28473283799090865   0.019539529275469647  -0.089060815191110976 1.7763568394002505e-12,0.39399522542953491
IIWA_14,1715860375.7058301, 0.57655884308995697   1.2296352245310409  -0.2494153291515489  -1.4372592245201465  -1.0791938337427043   1.6685538065578014 -0.53547841816594355, -0.045325597840550069 0.00049613626517040776   -0.88800183218751017   -0.73878572864207548 -0.0037384187612609673    -1.0148956837837138    0.49114028702576817,  8.5313193435668957   65.282468368530274   11.979953552246094    -7.65281368637085    1.660387077331543  -2.1056393394470216 -0.12015060424804687, -26.759082887763462   1.5643644870205966  -6.4896012444439615  -6.7886564244175762 -0.66397321010113863 -0.76143342591347807    1.134502584350642,  0.5378953218460083 0.006087164394557476  0.17399133741855621, 0.48446771502494812 -0.47795039415359497  0.51999276876449585  0.51619952917098999, -0.029639365151524544   -0.44439300894737244 -0.0088952444493770599,0.00010295853280695155    -0.9917793869972229 9.9352291726972908e-05,   0.25393268465995789 -0.0051996856927871704   0.064005054533481598 -0.0051996856927871704    0.24185977876186371   0.014211984351277351   0.064005054533481598   0.014211984351277351     0.1690794825553894,  0.17757983902910723  -0.26620242272379357   0.44602269201465816   0.26862430134411142   0.02064290560532811 -0.090183658697284841                     0,0.4068920910358429
IIWA_14,1715860375.7108266, 0.57612824996495426    1.229631749144168 -0.25432754316873907  -1.4414447150708991  -1.0792378399508653   1.6626158627573804 -0.53199364523944193, -0.053484203272548436 0.00025789353721820127   -0.90689002643761474   -0.75844820494376319 -0.0047509833354499459    -1.0494342990438112    0.53230314668067946, 9.0920150375366209  63.937313102722172  11.856282577514648 -5.5141123733520505 0.64355405807495114 -1.9778124465942384 0.02970389938354492, -26.380097117809754   1.5195616557777416  -6.0523992090537968  -6.7323448165117279 -0.76781387720809136 -0.67636036701914115   1.0056168026864394,  0.53770750761032104 0.0035058425273746252   0.17383015155792236,  0.4839070737361908 -0.47815343737602234  0.52068763971328735  0.51583677530288696,-0.033192496746778488  -0.45906683802604675 -0.011714869178831577,0.00012233371671754867   -0.99183982610702515  0.0001162677799584344,   0.25402647256851196 -0.0047310995869338512   0.063992112874984741 -0.0047310995869338512    0.24201337993144989   0.013414660468697548   0.063992112874984741   0.013414660468697548    0.16890822350978851,  0.16135345710655002  -0.25081811995963932   0.41878612265122683   0.25203156317665787  0.021694112797732146 -0.091277197334704852                     0,0.42051991820335388
IIWA_14,1715860375.7158267, 0.57563821496170264   1.2296327677619527 -0.25931837357858989  -1.4455932343121065  -1.0793082112772399    1.656553043376056 -0.52837746527364371, -0.062388762748103593 0.00024705954116604372    -0.9251452375441247   -0.77269933360330678 -0.0066156397233420369    -1.0820602144880234    0.57048971597647224,   10.444886299133302    64.521156784057624    13.437120254516602    -6.428202186584473    1.3258446121215821   -2.0499028091430662 -0.014351322174072265, -25.945326088922197   1.4649833781231481  -5.5742635124571276  -6.6352049039757448 -0.88667369389973993 -0.62702596385051157  0.87962730922412158,   0.53747135400772095 0.00082404329441487789    0.17367726564407349, 0.48328050971031189 -0.47838562726974487  0.52139377593994141  0.51549553871154785,-0.038137216120958328  -0.47481858730316162 -0.013542466796934605, 0.0001418670144630596   -0.99189704656600952 0.00013637793017551303,   0.25413179397583008 -0.0042539630085229874   0.063969865441322327 -0.0042539630085229874    0.24215961992740631   0.012593288905918598   0.063969865441322327   0.012593288905918598    0.16873288154602051,   0.14488506710552684   -0.23502834985666965    0.39090253893636628    0.23504622703462985   0.022638371324212869  -0.092592031558424992 8.8817841970012523e-13,0.43522566556930542
IIWA_14,1715860375.720856, 0.57509988353463903   1.2296341459175633 -0.26431417752231046  -1.4498222875174072  -1.0793690911540761    1.650340960491858 -0.52462957872641613, -0.071444267281027263 0.00025277385735366666   -0.93994834778412251   -0.78732159509467137 -0.0077277068521227664     -1.114131486958341     0.6063072346702808,  10.192830436706544   65.562816215515141   13.496267242431641  -9.7041387672424317   1.5529813385009765  -2.1997573127746581 -0.18756844329833985, -25.528687669428304   1.4623468854399344  -5.0872028095438644  -6.5908465928900739 -0.99059319336174667 -0.57130954892705033  0.73312554923022277,   0.53726458549499512 -0.0019231474725529552    0.17354221642017365, 0.48261424899101257 -0.47869375348091125  0.52213782072067261  0.51508039236068726,-0.041044171899557114   -0.4900219738483429 -0.014227339066565037,0.00016948298434726894     -0.991951584815979 0.00016271846834570169,   0.25422871112823486 -0.0037706443108618259   0.063951030373573303 -0.0037706443108618259     0.2422945648431778   0.011752700433135033   0.063951030373573303   0.011752700433135033    0.16857503354549408,  0.12825775049574162  -0.21893485964241677   0.36253302762112583   0.21780383885339205  0.023525482087727312 -0.093830964683405682                     0,0.44927200675010681
IIWA_14,1715860375.7258286, 0.57452332252472282   1.2296419956449571 -0.26930956204159517   -1.454254053952176  -1.0794367779895282    1.644058769804186 -0.52076065152298423, -0.080217854221470208 0.00051620818163779637   -0.95177405899868672   -0.80712793346649059 -0.0088896388997825176    -1.1425928170735526    0.63980287587350082,   9.8173186416625988    66.169807884216311    13.314793529510498   -10.778194297790527    2.0680006599426268    -1.381731948852539 -0.071422859191894533, -25.139734301598143   1.4964226576468915  -4.6062404700909143  -6.5875337585887266  -1.0850965103058292 -0.51263409388505465   0.5732420078892031,    0.5370820164680481 -0.0047242077998816967    0.17342044413089752, 0.48191255331039429 -0.47906702756881714  0.52291125059127808  0.51460558176040649,-0.042513106018304825   -0.5043216347694397 -0.014189937151968479,0.00021257753542158753   -0.99200338125228882 0.00020175133249722421,   0.25431898236274719 -0.0032828387338668108   0.063934139907360077 -0.0032828387338668108    0.24241727590560913   0.010896584950387478   0.063934139907360077   0.010896584950387478    0.16843348741531372,   0.11152593331242855   -0.20261088890993761    0.33378749722867695    0.20037934026895243   0.024352974704378028  -0.095016360674549105 2.6645352591003757e-12,0.46237117052078247
IIWA_14,1715860375.73083, 0.57389924405325643   1.2296487667588734 -0.27432681771806888  -1.4588299904736459  -1.0795226810009162   1.6377587826486297 -0.51681838078472808, -0.089137422235831917 0.00068381110195928963   -0.96210947425789772   -0.82873980763198951  -0.010547831575346011    -1.1660737398810919    0.66953313022904659,  8.482451370239259  65.346768333435065  12.205787506103515 -6.5922006530761719  1.1356836318969727 -2.2334662322998047 0.15118951034545899, -24.773998467117512   1.5172119201512022  -4.1775738742462405  -6.5791949575440052  -1.1952204948128395 -0.44667398627332533  0.41962151077464815,    0.5368732213973999 -0.0075725358910858631    0.17327554523944855, 0.48122027516365051 -0.47948506474494934  0.52366667985916138  0.51409560441970825,-0.044867761433124542  -0.51763570308685303 -0.015040933154523373, 0.0002703778154682368   -0.99205142259597778 0.00024684501113370061,    0.2544194757938385 -0.0027910878416150808   0.063907578587532043 -0.0027910878416150808    0.24252691864967346   0.010025215335190296   0.063907578587532043   0.010025215335190296    0.16829389333724976, 0.094703723890532387  -0.18606707951906998   0.30466883252167065    0.1827528988123106  0.025073751948490042 -0.096097465934086301                     0,0.47466734051704407
IIWA_14,1715860375.7358284, 0.57319103623943768   1.2296473884941796 -0.27940063886110128  -1.4633348606786332  -1.0797234406397196   1.6312805900678786 -0.51282619581152644, -0.099638250341415574 0.00049191829381912294   -0.97264042512761417   -0.84318665430508144  -0.016468650812412562    -1.1919866951349178    0.69531390311130292,   9.2617669448852542    64.245952934265134    11.798479839324951   -4.7720865249633793    1.1779416275024415   -2.3819857292175293 -0.046057731628417968,  -24.39540349104751   1.4914153764033231  -3.7754115353049524   -6.510260159047613  -1.3286604485273696 -0.40353684316264715  0.28877551276555935,  0.53658860921859741 -0.010484397411346436   0.17311203479766846,0.48052394390106201 -0.4798947274684906 0.52439451217651367 0.51362264156341553,-0.04994824156165123 -0.53080880641937256 -0.01640341617166996,0.00032702079624868929   -0.99209499359130859 0.00029049807926639915,   0.25454378128051758 -0.0022939422633498907    0.06386207789182663 -0.0022939422633498907    0.24262459576129913  0.0091377580538392067    0.06386207789182663  0.0091377580538392067    0.16814260184764862, 0.077735779240306613  -0.16928821883244183   0.27512388814354694   0.16488028329497695  0.025712546774414591 -0.097292293382622574                     0,0.48708024621009827
IIWA_14,1715860375.7408309, 0.57243045742158516   1.2296478679143086 -0.28450615834675919  -1.4677778322362829  -1.0800180607695695   1.6247291738346064 -0.50881933011040481,  -0.11013375298723325 0.00041271144021247114   -0.98233311952840763   -0.85226818575005403  -0.024959725843927322     -1.215646005438825    0.71652575053390766,  9.6141307525634776   65.063848487854003   12.492112697601318  -7.0196720657348637   1.3804278564453125  -1.7028010635375976 -0.17188211441040038, -24.003876030391499   1.4476134502334697  -3.3741344550618111  -6.4024851271386956  -1.4726955728792066 -0.39010111177102758  0.17383671479001417,  0.53624558448791504 -0.013458677567541599     0.172956183552742, 0.47980201244354248 -0.48029810190200806  0.52510291337966919  0.51319652795791626,-0.056502692401409149  -0.54381728172302246  -0.01712661050260067,0.00038191620842553675   -0.99213379621505737 0.00033273000735789537,   0.25468367338180542 -0.0017940461402758956   0.063802942633628845 -0.0017940461402758956    0.24270963668823242  0.0082368766888976097   0.063802942633628845  0.0082368766888976097    0.16798734664916992,    0.06070772267641189     -0.1523216490761925     0.24524657510660575     0.14683727052844375    0.026262947667277103   -0.098668520307931828 -8.8817841970012523e-13,0.49949026107788086
IIWA_14,1715860375.7458324, 0.57163865968123606   1.2296571556839231 -0.28959831548258075  -1.4723432827105238  -1.0803810389885018   1.6181709266008077 -0.50481989460315801,  -0.11977891200375054 0.00070167993675028582   -0.98955278105558864   -0.86443256756968134  -0.034486909432432863    -1.2348466937030045    0.73319802071699802,  9.7967426528930677   66.650771621704109   13.148106563568115  -10.939504264831543   1.8778396797180175  -2.1273331985473631 0.014017570495605468, -23.645971575960353   1.4559925148294111  -2.9793028106352413   -6.363439270756774  -1.5821680058582879 -0.35164225126342075 0.043394679299932015,  0.53595781326293945 -0.016483979299664497   0.17281630635261536, 0.47909021377563477 -0.48074296116828918  0.52583837509155273  0.51269173622131348,-0.059653080999851227  -0.55623441934585571 -0.017045412212610245,0.00045065823360346258   -0.99216848611831665 0.00038613259675912559,   0.25481456518173218 -0.0012879896676167846   0.063746683299541473 -0.0012879896676167846    0.24277937412261963  0.0073226010426878929   0.063746683299541473  0.0073226010426878929    0.16785329580307007, 0.043500003037877377  -0.13516359737941741   0.21499545085035265   0.12863342071334216  0.026849309088028406 -0.099849348639935442                     0,0.51104742288589478
IIWA_14,1715860375.7508595, 0.57078658132284921   1.2296814237235905 -0.29465434015772901  -1.4771284039241621  -1.0807892697552142    1.611506978518684 -0.50083310258826197,  -0.1299062639384746 0.0015320655360952068  -0.99388321185040152  -0.88295090260127618 -0.043918758214441078   -1.2544352782473549   0.74603009716944024,  8.8733951568603526    66.85138751220704   13.917017406463623  -8.5144777603149411    1.832940559387207  -2.1763946952819824 0.014351322174072265,  -23.340798832370364    1.4983754933683873    -2.604116290472585   -6.3683958000557022   -1.6682249657523935  -0.30981147166748624 -0.091356086920816759,   0.5357019305229187 -0.019536498934030533   0.17269852757453918, 0.47837796807289124 -0.48120376467704773  0.52659374475479126  0.51214891672134399, -0.06098547950387001  -0.56722432374954224 -0.016084045171737671,0.00055056612472981215     -0.992198646068573 0.00045624439371749759,   0.25494030117988586 -0.0007794430130161345   0.063690356910228729 -0.0007794430130161345    0.24283386766910553  0.0064022690057754517   0.063690356910228729  0.0064022690057754517    0.16773636639118195,  0.026230851667641275   -0.11795617313481443    0.18458994249570537      0.110404117999785    0.02747116776991021   -0.10095747530414201 1.7763568394002505e-12,0.52111464738845825
IIWA_14,1715860375.7558281, 0.56989094020083109   1.2296920896488157 -0.29967513110768573  -1.4819098100954047  -1.0812980719784799   1.6047849668230045 -0.49689137115674475, -0.13975065603150449  0.001652289437886188  -0.99593820747859008  -0.89761696893072351 -0.055487095502183649   -1.2724286904250612   0.75449333499624083,   9.9073385925292978    63.703261230468755    12.408769214630126   -5.5705708618164058    1.2888688659667968   -1.9414335136413574 -0.021026355743408203, -23.048583722745278   1.5037074620521644  -2.2585394918902804  -6.3270388392461303  -1.7623131396188665 -0.29043609217084976  -0.1991862892239038,  0.53539663553237915 -0.022626509889960289   0.17258396744728088, 0.47767895460128784 -0.48161950707435608  0.52732431888580322  0.51165860891342163,-0.064148157835006714  -0.57748121023178101 -0.015155819244682789,0.00068051530979573727   -0.99222326278686523 0.00053661310812458396,    0.25508350133895874 -0.00026849482674151659    0.063618429005146027 -0.00026849482674151659     0.24287395179271698   0.0054747303947806358    0.063618429005146027   0.0054747303947806358     0.16761495172977448,  0.0088964368147870232    -0.10067863722351689     0.15398410690981024    0.092095279704551558    0.028098150345101658    -0.10218287612229204 -2.6645352591003757e-12,0.53070425987243652
IIWA_14,1715860375.7608278, 0.56894532495725758   1.2296904718376822 -0.30470425120516531  -1.4866087647311212  -1.0819681338979836   1.5980253846244314 -0.49303790353441163, -0.1496251345681438  0.00125711910496883  -0.9979153698820552 -0.90605176057324155 -0.07119215318189473  -1.2883262402829725  0.75773337289031784,   9.0765830459594738    64.238236938476561    11.774283344268799   -5.7507003250122066   0.91470952987670895   -2.0495690574645997 -0.040717704772949219,  -22.72094008944492   1.4330930764412766   -1.951817469918141  -6.2022098313846525  -1.8857680350603441 -0.27601398266175803 -0.26809740626100598,  0.53501039743423462 -0.025783449411392212   0.17243441939353943, 0.47703570127487183 -0.48198556900024414  0.52798140048980713  0.51123625040054321,-0.070097468793392181  -0.58832484483718872 -0.015772832557559013,0.00080195325426757336   -0.99224245548248291 0.00061235064640641212,   0.25525638461112976 0.00024710022262297571    0.06352253258228302 0.00024710022262297571    0.24289883673191071  0.0045307553373277187    0.06352253258228302  0.0045307553373277187    0.16747866570949554,-0.0085857273228739928  -0.083155344237084705    0.12289600522041866   0.073533978421913559   0.028657868737624881   -0.10345276529921676                      0,0.54116791486740112
IIWA_14,1715860375.7658525, 0.56794506160039171   1.2297012576452102 -0.30973349107586479  -1.4913240179058915  -1.0827594763037476   1.5911903616597718 -0.48928935779814214, -0.15971064192914991 0.0014371275850951467  -0.99950189073362328  -0.91345153544940461  -0.08860741877607381   -1.3040619108127642   0.75612852776303363,   7.9243276748657232    65.030412506103517    12.004150047302247   -9.1798813743591303    1.8584714317321778   -2.2658401451110839 -0.084439174652099602, -22.456006455809238   1.3866703983027382  -1.6919291473276168  -6.1140043072345751  -1.9876467713523929 -0.25446873462473008  -0.3330562953310543,  0.53462982177734375 -0.028949897736310959    0.1722940057516098, 0.47643452882766724 -0.48233777284622192  0.52862298488616943  0.51080149412155151,-0.074720472097396851    -0.597339928150177 -0.015915270894765854, 0.0009180505876429379   -0.99225664138793945 0.00068196182837709785,   0.25543311238288879 0.00076201633783057332   0.063419833779335022 0.00076201633783057332     0.2429073303937912  0.0035856850445270538   0.063419833779335022  0.0035856850445270538    0.16735199093818665, -0.026041430384537989  -0.065670481412816173   0.091780143972819417   0.055019313016657634     0.0292515948530081   -0.10460967070979876 3.5527136788005009e-12,0.54984897375106812
IIWA_14,1715860375.7708282, 0.56687055597321989   1.2297166573396989 -0.31473780382693806  -1.4962357525029528  -1.0836000019132996    1.584326037344048   -0.485639921674278, -0.17074873863019266 0.0017656898476247497  -0.99977402262982951  -0.92723061224197534   -0.1045069594029413    -1.317822501279164   0.75088026716499279,  7.5668198699951175    66.43986773681641   13.041910835266114  -9.6503687782287599   1.7387404441833496  -1.3597043380737304 -0.12382187271118164, -22.251021842560398   1.3855011362494423  -1.4440032077849878  -6.0813377350475371  -2.0482464368155133 -0.23006509432839151 -0.40048995553863032,  0.53429532051086426 -0.032126870006322861   0.17219088971614838, 0.47586134076118469 -0.48266458511352539  0.52928131818771362  0.51034516096115112,-0.076636336743831635  -0.60493308305740356 -0.014562143944203854, 0.0010641284752637148   -0.99226522445678711 0.00076097040437161922,  0.25560319423675537 0.0012784012360498309  0.063317582011222839 0.0012784012360498309   0.24289976060390472 0.0026414480526000261  0.063317582011222839 0.0026414480526000261   0.16724434494972229, -0.043550244798851168  -0.048255261733132215   0.060649016344171969   0.036570773945143742   0.029972680939849283   -0.10567975448250166 1.7763568394002505e-12,0.55691438913345337
IIWA_14,1715860375.7758281, 0.56573121572765972   1.2297325364543168  -0.3196907640826791   -1.501221669374627  -1.0845597944227539   1.5775006018002187 -0.48208689862912474,-0.18217260072656102 0.002047716462814487 -0.99793762833350552 -0.94122116466054662 -0.12199726790052168  -1.3272754227765036  0.74282513553812457,  8.2586874923706066   63.700689231872559   12.888666366577148  -6.3152852096557615   1.2237211227416993  -2.7010523338317869 0.034042671203613283, -22.057429757085163   1.3691650602359249   -1.213707654309319  -6.0389157276257182   -2.101064932597597 -0.20135838373430204 -0.44932233620543838,  0.53396362066268921 -0.035336989909410477   0.17209285497665405, 0.47534018754959106 -0.48294511437416077  0.52991276979446411    0.509909987449646,-0.078152820467948914  -0.61229151487350464  -0.01328316330909729, 0.0012663627276197076     -0.992267906665802 0.00086941680638119578,  0.25578004121780396 0.0017980873817577958  0.063206583261489868 0.0017980873817577958   0.24287606775760651 0.0016906388336792588  0.063206583261489868 0.0016906388336792588   0.16714341938495636,  -0.061181508768548554   -0.030770961923387574    0.029269832166889387    0.018046482084699278    0.030759504304533891    -0.10670316539762581 -8.8817841970012523e-13,0.56373059749603271
IIWA_14,1715860375.780827, 0.56453447105758603   1.2297291808406636 -0.32461376390739738  -1.5061360405096895  -1.0857072120957256   1.5704794639054431 -0.47864568835717131, -0.19360786738419644 0.0015039486241249296  -0.99527009565553559  -0.94955177713093919   -0.1434945212392883   -1.3426658540122245   0.73190851930863698, 7.4948039093017584  62.815921714782718  12.411457714080811 -5.1632631950378416   1.030919017791748 -1.8917045135498047 0.13717193984985351, -21.794975247293095   1.2790756360840865 -0.98680826782998121  -5.8943904112977945  -2.1885698745959217 -0.19690625705553133  -0.4584254903984466,  0.53354871273040771 -0.038617126643657684   0.17198500037193298, 0.47486096620559692 -0.48316171765327454   0.5304570198059082  0.50958532094955444,-0.082866713404655457  -0.62092608213424683 -0.012632514350116253, 0.0014832651941105723   -0.99226480722427368 0.00098109268583357334,   0.25598278641700745  0.0023180756252259016   0.063073500990867615  0.0023180756252259016    0.24283605813980103 0.00072642473969608545   0.063073500990867615 0.00072642473969608545    0.16703148186206818,  -0.078841051982081467   -0.013090321858477694  -0.0025224097992548877 -0.00065087521416984373    0.031443556794741312    -0.10789456171611533  4.4408920985006262e-12,0.57209944725036621
IIWA_14,1715860375.7858279, 0.56326851742860296    1.229731757492055 -0.32951267535227807  -1.5110269824539564  -1.0869631588794424   1.5635176478975308 -0.47533049216620876, -0.20552443906668014 0.0013062249549544097  -0.99217253431965624  -0.95527909947542611  -0.16503348834010129   -1.3526053235262736   0.71813466308541141,  7.5205238952636719   63.903877120971686   11.607596378326416  -9.0709971466064445   1.6348562049865722   -1.859998104095459 -0.15052200698852539, -21.539789803374298   1.1737971726921148 -0.77891330709616291  -5.7252612956880364   -2.269772529537351 -0.21258375218364467 -0.44978677221506125,  0.53309762477874756 -0.041926763951778412   0.17189083993434906,  0.4744131863117218 -0.48331558704376221  0.53096151351928711  0.50933098793029785,-0.088202916085720062  -0.62895923852920532    -0.011577726341784,0.0016860821051523089  -0.99225586652755737 0.0010765593033283949,    0.25620028376579285   0.0028353196103125811     0.06292569637298584   0.0028353196103125811     0.24277982115745544 -0.00023834095918573439     0.06292569637298584 -0.00023834095918573439     0.16691829264163971,-0.096432399568691096 0.0045517387619042893 -0.034365120262336291 -0.019298609158724389  0.032140372688616026  -0.10920007583248292                     0,0.58001899719238281
IIWA_14,1715860375.790828,0.56194707694653889  1.2297439214551937 -0.3343990033005011 -1.5161165030517767 -1.0883525619153471  1.5565678160838441 -0.4721624623559405,-0.21727717053590662 0.001531538489513324 -0.98919114538464603 -0.96780410349315327 -0.18760291210827043  -1.3600775313684865  0.70122892287905947,  7.9063236846923832    66.18009587860108   12.750208644866943  -8.7255249671936035   1.4050783538818359  -2.0902867622375489 -0.16153581237792969, -21.363267502850686   1.1055748295710872 -0.62957346413366722  -5.6341376025859233  -2.3097060654906074 -0.17903340325804251 -0.44502017429241558,  0.53270727396011353 -0.045240726321935654   0.17179477214813232,  0.4740753173828125 -0.48344609141349792  0.53145456314086914  0.50900733470916748,-0.090114697813987732  -0.63551557064056396 -0.010871522128582001,0.0019006141228601336   -0.9922412633895874 0.0011740891495719552,  0.25641471147537231 0.0033567652571946383  0.062775582075119019 0.0033567652571946383   0.24270620942115784 -0.001205313834361732  0.062775582075119019 -0.001205313834361732   0.16682235896587372,  -0.11419912162757839   0.022186531518642028  -0.066401232182045078  -0.037975846406190783   0.033004830449989697   -0.11011731244625622 8.8817841970012523e-13,0.58619385957717896
IIWA_14,1715860375.7958302, 0.56056307873717881   1.2297618379144639  -0.3392251106263795  -1.5212363437275287  -1.0898762842687546   1.5495398471885424 -0.46913183162754013,  -0.2291816648031286 0.0019418891624180252  -0.98439720934285302  -0.97903690982460256  -0.21103122382291536   -1.3691807809068557   0.68220836743926261,  7.9809116439819343    63.25573347473145   13.785280933380127   -5.627029350280762   1.2518931198120118  -2.5945855484008788 0.094117973327636717, -21.192296458309343   1.0401917467059136 -0.47677600743454907  -5.5349930325348629  -2.3429056495030176 -0.16765022730573209  -0.4310196201629406,  0.53231126070022583 -0.048575982451438904   0.17172646522521973,0.47375285625457764 -0.4835323691368103 0.53191930055618286  0.5087401270866394, -0.091945521533489227   -0.64156126976013184 -0.0092305019497871399,0.0021863440051674843  -0.99222058057785034 0.0012955444399267435,   0.25663301348686218  0.0038739305455237627   0.062618307769298553  0.0038739305455237627    0.24261663854122162 -0.0021699992939829826   0.062618307769298553 -0.0021699992939829826    0.16673499345779419,  -0.13185949460492452   0.039734145695469181  -0.098426326067269088  -0.056538591094223989   0.033873270797180055   -0.11114501352249562 1.7763568394002505e-12,0.59188997745513916
IIWA_14,1715860375.8007839, 0.55912952572161601   1.2297586620697236 -0.34398614356926349  -1.5262752907922785  -1.0915767020103051   1.5424455455278556 -0.46621259424790368, -0.24068745246501511 0.0014264775403224348  -0.97795908518964214  -0.98478741044967544  -0.23684168872035219   -1.3791166911529569   0.66253618913686818,  8.2483994979858402   62.828781707763675   12.205787506103515  -5.9227642898559569  0.89798240661621087  -1.7592050971984863 0.045056476593017578, -20.966135081641603  0.90520453388929756 -0.31110144364655845  -5.3365474152236656  -2.3914928489811813 -0.18704342870338353 -0.37494875431909191,  0.53183996677398682 -0.051972977817058563   0.17166730761528015, 0.47348082065582275 -0.48350399732589722  0.53231853246688843   0.5086027979850769, -0.096582368016242981   -0.64880228042602539 -0.0075438534840941429,0.0025179875083267689  -0.99219352006912231 0.0014233735855668783,   0.25687757134437561  0.0043926178477704525   0.062437627464532852  0.0043926178477704525    0.24250996112823486 -0.0031446190550923347   0.062437627464532852 -0.0031446190550923347    0.16663640737533569,   -0.14961939120894385    0.057419995537877355    -0.13085276658042488   -0.075254278453229517    0.034778629405707306    -0.11240109248156216 -1.7763568394002505e-12,0.59904724359512329
IIWA_14,1715860375.8058314, 0.55763814885710383   1.2297622573388998 -0.34872063147230459  -1.5313421012749551  -1.0934402010482336   1.5353993606311511 -0.46339857840554677, -0.25220503655249904 0.0012849927993038967  -0.97174678427335759  -0.99050234766680212  -0.26401331249342114   -1.3851407487905456   0.64258958500377095,  5.2880291137695314   64.127640998840334    11.99877304840088  -8.6986399726867685   1.5212878417968749  -2.4677599105834962 -0.20725979232788086, -20.769644736726285  0.75635521357522695 -0.19506319220185731  -5.1413116393701275  -2.4321452472772718 -0.18793593279113141 -0.30370672151184808,   0.5313599705696106 -0.055387392640113831    0.1715964674949646,0.47329923510551453 -0.4834190309047699 0.53266274929046631 0.50849217176437378,  -0.10074376314878464   -0.65523415803909302 -0.0067062545567750931,0.0028290653135627508  -0.99216049909591675 0.0015469014178961515,   0.25713396072387695  0.0049100047908723354   0.062243737280368805  0.0049100047908723354    0.24238617718219757 -0.0041212737560272217   0.062243737280368805 -0.0041212737560272217    0.16654011607170105,  -0.16739020804301674   0.075100822547469193   -0.16345361130465363  -0.093970125194964282   0.035737829649384878   -0.11353068129515975 8.8817841970012523e-13,0.6054413914680481
IIWA_14,1715860375.8108325, 0.55603915357283373   1.2297749606087773 -0.35342809491537402  -1.5365602724917675   -1.095414626057569   1.5282484335082127 -0.46070817987078555, -0.26572384061280319 0.0015361250345458188  -0.96569596514146361   -1.0011287268059399  -0.29018765036815386    -1.394149683949973   0.62168760939346546,   4.7762013931274421    65.328764343261724    12.660143913269042   -7.5614047050476074    1.5917178344726561    -1.723493667602539 -0.043387718200683593, -20.656195303343459  0.64879282395267746 -0.13259448548967345  -5.0170942831166698  -2.4357061255213557 -0.16439270402737449 -0.24066443464028531,  0.53092336654663086 -0.058785285800695419   0.17153672873973846, 0.47320052981376648 -0.48330175876617432   0.5329967737197876  0.50834548473358154,  -0.10237757116556168    -0.6596718430519104 -0.0056786416098475456,0.0031594911124557257  -0.99212151765823364 0.0016619187081232667,   0.25738823413848877  0.0054251491092145443   0.062046673148870468  0.0054251491092145443    0.24224662780761719 -0.0050907102413475513   0.062046673148870468 -0.0050907102413475513    0.16645814478397369,  -0.18514502622757334   0.092611137795906018   -0.19598393525299684   -0.11254344723532483   0.036839389620624274   -0.11441149784108262 4.4408920985006262e-12,0.60969585180282593
IIWA_14,1715860375.8158298, 0.55435429147094084   1.2297849674540435 -0.35808618343023679  -1.5417868326336297  -1.0975411069438652   1.5211656966173157  -0.4581303131848759, -0.27997355656595824 0.0016291738382845438   -0.9588803127076817   -1.0099653871192391  -0.31720935574637066   -1.3986292227958586   0.60046475495115825,  6.7900762939453125   62.970241630554206    12.44103120803833  -5.9442722854614258  0.92967590332031247  -2.2581638565063478 0.048060241699218749, -20.539669889286902  0.53393125817411891 -0.05831032688831872  -4.8737326651741357  -2.4283892962721727 -0.16233779044629193 -0.16741969882497587,  0.53047263622283936 -0.062205765396356583   0.17150281369686127, 0.47313231229782104 -0.48311015963554382  0.53331315517425537  0.50825923681259155,  -0.10433110594749451    -0.6640668511390686 -0.0038688841741532087,0.0035751631949096918  -0.99207592010498047 0.0017918271478265524,   0.25765207409858704  0.0059380033053457737   0.061837796121835709  0.0059380033053457737    0.24209104478359222 -0.0060584270395338535   0.061837796121835709 -0.0060584270395338535    0.16637939214706421,  -0.20288972253723614    0.11005281978526682   -0.22860503401478383   -0.13106167092136189   0.038033844681706341   -0.11540661711695321 3.5527136788005009e-12,0.61395913362503052
IIWA_14,1715860375.8208263, 0.55261058668414786   1.2297840087228689 -0.36271341245134586  -1.5469608420025451  -1.0998796605186429   1.5139695291420856 -0.45565071704433363, -0.29372703672448564 0.0012649898236407667  -0.95219341101050814   -1.0149326844520088  -0.34730962758820638   -1.4067500772458912   0.57955564958261752,   4.6527454605102543    63.420341384887699    11.990707550048828   -5.5423416175842286    1.0925452613830566   -2.3486105613708497 -0.012682563781738281,  -20.337760834239514   0.35359144105417761  0.020955900516576698   -4.6454333058851009   -2.4488719544008388   -0.1598671900202504 -0.064040333429522978,  0.52996379137039185 -0.065701887011528015   0.17144954204559326, 0.47314214706420898 -0.48285552859306335  0.53353762626647949  0.50825649499893188,  -0.10839899629354477   -0.67053329944610596 -0.0032193225342780352,0.0040311901830136776  -0.99202436208724976 0.0019357488490641117,   0.25793904066085815  0.0064503913745284081   0.061607081443071365  0.0064503913745284081     0.2419164627790451 -0.0070409919135272503   0.061607081443071365 -0.0070409919135272503    0.16629388928413391,-0.22069922852985258  0.12772004046013308 -0.26181804344371784 -0.14977675065619422 0.039166914461041813 -0.11642813364431959                    0,0.62041187286376953
IIWA_14,1715860375.8258274, 0.55076807204524858   1.2297873043408289 -0.36731229885256561  -1.5521616959534361  -1.1023588611021269   1.5067318362478768 -0.45325369232162011, -0.30868221493555992 0.0011438165773160639  -0.94571018485719649   -1.0199803055972465  -0.37701572540992284   -1.4149077775650665   0.55952550857463512,  4.6938974380493166   64.233092941284184   12.313327484130859  -9.2847328529357913   1.8848826789855957  -1.7952502784729003 -0.29937525558471678,-20.138274897550584 0.17765130627911763 0.10188268472342354 -4.4109029017945502 -2.4573802024863491  -0.178157547852547 0.04437662134586895,  0.52943938970565796 -0.069222047924995422   0.17142225801944733, 0.47317865490913391 -0.48254173994064331  0.53373074531555176  0.50831770896911621,  -0.11237408965826035   -0.67660123109817505 -0.0017177162226289511,0.0044721579179167747  -0.99196696281433105 0.0020688164513558149,   0.25823444128036499  0.0069565419107675552   0.061365164816379547  0.0069565419107675552    0.24172572791576385 -0.0080196242779493332   0.061365164816379547 -0.0080196242779493332    0.16621257364749908,   -0.23837864252573837     0.14527271039010969    -0.29505841080101902    -0.16835983350560468    0.040327605016265977    -0.11756485201352973 -2.6645352591003757e-12,0.62650620937347412
IIWA_14,1715860375.8308268, 0.54884382494647532   1.2297952738414428 -0.37187888771781108  -1.5575392574006917  -1.1049547400876993    1.499578212700327 -0.45094864655956979, -0.32391565589937821 0.0012338332864080608  -0.93923170249557597    -1.031086702368019  -0.40544773975083642   -1.4180711639540444   0.53982223734172075,   5.5555169677734382     63.94760109710694    12.595619926452637   -6.9470825805664065    1.0714162635803222   -1.9871574935913086 -0.033708919525146486, -20.000222710942026 0.029991862179656659   0.1476764122392149  -4.2352352182990254  -2.4298779378841919 -0.16588450200768801  0.14768923837928938,  0.52895838022232056 -0.072747200727462769    0.1714026927947998, 0.47330570220947266 -0.48218119144439697  0.53391790390014648  0.50834506750106812,   -0.11389437317848206    -0.68160051107406616 -0.00029271113453432918,0.0049485894851386547  -0.99190241098403931 0.0021929121576249599,   0.25853005051612854  0.0074641630053520203   0.061117842793464661  0.0074641630053520203    0.24151866137981415 -0.0089969364926218987   0.061117842793464661 -0.0089969364926218987    0.16614395380020142,    -0.2561988374658597     0.16276437280282607    -0.32850138932438711    -0.18693564680116737    0.041677834955677895    -0.11845824655321024 -8.8817841970012523e-13,0.63128381967544556
IIWA_14,1715860375.8358266, 0.54685845838079261   1.2297937758035291 -0.37640353184872488  -1.5628752934289682  -1.1077536799286938   1.4923266781452358 -0.44869243641898721, -0.33854718734681105 0.0009271451125777931  -0.93237112723301285   -1.0383108030254791   -0.4363157854404468   -1.4245183133668835   0.52210619549667991,  6.8698082504272469   62.270658012390143   14.051442378997804  -4.0717324180603027   1.2765436172485352  -2.6686784210205077 0.013016315460205078, -19.832923505708742 -0.13233015385309721  0.19782677239471269  -4.0370370152977051   -2.406444935180887 -0.15574562897820154   0.2578600049810349,  0.52846264839172363 -0.076315499842166901   0.17138709127902985, 0.47348114848136902 -0.48177999258041382   0.5340612530708313   0.5084114670753479,  -0.1158222034573555  -0.68725740909576416 0.0009464343311265111,0.0055239065550267696  -0.99183118343353271  0.002347513334825635,   0.25883591175079346   0.007968519814312458   0.060857683420181274   0.007968519814312458    0.24129407107830048 -0.0099785318598151207   0.060857683420181274 -0.0099785318598151207     0.1660793125629425,-0.27400790349130233  0.18028788429091946 -0.36227183404591301 -0.20552581900101785 0.043032898700445799 -0.11935201064439127                    0,0.63672339916229248
IIWA_14,1715860375.8408527, 0.54482527470234388   1.2297919182277897 -0.38083727563245323  -1.5681115607648808   -1.110716467789207   1.4849933511345776 -0.44643742477418535,  -0.35216509701539828 0.00066741306048422998   -0.92324665313554433    -1.0400993358568846   -0.46756414277288477    -1.4329477311198324    0.50788542218941801,  7.0086961746215826   62.828781707763675   13.140041065216064  -6.3462029533386231  0.93407777786254886  -1.6290419425964355 -0.32507413482666014, -19.594889089255517 -0.35081473499447613  0.27521913540638909    -3.73881599922781  -2.4084358445856848   -0.189393381182974  0.39656770245580297,  0.52787667512893677 -0.079943068325519562   0.17138853669166565, 0.47367417812347412 -0.48129057884216309   0.5341373085975647  0.50861525535583496,-0.12114298343658447 -0.69406265020370483 0.002595038153231144,0.0061485543847084045  -0.99175369739532471 0.0024927826598286629,  0.25916707515716553 0.0084655163809657097  0.060572948306798935 0.0084655163809657097   0.24105104804039001 -0.010965754278004169  0.060572948306798935 -0.010965754278004169   0.16600443422794342,-0.29167485458891917  0.19787290515971279 -0.39638051653945183 -0.22413704643131638 0.044328596056075753  -0.1205599853397743                    0,0.64373272657394409
IIWA_14,1715860375.8458273,  0.5427371433684699   1.2297961127993975 -0.38523434764876952   -1.573456345365116  -1.1138453092418146   1.4777457112817123 -0.44418684724743129,  -0.36525733096727769 0.00070171331270056582    -0.9144802031610868    -1.0458708526949174   -0.49920497232261229    -1.4362637790104804    0.49633143882169684, 4.8019213790893556  64.207372955322271  12.719290901184083 -8.6905744743347171  1.5521009635925294 -2.1500283126831055 -0.1602008056640625, -19.422541256890543 -0.53941293476755359  0.31106997122145064  -3.5021343080609491  -2.3786364333083858 -0.19322115940775575  0.52516487973305881,  0.52732270956039429 -0.083573959767818451   0.17139324545860291,0.47394722700119019 -0.4807647168636322 0.53420907258987427 0.50878286361694336, -0.12420510500669479  -0.69957709312438965 0.0039544766768813133,0.0067547610960900784  -0.99166971445083618 0.0026255352422595024,  0.25950047373771667 0.0089616281911730766  0.060280915349721909 0.0089616281911730766   0.24079190194606781  -0.01195080392062664  0.060280915349721909  -0.01195080392062664   0.16593992710113525,  -0.30942371887920928    0.21538148684907554   -0.43069759340230718   -0.24271682026633101   0.045788247073907939   -0.12154315330903387 8.8817841970012523e-13,0.64924579858779907
IIWA_14,1715860375.8508277, 0.54055565491832214   1.2298027040353177 -0.38960307704519642  -1.5788990409728929  -1.1170940888479546   1.4704004000768285 -0.44191883268153592,  -0.37946540277973262 0.00082502008696735355   -0.90633333838594576    -1.0544045064670091   -0.52931516210369012    -1.4428234714037362    0.48778573369317235, 4.1280577468872073  62.484133895874024  12.113034275054932 -5.5934231071472169  1.1788220024108886 -2.2358024940490724 0.12282061767578124, -19.347835821870859 -0.68995298608416444  0.27272739895293974  -3.3485061419891515  -2.3222544665723523  -0.1593307015330474  0.63473137360261012,  0.52680963277816772 -0.087174922227859497   0.17138269543647766, 0.47430071234703064 -0.48023375868797302  0.53428083658218384  0.50887948274612427,  -0.1250469833612442  -0.70274239778518677 0.0043134274892508984,0.0074136299081146717  -0.99157834053039551 0.0027620843611657619,  0.25983348488807678 0.0094527462497353554  0.059984024614095688 0.0094527462497353554   0.24051931500434875 -0.012926623225212097  0.059984024614095688 -0.012926623225212097   0.16588583588600159,  -0.32711244838790066    0.23268764139139364   -0.46498087805346699   -0.26112663237576328   0.047383297753889053   -0.12220173888621844 8.8817841970012523e-13,0.6522936224937439
IIWA_14,1715860375.8558276, 0.53829800673551897   1.2297937159169192 -0.39395682606248739  -1.5842683932640116  -1.1205299181825576   1.4630676124819924 -0.43959754826704195,  -0.39387824953591261 0.00030049133363607228   -0.89921663140039521    -1.0582976968183546   -0.56088530306707485    -1.4475702809164344    0.48307996353429683,  5.8641567993164063   61.344738517761236   12.744831645965576   -4.737136032104492  0.70253917694091794  -1.9531148223876953 -0.19791474533081055, -19.241888557749547 -0.86555660774863075  0.26049188706634752  -3.1398610794630031  -2.2708699712885538 -0.16252694663061362   0.7558245473618721,   0.5262417197227478 -0.090804465115070343    0.1713947206735611, 0.47466465830802917 -0.47962650656700134  0.53433758020401001  0.50905323028564453, -0.12802276015281677   -0.7063363790512085 0.0054459301754832268,0.0082343751564621925  -0.99147939682006836  0.002911432646214962,  0.26018467545509338 0.0099372183904051781  0.059667259454727173 0.0099372183904051781   0.24023012816905975 -0.013901525177061558  0.059667259454727173 -0.013901525177061558   0.16582654416561127,-0.34469853995400257   0.2499462977763045 -0.49946925072230641 -0.27949340519040078 0.049042234671503593 -0.12307875170236571                    0,0.65608185529708862
IIWA_14,1715860375.8608284, 0.53599212201551383   1.2297944349925711 -0.39826737207213908  -1.5896054479100727  -1.1241511674571683   1.4557153503942792 -0.43722077678130089,  -0.40733798842893598 0.00026915609298531936   -0.89179514550638395      -1.06012034329713   -0.59355821343808413    -1.4521467082416721    0.48153483025707983,  5.2751691207885747   63.037113594055178   13.654888710021973  -6.7172158775329587   1.1612145042419433  -2.8138604011535646 -0.27668014144897463, -19.082233106171337  -1.0707643423889073  0.25088955061974971  -2.8888815126636667  -2.2413085693934747 -0.15834268573765087  0.88273496320558587,  0.52562928199768066 -0.094486072659492493   0.17139141261577606, 0.47507932782173157 -0.47899943590164185  0.53434371948242188  0.50925040245056152, -0.13234184682369232  -0.71120673418045044 0.0056776786223053932,0.0090569248422980309  -0.99137496948242188 0.0030523983296006918,  0.26055300235748291  0.010416680946946144  0.059331212192773819  0.010416680946946144    0.2399219274520874 -0.014886265620589256  0.059331212192773819 -0.014886265620589256   0.16576556861400604,  -0.36225242917709011    0.26733972496373326   -0.53452224808214766   -0.29795969035095737   0.050658927164271006   -0.12391354610308269 2.6645352591003757e-12,0.66124743223190308
IIWA_14,1715860375.865828,  0.5336077405669849   1.2298067188380126 -0.40251554012340757  -1.5950461062822803  -1.1278663730414016     1.44824953783993 -0.43477851159721265,  -0.42124564868430592 0.00070667869204811193   -0.88336283845584662    -1.0657226095260053   -0.62345479411980043    -1.4603498687673055    0.48291847156919365,  3.2381462326049806   63.651821258544928   13.384694515228272  -7.1608182868957524   1.4077194786071776  -1.4494835395812988 0.047392738342285155, -18.953734892859032  -1.2248120104773952  0.25598799520832038  -2.6949209724060226  -2.1842505203063358 -0.15797548162351838  0.98427682347301659,  0.52504533529281616 -0.098177969455718994     0.171422079205513,0.47549599409103394 -0.4783654510974884 0.53438287973403931 0.50941634178161621, -0.13473203778266907  -0.71545308828353882 0.0071281068958342075,0.0098647093400359154  -0.99126410484313965 0.0031978688202798367,  0.26091840863227844  0.010891585610806942  0.058991484344005585  0.010891585610806942   0.23959878087043762 -0.015865152701735497  0.058991484344005585 -0.015865152701735497   0.16571879386901855,-0.37978424992157755  0.28458391521191118 -0.56970811553735956 -0.31629750778439103 0.052387015132993042 -0.12472035342714349                    0,0.66555297374725342
IIWA_14,1715860375.8708079, 0.53113096084243994   1.2298034231109696 -0.40673518567679073   -1.600529847888907  -1.1317193493317337   1.4408920026762144 -0.43223623806523737,  -0.43606770792924332 0.00043351387191644384   -0.87547609290000405    -1.0719277518858714   -0.65288288690912433    -1.4625813015624693    0.48802571853436616,    5.768992851257325    61.789694274902345    11.699005359649659   -5.3971626472473142   0.93055627822875975   -2.4066833534240724 -0.044388973236083984, -18.872282037447498  -1.3618733626741997  0.23787506413570902  -2.5371971104280209  -2.1088348596270299 -0.14743350417794598   1.0757190655045621, 0.52447354793548584 -0.10186658799648285  0.17145755887031555, 0.47594925761222839 -0.47770410776138306  0.53444087505340576  0.50955277681350708, -0.13621796667575836  -0.71865713596343994 0.0083856163546442986, 0.010800617747008801  -0.99114429950714111 0.0033408200833946466,  0.26128846406936646  0.011362133547663689   0.05864204466342926  0.011362133547663689   0.23926112055778503 -0.016839003190398216   0.05864204466342926 -0.016839003190398216   0.16567838191986084,   -0.3973057486863496    0.30170546862073877   -0.60505307264691055   -0.33455234567458803    0.05426361840310534   -0.12543237450746147 8.8817841970012523e-13,0.66877621412277222
IIWA_14,1715860375.8758316, 0.52861259581230624   1.2297988691106188 -0.41097160918935638  -1.6059601998737152  -1.1357608135018324   1.4334179808566452 -0.42955380903108997,   -0.4495887675487425 0.00016465108350033786   -0.86983781482262912    -1.0747562809010267   -0.68396487633125003    -1.4690259140327453    0.49771773619338866,  4.6578894577026366    62.56386585235596   12.700471405029298  -3.7773417282104491  0.70165880203247066   -2.295210292816162 -0.32140286636352539, -18.754124242823195  -1.5406521046313364  0.18872497222548912  -2.3327231803942645  -2.0648227405682444 -0.11980508574866899   1.1763947317223051, 0.52384626865386963 -0.10558922588825226  0.17145457863807678, 0.47646528482437134 -0.47703918814659119  0.53444087505340576    0.509693443775177,  -0.1397707462310791  -0.72249209880828857 0.0077788769267499447, 0.011872184462845325    -0.991016685962677 0.0035123208072036505,  0.26167836785316467  0.011824310757219791  0.058270681649446487  0.011824310757219791   0.23890553414821625 -0.017820924520492554  0.058270681649446487 -0.017820924520492554   0.16563230752944946,   -0.41469430104079663     0.31893243965797069    -0.64092401227622275    -0.35286207749152254    0.056073449345994675    -0.12601849281423938 -1.7763568394002505e-12,0.67291003465652466
IIWA_14,1715860375.8808293,  0.5260277183569575   1.2298015655352301 -0.41517309862794644  -1.6113566962889425  -1.1399318989121536   1.4259696053414372 -0.42673140426368339,  -0.46306611225294381 0.00023957785125508304    -0.8639298294017056    -1.0756648813299146   -0.71401531747784741    -1.4731557518345137    0.51107037965097435,  6.3734125213623054   62.610161827087403   14.673830001831055  -7.9498928756713871    1.756347942352295  -1.8342992248535157 -0.18456467819213868,-18.596158512056814 -1.7077879135118155 0.18344559318813225 -2.1040002282022123 -2.0259399843383168 -0.1327484206810885  1.2660756348200288, 0.52317714691162109 -0.10934551805257797  0.17148792743682861, 0.47694230079650879 -0.47636309266090393  0.53444737195968628  0.50987279415130615, -0.14440397918224335  -0.72682088613510132 0.0086739454418420792,0.012941326946020126  -0.9908829927444458 0.003645789809525013,  0.26207786798477173  0.012274956330657005   0.05788533017039299  0.012274956330657005   0.23853388428688049 -0.018799494951963425   0.05788533017039299 -0.018799494951963425   0.16558875143527985,-0.43183818251080197  0.33604716316926186 -0.67698156776252461 -0.37101166881647885 0.057846309652553884 -0.12682903017680047                    0,0.67770844697952271
IIWA_14,1715860375.8858314,  0.5234004766337581   1.2298072580356685 -0.41927619763886614  -1.6169106055856532  -1.1441954068367508   1.4185286001334942 -0.42375697946401575,  -0.47554255873033074 0.00041936229853842667   -0.85526782395815282    -1.0826882769323611   -0.74175257096616498    -1.4761648097853308    0.52783329570748516,  6.7514963150024414   63.397193397521974   14.669797252655028  -6.3878746948242187  0.82138978958129882  -2.3489443130493166 0.087109188079833991, -18.488823823792803  -1.8321849128824268  0.17355627138733354  -1.9454618334786233  -1.9630806814169199 -0.11815565847047971   1.3310225777126026, 0.52254271507263184 -0.11310989409685135  0.17152993381023407, 0.47744780778884888 -0.47569668292999268   0.5345001220703125  0.50996655225753784, -0.14680607616901398  -0.73054587841033936 0.0096440901979804039, 0.014041413553059101  -0.99074119329452515 0.0037713432684540749,  0.26247555017471313  0.012725629843771458  0.057494528591632843  0.012725629843771458   0.23814603686332703 -0.019779244437813759  0.057494528591632843 -0.019779244437813759   0.16555967926979065,   -0.44914937961415546     0.35315853196316027    -0.71349252621644155    -0.38921633338695472    0.059794926331235843    -0.12743705456674803 -8.8817841970012523e-13,0.68158477544784546
IIWA_14,1715860375.8908308, 0.52073446591188421   1.2298031235688367 -0.42332842368366558  -1.6224156191561201  -1.1486405955079662   1.4109831523505334 -0.42059242504062055,  -0.48707447585922026 0.00017011116555936447    -0.8463033009584997    -1.0863511643645627     -0.771209603621546    -1.4827497591466985    0.54884881350179593,  4.8739373397827155   61.285582550048829   13.688494953155518  -3.2598055839538573  0.81258604049682615   -2.175059688568115 -0.11481057739257812, -18.395076534587353   -1.937663266236614  0.16231289766649226  -1.8066111724387834  -1.8998572497953852 -0.10847300151961026   1.3793089365980247, 0.52190142869949341 -0.11688100546598434  0.17158152163028717, 0.47794175148010254 -0.47504445910453796  0.53457534313201904  0.51003295183181763,-0.14907604455947876 -0.73373019695281982 0.010717535391449928, 0.015324131585657597  -0.99058938026428223 0.0039532724767923355,   0.2628771960735321   0.01316710002720356  0.057094123214483261   0.01316710002720356   0.23774382472038269 -0.020754175260663033  0.057094123214483261 -0.020754175260663033   0.16553741693496704,   -0.46630224662980169      0.3701402512108487    -0.75018877783161741    -0.40727490221748042     0.06177041735888622    -0.12804909958674671 -5.3290705182007514e-12,0.68496257066726685
IIWA_14,1715860375.8958304, 0.51799601060883393   1.2297926972991344 -0.42736441096693834  -1.6278122954493435  -1.1532113789448195   1.4034937308364754 -0.41724319372933028,   -0.49919779280938742 -0.00028096185564324211    -0.83848213209771005     -1.0849479832205855    -0.79979902037137096     -1.4857766678796771     0.57304830325304801,  5.2545931320190435   61.601938377380371   12.036412040710449   -5.824634059906006  0.79761966705322263  -2.0635866279602051 -0.28202016830444337, -18.285744822038119   -2.087972449033014  0.10802434104550596  -1.6063827661706813   -1.868194413743403 -0.10479837371465717   1.4387421167242207, 0.52117013931274414 -0.12065993994474411  0.17160576581954956, 0.47846424579620361 -0.47438082098960876  0.53461289405822754  0.51012140512466431,-0.15460769832134247   -0.736488938331604 0.010405640117824078, 0.016757262870669365  -0.99042779207229614 0.0041108154691755772,  0.26330330967903137  0.013593412004411221  0.056667100638151169  0.013593412004411221   0.23732626438140869 -0.021729486063122749  0.056667100638151169 -0.021729486063122749   0.16550175845623016,-0.48309390726775092  0.38710314178036498 -0.78716406178536147 -0.42524794433695945 0.063681074532695447 -0.12867633968127734                    0,0.68855631351470947
IIWA_14,1715860375.9008296, 0.51519739457004898   1.2298027040353177 -0.43141837470517436  -1.6333035272455381  -1.1579299038047224   1.3960084438983322 -0.41372852014933265,  -0.51130287579890799 0.00017549996281469968   -0.83294425520760895    -1.0876076584242522   -0.82858021069321175    -1.4880328118294701    0.59902558580234366,  3.5030620880126957     63.7186932220459   13.511053989410401   -6.691675132751465   1.1480088806152344  -2.4040133399963377 -0.10146051025390625,  -18.243924524639709   -2.1977439913041481  0.012060730818946652   -1.4792922760400347   -1.8133020591626723 -0.069053492656181881    1.4728493330325771, 0.52046597003936768 -0.12442190945148468  0.17161808907985687, 0.47902920842170715 -0.47374334931373596    0.534690260887146  0.51010257005691528, -0.15800727903842926  -0.73795562982559204 0.0095587335526943207, 0.018186142668128014  -0.99025917053222656 0.0042486786842346191,  0.26372966170310974  0.014014906249940395  0.056233096867799759  0.014014906249940395   0.23689639568328857 -0.022700229659676552  0.056233096867799759 -0.022700229659676552   0.16547460854053497,   -0.49988158153357887      0.4039527679031707    -0.82439557612978831    -0.44314864356032047    0.065748859777059465    -0.12900168067719875 -3.5527136788005009e-12,0.69061005115509033
IIWA_14,1715860375.9058306, 0.51231213242413021   1.2298058199934478 -0.43543386898686864  -1.6388063238115227  -1.1627199505120429   1.3884588615394566 -0.41002191925647791,-0.52445278647587745 0.000265038295459131 -0.82697517543385868  -1.0901979893787868 -0.85446603684739053     -1.4924095438186  0.62748450435606451,   4.0071738128662115    60.958938728332519    14.847238216400147   -4.6914315414428707    1.0027470207214355    -1.983152473449707 -0.098456745147705083,  -18.215499927866166   -2.2551799954966132 -0.055389008133944095   -1.4027191888599888   -1.7479771361013872 -0.045084051604486142    1.4755594675861046, 0.51978248357772827 -0.12818352878093719  0.17165869474411011, 0.47954902052879333 -0.47315129637718201  0.53482145071029663  0.51002609729766846, -0.15993687510490417  -0.73906761407852173 0.0099136717617511749,  0.01970178447663784   -0.9900813102722168 0.0043765739537775517,  0.26415026187896729  0.014426947571337223  0.055797483772039413  0.014426947571337223   0.23645451664924622 -0.023661874234676361  0.055797483772039413 -0.023661874234676361   0.16546201705932617,   -0.51650263509106509      0.4205835604738084    -0.86171955311797888    -0.46081404235120971    0.067845765571838967    -0.12933461730124662 -3.5527136788005009e-12,0.69209009408950806
IIWA_14,1715860375.9108303, 0.50937246203860842   1.2297931766101804  -0.4393881239193505  -1.6442443455366458  -1.1676656962966045   1.3809197654459759 -0.40609960232214443,   -0.53714904460157342 -0.00029370469433078237     -0.8197503376463614     -1.0896792605079528      -0.881402660860378     -1.4954914787941076     0.65888028085819084,  7.0292721633911137   61.761402290344243   13.818887176513671  -4.7142837867736818  0.87509265899658206   -2.303220333099365 -0.16687583923339844,  -18.128145941024577   -2.3396371085285548 -0.078215826489117291   -1.2702784337839526   -1.7000560114528063  -0.04062674886783757    1.4854362621136739, 0.51904463768005371 -0.13198830187320709  0.17171087861061096, 0.48005327582359314 -0.47254142165184021  0.53496253490447998  0.50996917486190796,-0.16378703713417053  -0.7415885329246521 0.010602350346744061, 0.021533770486712456  -0.98988962173461914 0.0045635383576154709,  0.26458555459976196  0.014830758795142174  0.055341336876153946  0.014830758795142174   0.23599337041378021 -0.024629702791571617  0.055341336876153946 -0.024629702791571617   0.16544967889785767, -0.5330369446081562  0.43729998582975327  -0.8996586526386352 -0.47854009163206257  0.06996427836636343 -0.12982282073892293                    0,0.69521981477737427
IIWA_14,1715860375.9158304, 0.50641559416038506   1.2297992286484447 -0.44332350366138745  -1.6496643311383619  -1.1727330101976872   1.3733474729719564 -0.40194892596306458, -0.54799395081019298 7.117775107965069e-06  -0.81321545979856713   -1.0885428324750057  -0.90781468473160709   -1.4992848819960694   0.69313127904974636, 4.3261016387939453  62.018602149963385  14.653666255950927 -6.0706317596435548  1.0388423919677734 -2.3963370513916016 -0.2746776313781738,  -18.014038202803153   -2.4250557400835975  -0.11516298257637825   -1.1289032330210274   -1.6778249747658132 -0.024196493724732981    1.4823330857640094, 0.51827460527420044 -0.13581584393978119  0.17174725234508514, 0.48055750131607056 -0.47199353575706482  0.53509223461151123  0.50986552238464355,-0.16827273368835449 -0.74443656206130981 0.010436777956783772, 0.023397050797939301   -0.9896894097328186 0.0047592446208000183,  0.26502802968025208  0.015221788547933102  0.054872237145900726  0.015221788547933102   0.23551689088344574 -0.025599710643291473  0.054872237145900726 -0.025599710643291473   0.16544166207313538,-0.54930793241947384  0.45399504696153059 -0.93805102793798056 -0.49615353418364094  0.07197132264913364  -0.1301962270456869                    0,0.69877630472183228
IIWA_14,1715860375.9208295, 0.50338154793172163   1.2298009663418812 -0.44722023428705288  -1.6551327929328026  -1.1778644635525171   1.3657919584571194 -0.39759631533677831,  -0.55975700979469178 7.5201957545434518e-05   -0.80644159286547068    -1.0895727377576332    -0.9315098819784815     -1.501648486190333     0.7286094482912483,  4.3981175994873052   62.787629730224616   13.188434055328369  -5.5678823623657223  0.98866102218627927  -1.6737646675109863 -0.12081810760498046,   -17.953436011135548    -2.4697625432100843   -0.17953685664124919    -1.0450379830808403    -1.6371239786402274 -0.0013821192582654795     1.4547512665297435, 0.51751840114593506 -0.13962487876415253   0.1717892587184906, 0.48105674982070923 -0.47148388624191284  0.53526902198791504  0.50968074798583984,-0.17135225236415863 -0.74592012166976929 0.010412597097456455, 0.025288959965109825  -0.98947823047637939 0.0049130367115139961,  0.26546916365623474  0.015602603554725647  0.054397646337747574  0.015602603554725647   0.23503082990646362 -0.026559388265013695  0.054397646337747574 -0.026559388265013695   0.16544130444526672,-0.56538313242704419  0.47044819041630603  -0.9765166199331432  -0.5135233308770637 0.074061996215846193 -0.13043159948544769                    0,0.70084875822067261
IIWA_14,1715860375.9258399, 0.50028841947171809   1.2298007865729683 -0.45112840990928821  -1.6605835779234963  -1.1831606279921807   1.3582794074034816 -0.39303973331679914,  -0.57153074623589495 5.2970809521673127e-05   -0.80148029918178987    -1.0896895898338559   -0.95705448316933051    -1.5018208310977783    0.76515083943216511,  4.7993493804931644   61.676526336669923   13.477447746276855  -3.8405214653015136  0.57400444030761721  -2.5144851455688477 -0.19457722854614257, -17.929401937517479  -2.5007321468259782 -0.25846497873581153 -0.98790339541194516  -1.5963794453200775 0.033413273523995812   1.4142827930578399,  0.5167548656463623 -0.14342235028743744  0.17182335257530212, 0.48155587911605835 -0.47100263833999634  0.53548514842987061  0.50942718982696533, -0.17415933310985565  -0.74658340215682983 0.0099906716495752335, 0.027433402836322784  -0.98925107717514038 0.0050667030736804008,   0.2659136950969696  0.015975112095475197  0.053912468254566193  0.015975112095475197   0.23453187942504883 -0.027516143396496773  0.053912468254566193 -0.027516143396496773   0.16544680297374725,   -0.58134906063234126     0.48683398330684469     -1.0153132864401115    -0.53082788799674319    0.076236983359123656    -0.13055841142062263 -3.5527136788005009e-12,0.70214056968688965
IIWA_14,1715860375.9308324, 0.49714429816329136   1.2297971314171823 -0.45503131245552098  -1.6659423839535268  -1.1885676227592081   1.3506678666197416  -0.3882703113397824,   -0.58298944932578511 -0.00010382958382434271    -0.79730034119474258     -1.0861039130683037    -0.98192337721656209     -1.5059182962278246     0.80289755062640178,  3.2432902297973634   61.427042472839361   15.378216857910155  -4.4427453422546384  0.76240467071533202  -2.0595816078186036 -0.24564123535156249, -17.854019013158528  -2.5445562571681606 -0.32620735346838803 -0.88746262908122953  -1.5865236419829643 0.055210169225505368   1.3700576120105397, 0.51593363285064697 -0.14724172651767731  0.17185328900814056, 0.48202967643737793 -0.47056916356086731  0.53569161891937256  0.50916260480880737, -0.17881874740123749  -0.74790692329406738 0.0094127198681235313, 0.029795607551932335  -0.98900896310806274 0.0052516194991767406,  0.26636847853660583  0.016331242397427559  0.053411081433296204  0.016331242397427559   0.23401829600334167 -0.028472950682044029  0.053411081433296204 -0.028472950682044029   0.16545261442661285,   -0.59692333942074072     0.50316035633812817     -1.0544968494468066    -0.54795655919193109    0.078276057667636678    -0.13072346973874716 -2.6645352591003757e-12,0.70442408323287964
IIWA_14,1715860375.9358509, 0.49392647389129762   1.2298022846108818 -0.45887057877006293   -1.671324139863307  -1.1940610954490793   1.3431471064099672 -0.38329739738920177,  -0.59510453034037769 0.00012306408092198077   -0.79141092553747239    -1.0841533668458503    -1.0052776093680982    -1.5055650453732372    0.84123459852434701,  3.7988419265747071   62.905941665649415   14.056819377899171  -7.4995692176818851   1.2765436172485352       -2.39233203125 -0.17688838958740236, -17.771819611211885  -2.5681548520338877 -0.35860845191111501 -0.79550938973737806  -1.5685527974759781 0.059809233843922893   1.3139551786079855, 0.51510399580001831 -0.15107643604278564   0.1719127893447876, 0.48246723413467407 -0.47014915943145752  0.53594779968261719  0.50886648893356323,-0.18295808136463165 -0.74951010942459106 0.010050883516669273,0.032234083861112595 -0.98875439167022705 0.005423711147159338,  0.26682451367378235  0.016678415238857269  0.052900351583957672  0.016678415238857269   0.23349043726921082 -0.029425952583551407  0.052900351583957672 -0.029425952583551407    0.1654677540063858,   -0.61237574177130938     0.51937134801338658     -1.0940495800975114    -0.56496083460899627    0.080387006612170353    -0.13097193088462689 -3.5527136788005009e-12,0.70688307285308838
IIWA_14,1715860375.9408514, 0.49064069904278518   1.2298083366491461 -0.46271128312682547  -1.6767881075440072  -1.1996378826525251   1.3355685821287702 -0.37813830840372936,  -0.60751461821279995 0.00034053279531017557   -0.78675691470047937    -1.0858814007046895    -1.0272935756323101    -1.5075930075464692     0.8793512382383738,   2.4588306579589845    61.846278244018556    14.046065380096435   -4.0408146743774411   0.71750555038452146   -2.4517398300170896 -0.037380187988281251, -17.724417996860183   -2.559112885718859 -0.41275922504122065 -0.76006808223963995  -1.5460753528309592 0.094635054845507938   1.2356584584608077, 0.51429980993270874 -0.15490700304508209  0.17196404933929443, 0.48291113972663879 -0.46979847550392151  0.53623896837234497  0.50846236944198608,-0.18531730771064758  -0.7505829930305481 0.010133578442037106, 0.034823313355445862  -0.98848307132720947 0.0056098713539540768,  0.26727506518363953  0.017018625512719154  0.052387163043022156  0.017018625512719154    0.2329508364200592 -0.030376588925719261  0.052387163043022156 -0.030376588925719261   0.16549721360206604,   -0.62776901330696688     0.53548691199978293     -1.1340290159758126    -0.58185163272650442    0.082544065949541334    -0.13096246380595034 -8.8817841970012523e-13,0.70849114656448364
IIWA_14,1715860375.9458282, 0.48728337834857804   1.2298010862241842  -0.4665515680591521  -1.6821214471476724  -1.2053318277000047   1.3279825677670885 -0.37280754534237226,   -0.62030452233852529 -1.7590762230607732e-05    -0.78301692905344877     -1.0820387047103606     -1.0495926624050302     -1.5095149805044441     0.91671151304498322,  5.1465691909790046   60.637438903808594   13.449218502044678   -3.944028694152832  0.95256565093994139  -1.9113958625793457 -0.17488587951660156, -17.649155575362915  -2.5637761454674628 -0.46778311598812028 -0.68710142535267815  -1.5438045638871274  0.10900936078379297   1.1564557114456202,0.51344197988510132 -0.1587434858083725 0.17201413214206696,0.48332074284553528 -0.4694792628288269 0.53653383255004883  0.5080568790435791,-0.18941859900951385  -0.7516019344329834 0.010073845274746418, 0.037754107266664505  -0.98818665742874146 0.0058214906603097916,  0.26773500442504883  0.017340205609798431  0.051858074963092804  0.017340205609798431   0.23239995539188385 -0.031320754438638687  0.051858074963092804 -0.031320754438638687   0.16552478075027466,   -0.64267183593624821     0.55140774477813181     -1.1741840680130622    -0.59843746663279518    0.084606935666364791    -0.13105268003688053 -3.5527136788005009e-12,0.71044641733169556
IIWA_14,1715860375.9508274, 0.48389987215235403   1.2298019250730559 -0.47040203960565802  -1.6874199126730554  -1.2111749521473048   1.3205016550603832 -0.36732374384913558,  -0.63158386571978098 1.9481345083440263e-05   -0.78043240510299583     -1.077569584783606    -1.0733991078160268    -1.5068484926717656    0.95272127016545394,  6.0313367080688476   61.807698265075686   14.944024196624756   -5.901256294250488  0.58897081375122073  -2.3990070648193358 -0.25765629577636717, -17.516783093224142  -2.5962446494572049 -0.51127584576624852 -0.55926649105532089  -1.5724712892339499  0.12427124335157069   1.0838764795436417, 0.51252132654190063 -0.16261503100395203  0.17205488681793213, 0.48372840881347656 -0.46919733285903931  0.53680795431137085  0.50763958692550659, -0.19535696506500244  -0.75372153520584106 0.0095888664945960045, 0.040860414505004883  -0.98787027597427368 0.0059858323074877262,  0.26820632815361023  0.017647374421358109  0.051309864968061447  0.017647374421358109   0.23183134198188782 -0.032271549105644226  0.051309864968061447 -0.032271549105644226   0.16555406153202057,  -0.65727439238116858    0.56739644320380478    -1.2150545450442252   -0.61497139743771356   0.086562179530069727   -0.13112798437120432 8.8817841970012523e-13,0.71381622552871704
IIWA_14,1715860375.9558289, 0.48048814310946059   1.2298059997623609 -0.47420715091756921  -1.6927902235862655  -1.2170801071670168   1.3129569863487671 -0.36167402066706267,  -0.64173625429156245 0.00017857264826987376    -0.7765503765588444    -1.0768681043552912    -1.0949254870413017    -1.5072655426020556    0.98816594341527952, 3.7293979644775392   61.40903848266602    16.3380111618042 -5.8125358123779298 0.84956178665161131 -2.2207836685180662 -0.1178143424987793, -17.415463069238651   -2.580999636975891 -0.55073345184637557   -0.491481733857072  -1.5859789015586792  0.14611820727638181  0.98811403528678288, 0.51163232326507568 -0.16648483276367188  0.17211239039897919, 0.48411288857460022 -0.46897712349891663   0.5371241569519043  0.50714176893234253, -0.19889375567436218     -0.75531005859375 0.0097776167094707489, 0.044025648385286331  -0.98753738403320312 0.0061534992419183254,  0.26866793632507324  0.017945649102330208  0.050763178616762161  0.017945649102330208   0.23125305771827698 -0.033214427530765533  0.050763178616762161 -0.033214427530765533   0.16560038924217224,  -0.67173648471907654    0.58315111759377203    -1.2562018585251522   -0.63123659288599754   0.088545488305058484    -0.1310794406794713 2.6645352591003757e-12,0.71619540452957153
IIWA_14,1715860375.9608288, 0.47700055387604468   1.2298024643797949 -0.47794670842635706  -1.6981412998802883  -1.2231070217658688   1.3054911137987248 -0.35588851621425538,  -0.65289257276988644 1.4428159745645183e-06   -0.77082260159858951    -1.0755375352451435    -1.1170169735871243    -1.5044473360833355     1.0219529328445152,   4.4572735671997075       60.696594871521    14.008426387786866   -3.8889144554138184   0.64971668243408198   -2.4333834877014162 -0.075427879333496095, -17.337490494883724  -2.5522203216940333 -0.56727065539081423  -0.4314313258802549  -1.5865950868539724  0.14482878118184894  0.89138278505060853, 0.51073473691940308 -0.17034828662872314  0.17220480740070343, 0.48446118831634521 -0.46874856948852539  0.53748840093612671  0.50663435459136963,-0.20210152864456177 -0.75627553462982178 0.011251978576183319, 0.047573842108249664  -0.98716944456100464 0.0063384333625435829,  0.26912862062454224  0.018233295530080795  0.050208695232868195  0.018233295530080795   0.23066343367099762 -0.034148160368204117  0.050208695232868195 -0.034148160368204117   0.16565576195716858,-0.68600382262307136  0.59870508742054795  -1.2975668690407005 -0.64729623093384703 0.090625995057713737 -0.13117924126238023                    0,0.7179754376411438
IIWA_14,1715860375.9658587, 0.47345478125585344   1.2298001274930095 -0.48172407620264474  -1.7033885926792518  -1.2292527239972102   1.2979748475936081 -0.34998472752554816,  -0.66414496302355852 -9.232121863693035e-05   -0.76775279233037874    -1.0703217401546556    -1.1394416681233541    -1.5042085170713362     1.0537138938239012,0.23147987365722658  59.834975341796877  13.291941284179687 -3.3673455619812014 0.11444873809814453 -2.4430622863769531  -0.192240966796875, -17.252413957299666  -2.5581794886272666 -0.63179765364216411  -0.3289845815660033  -1.6166465536326413  0.16321853115218055   0.8048411047005738, 0.50977766513824463 -0.17420868575572968  0.17226572334766388, 0.48483985662460327 -0.46855649352073669  0.53781974315643311  0.50609791278839111,-0.20713956654071808 -0.75683975219726562 0.011098022572696209, 0.051587454974651337  -0.98676067590713501 0.0065600574016571045,  0.26959958672523499  0.018504289910197258  0.049636125564575195  0.018504289910197258   0.23006133735179901 -0.035083279013633728  0.049636125564575195 -0.035083279013633728   0.16570882499217987,   -0.69985591467514041     0.61424657099529156      -1.339431504846722    -0.66321854665485347    0.092625424166214998     -0.1311243402488671 -8.8817841970012523e-13,0.71983480453491211
IIWA_14,1715860375.9708574, 0.46979228221520269   1.2298036627664926 -0.48554818236913772  -1.7085805185074374  -1.2355125161328266   1.2904841678062424  -0.3439665494122498,  -0.67781593204487667 6.7553964413194902e-05   -0.76716648052402225    -1.0639344252511491    -1.1619450199233414    -1.5029940051516981     1.0836982395910553,   1.4814711914062502    61.164698616027835    12.990829345703125   -6.4550871810913089    1.7413815689086913    -1.884695728302002 -0.053400268554687498,-17.161530200625439 -2.5664360867328115 -0.7097294000534955 -0.2111637499994673 -1.6483167893754329 0.16973877987049146  0.7181628486188083, 0.50879329442977905 -0.17806439101696014  0.17232994735240936,0.48520961403846741 -0.4683842658996582 0.53815144300460815 0.50555002689361572,-0.21231193840503693 -0.75703775882720947 0.011013797484338284,  0.05565941333770752  -0.98632848262786865 0.0067365402355790138,  0.27007344365119934  0.018757853657007217  0.049052853137254715  0.018757853657007217   0.22945168614387512 -0.036008436232805252  0.049052853137254715 -0.036008436232805252     0.165763258934021,-0.71322941527451889  0.62949297033565443  -1.3814146209023548 -0.67874517219035368 0.094590429780438967  -0.1310784905230733                    0,0.72143357992172241
IIWA_14,1715860375.9758315,  0.4660689633588585   1.2298074978002744 -0.48939997218464426  -1.7138891106513063  -1.2418329963335946   1.2831123114524328 -0.33785567326263644,  -0.69118549988966904 0.00020744452280550694   -0.76780477703947969    -1.0634912259556759    -1.1823752239693901    -1.4972694582737449      1.111393637657379,   3.760261947631836   62.113766098022467   15.059629673004151  -5.2546721763610842  0.14614223480224608  -2.2214511718750001 -0.11581183242797852, -17.079162789259499  -2.5484492065232933 -0.76914893764063397 -0.13101983246909166  -1.6706623708941759  0.18993454942207855  0.62127821740741562, 0.50783264636993408 -0.18192952871322632  0.17240685224533081, 0.48557648062705994 -0.46825215220451355  0.53850632905960083  0.50494194030761719,-0.21556854248046875  -0.7575344443321228 0.011374158784747124, 0.059967033565044403  -0.98586100339889526 0.0068379491567611694,  0.27053925395011902  0.019004393368959427  0.048468600958585739  0.019004393368959427   0.22882987558841705 -0.036930952221155167  0.048468600958585739 -0.036930952221155167   0.16583552956581116,   -0.72654476934008727     0.64461181262664979     -1.4239380898670717    -0.69410780989276333    0.096601112781868892    -0.13091115409746834 -1.7763568394002505e-12,0.72285062074661255
IIWA_14,1715860375.9808297,  0.4623135866220629   1.2298068386112326 -0.49321443115277996  -1.7191477286736199  -1.2483159825702193   1.2756867659346716 -0.33169344472677398,  -0.70316346938355934 0.00013958805657255828   -0.76682218035701188    -1.0611377016570822    -1.2052196286404997     -1.494837387329444     1.1356040515604016,    5.100273216247559    60.231063125610355    16.761449825286864   -2.7221056938171388   0.87685340881347651   -2.8605856361389161 -0.020692604064941406,  -16.925355767739347   -2.5285668905499223  -0.76483502382114121 -0.023054717227736627   -1.7055765915355448   0.19135589629817362   0.52180763102021654,  0.5068550705909729 -0.18584348261356354  0.17251171171665192, 0.48590132594108582 -0.46815335750579834  0.53886699676513672  0.50433588027954102,-0.21897028386592865  -0.7598223090171814 0.012718372978270054,  0.06480976939201355  -0.98533624410629272 0.0070186685770750046,  0.27100393176078796  0.019238188862800598  0.047876231372356415  0.019238188862800598   0.22819167375564575 -0.037853367626667023  0.047876231372356415 -0.037853367626667023   0.16592246294021606,  -0.73961204472627884    0.65959156121397911    -1.4671207251444329    -0.7092147856671005   0.098527508949786125   -0.13086701079689789 2.6645352591003757e-12,0.7259136438369751
IIWA_14,1715860375.9858294, 0.45853951446373531    1.229801625530923 -0.49695326969499903  -1.7242865043173439  -1.2549181400627032   1.2682422852307724 -0.32547926461131355,   -0.71349366183995111 -9.6852767128022564e-05    -0.76301128597437229     -1.0544611870746259     -1.2282620026117574     -1.4936491380195207      1.1570504458667386, 6.1908006210327153  61.270150558471684  15.566411819458008 -4.0085526809692382 0.48156507492065431 -1.8790219497680665 -0.1278268928527832, -16.689269546847047  -2.5532626544946018 -0.71292165041663846  0.19261252622787936   -1.781229987200059  0.15079683027964341  0.44371479591345475,  0.5057753324508667 -0.18979647755622864  0.17264889180660248, 0.48617815971374512 -0.46804818511009216  0.53919559717178345   0.5038151741027832,-0.22590562701225281 -0.76310396194458008 0.015056940726935863,0.070052355527877808 -0.98475468158721924 0.007195998914539814,  0.27148112654685974  0.019449882209300995  0.047261450439691544  0.019449882209300995   0.22753480076789856 -0.038776610046625137  0.047261450439691544 -0.038776610046625137   0.16601036489009857,-0.75208525569347984  0.67452675025503339  -1.5108972530324394 -0.72407933242768507  0.10026615887159807 -0.13117598516299012                    0,0.73079961538314819
IIWA_14,1715860375.9908323,0.45473985610582274  1.2298124113384512 -0.5007039725491409 -1.7294277967258491 -1.2616173218045688  1.2609172273719442 -0.3192148106139987,  -0.72278126378846375 0.00035395008742654643    -0.7604371429451724    -1.0492206459999107    -1.2505768717640287    -1.4879216247687446     1.1762185165859846, 1.0725234146118166  61.041242683410651  13.939869651794433  -6.016861770629883 0.41465658187866211 -2.6573308639526365  -0.149520751953125, -16.523306681776035  -2.5789934001217176 -0.73184700822404736  0.37617888975187302  -1.8339041368485096  0.14251159774693756  0.37327070415025798,  0.5047069787979126 -0.19372706115245819   0.1727721095085144, 0.48651868104934692 -0.46793967485427856  0.53951406478881836  0.50324606895446777,-0.23106180131435394 -0.76477694511413574 0.016268720850348473, 0.075426705181598663  -0.98412925004959106 0.0073291142471134663,  0.27195534110069275  0.019651547074317932  0.046640489250421524  0.019651547074317932   0.22687132656574249 -0.039692845195531845  0.046640489250421524 -0.039692845195531845   0.16610497236251831,  -0.76434560887950198    0.68924663313829626    -1.5550088876619128   -0.73869535022019761    0.10212491529681955   -0.13123004677861871 8.8817841970012523e-13,0.73382407426834106
IIWA_14,1715860375.995832, 0.45082610786545191   1.2298141490318877 -0.50449919678900568  -1.7345847884800591  -1.2684261831782224   1.2535203840118982 -0.31294058953602349,  -0.73477494064560422 0.00035266780740029964   -0.76015868395072916    -1.0456561869683298    -1.2728159523573694    -1.4862110342168349     1.1919436563877959,  0.69958361816406256    61.612226371765139    13.414268009185792    -3.611999011993408    1.7968451881408691   -2.1249969367980959 -0.029370147705078124, -16.455261433814098  -2.5858597240314007 -0.83600468882706913  0.49699200912693781  -1.8607849472347406  0.16837639222159639  0.29913137901688569, 0.50367152690887451 -0.19760580360889435  0.17287275195121765, 0.48691639304161072 -0.46785080432891846  0.53983068466186523  0.50260412693023682,-0.23385715484619141 -0.76402437686920166 0.016224905848503113, 0.081161662936210632  -0.98343843221664429 0.0073886592872440815,  0.27242082357406616  0.019842637702822685  0.046020567417144775  0.019842637702822685   0.22620820999145508 -0.040594782680273056  0.046020567417144775 -0.040594782680273056   0.16620635986328125,  -0.77632138666228201    0.70359796163455002    -1.5991067484071309   -0.75291107599451124    0.10409625297036484   -0.13095375811023047 8.8817841970012523e-13,0.73408418893814087
IIWA_14,1715860376.0008333,  0.4468365593211685   1.2298104338804086 -0.50834032067928714  -1.7396512394249095  -1.2753465457838042   1.2462406863876645 -0.30664108169151311,  -0.74740189428781967 0.00013352818675534892   -0.76177190277184181    -1.0391829873686786    -1.2950672661091684     -1.480156732342818     1.2055352388906524,  4.7864893875122076   60.236207122802739   14.361964065551758  -4.3620903587341306 -0.37151821136474611  -2.0822767219543459 -0.21026355743408204, -16.367247649444671  -2.6075395815207614 -0.90618147675094107  0.66187423753164276  -1.8977769495627164  0.16611460050832161  0.23760748523724584, 0.50259554386138916 -0.20148295164108276  0.17299948632717133, 0.48729440569877625 -0.46773871779441833  0.54014396667480469  0.50200510025024414,-0.23774999380111694 -0.76329934597015381 0.017179468646645546, 0.087822616100311279  -0.98262947797775269 0.0073808310553431511,  0.27288809418678284  0.020017536357045174  0.045388825237751007  0.020017536357045174   0.22553397715091705 -0.041489046066999435  0.045388825237751007 -0.041489046066999435   0.16631367802619934,   -0.78786645202111316     0.71775267893237071     -1.6435026353365245    -0.76682947676331992      0.1060559428207597    -0.13088405293171235 -8.8817841970012523e-13,0.73469942808151245
IIWA_14,1715860376.0058305, 0.44284000011652908   1.2298128906494969 -0.51217419403552356  -1.7446811384846508  -1.2824570260576085   1.2389799239495689 -0.30033072815286466,  -0.75778388361583282 0.00020509331293980314   -0.76277245646693015    -1.0325423522845938    -1.3204730238395042    -1.4745558833980781     1.2168423326584601,  4.0971937637329106   59.937855285644531   17.430886188507081  -3.9157994499206543  0.74567754745483394  -2.7838227500915527 -0.24697624206542967, -16.178875505605976  -2.6627954036412844 -0.93848080466417017   0.9028301114735755  -1.9636737155523161  0.16405590671472225  0.19075566147032297,0.50147628784179688 -0.2054155170917511 0.17313238978385925, 0.48769339919090271 -0.46764478087425232  0.54039967060089111  0.50142967700958252,-0.24275641143321991 -0.76484596729278564 0.018122762441635132, 0.094769999384880066  -0.98174715042114258 0.0073835896328091621,  0.27335852384567261  0.020177006721496582  0.044743314385414124  0.020177006721496582    0.2248416543006897 -0.042389336973428726  0.044743314385414124 -0.042389336973428726   0.16643202304840088,-0.79905508208000242  0.73185723586011164   -1.688853035148874 -0.78050190768230721  0.10788150107554628 -0.13078388910958694                    0,0.73763710260391235
IIWA_14,1715860376.0108299,  0.4387995187195155   1.2298101942248858 -0.51591746669579042  -1.7496764630082424  -1.2896533133496917   1.2316439604009095 -0.29405926338611071,  -0.76784636277320928 5.6217665905911583e-05   -0.75994887158421864    -1.0258468627713406     -1.344229910754932    -1.4730832486648384     1.2243324567969258,  5.2031531600952148    61.04381468200684   16.524861873626708  -5.8434535560607914   1.3865904808044434  -2.1940835342407228 -0.18556593322753906, -15.971174605468551  -2.6986578294442944 -0.91694408370592217   1.1433514600515653  -2.0257655457724426  0.13333204106989127  0.13964272623503193, 0.50035369396209717 -0.20936647057533264  0.17331530153751373,  0.4880492091178894 -0.46755021810531616  0.54066932201385498   0.5008806586265564,-0.24695168435573578 -0.76677829027175903 0.020823311060667038,  0.10185236483812332  -0.98079663515090942 0.0074191405437886715,  0.27382189035415649  0.020323595032095909  0.044095542281866074  0.020323595032095909   0.22413799166679382 -0.043279979377985001  0.044095542281866074 -0.043279979377985001   0.16656692326068878,  -0.80993642742477334     0.7456456220396035    -1.7345656965428446   -0.79375470734266429    0.10968232895969265   -0.13089582226744056 8.8817841970012523e-13,0.74074971675872803
IIWA_14,1715860376.0158284,  0.4347275187487894   1.2298207403768908 -0.51965450754887998  -1.7546861686085382  -1.2969293677736446   1.2244268803905818 -0.28782794588272498,   -0.7771570890476116 0.00046682021292552319   -0.75744073139095769    -1.0210657142289041    -1.3664261055620641    -1.4671497993449798     1.2287186655729703,   2.1373308334350587    59.863267326354986    13.804100429534913    -4.056945671081543   0.28348072052001955   -2.1914135208129881 -0.046391483306884765,  -15.82655911236796  -2.7422282143180525 -0.93660075082414629   1.3661504772658379  -2.0606390462182849  0.11614166232961498  0.10215017759474043, 0.49923887848854065 -0.21329255402088165  0.17350539565086365, 0.48845890164375305 -0.46740829944610596  0.54093873500823975  0.50032258033752441, -0.2500329315662384 -0.76728641986846924 0.023178592324256897,  0.10957415401935577  -0.97971701622009277 0.0073716887272894382,  0.27428156137466431  0.020461002364754677  0.043441019952297211  0.020461002364754677   0.22342786192893982 -0.044161491096019745  0.043441019952297211 -0.044161491096019745   0.16670927405357361,-0.82061914493181121  0.75919661148926565  -1.7805905709602499 -0.80676053010719784  0.11167206584428158 -0.13092608095632841                    0,0.74231547117233276
IIWA_14,1715860376.0208321, 0.43057708204523254   1.2298143886874107 -0.52347004502141026  -1.7595689612832783  -1.3043925677446366   1.2171826561470627 -0.28159764688804084,  -0.78774313938036367 0.00011938859113421108   -0.75857408401397708    -1.0121642783727283    -1.3916688832893307    -1.4634888092167484     1.2321868922457417,   1.234559326171875   60.290219093322754   13.334957275390625  -2.4613212471008299  0.90238428115844727  -2.6660084075927735 -0.10379677200317383, -15.711984787924369  -2.8188252024430804  -1.0548027561411208   1.6085131318696779  -2.1016033722497478  0.14118286093819732 0.080698541528980705, 0.49810981750488281 -0.21718756854534149  0.17364610731601715, 0.48896569013595581 -0.46728000044822693  0.54113173484802246  0.49973833560943604,-0.25311079621315002 -0.76640206575393677 0.022985551506280899,  0.11801627278327942  -0.97848480939865112 0.0072924839332699776,  0.27474021911621094  0.020581740885972977  0.042778816074132919  0.020581740885972977   0.22271686792373657 -0.045036084949970245  0.042778816074132919 -0.045036084949970245   0.16685083508491516,   -0.83075647702646194     0.77244916473606651     -1.8268436205426397    -0.81930369104643574     0.11363622586557653    -0.13056116740628454 -2.6645352591003757e-12,0.74261021614074707
IIWA_14,1715860376.0258322, 0.42636336864781071   1.2298184633767155 -0.52734843987245272  -1.7643481503409555  -1.3119974692522689   1.2099861890206167 -0.27540833400559667,  -0.79874304740116397 0.00025849844510160864    -0.7619950612528803     -1.000898985005269    -1.4175311669367552    -1.4586497324312366     1.2333220290943605,   3.6882459869384769    60.637438903808594    14.660387504577637   -5.4011953964233399 -0.082755241394042972   -1.5148988685607909  -0.28035140991210938,-15.566613799102221 -2.9262649584601257 -1.1523175231554816  1.9193425753480682  -2.159973959267163 0.14146712982888232 0.07940164005683803, 0.49692851305007935 -0.22107797861099243  0.17380297183990479, 0.48947915434837341 -0.46711570024490356  0.54128396511077881  0.49922412633895874,-0.25769880414009094 -0.76544559001922607 0.023422082886099815,  0.12689991295337677    -0.977120041847229 0.0070224488154053688,  0.27520105242729187  0.020682845264673233  0.042103543877601624  0.020682845264673233   0.22199700772762299 -0.045902252197265625  0.042103543877601624 -0.045902252197265625   0.16699568927288055,   -0.84027785966878099     0.78544504663380366     -1.8733588282602298    -0.83142019455806349     0.11553702592426163    -0.13037154310335808 -2.6645352591003757e-12,0.74331480264663696
IIWA_14,1715860376.0308325, 0.42212760432428692   1.2298186431456284  -0.5312244977276267  -1.7691658087460911  -1.3197669862006918   1.2029162153952904 -0.26928325665727526,  -0.80842501086188301 0.00021398951259596141   -0.76463836320926326   -0.99342552420963903     -1.444805611486319    -1.4497187309580435     1.2316607172083447,    3.5982260360717775     60.467686996459967     17.574720909118653    -6.4174481887817381     1.4772690963745116    -3.0291302337646484 -0.0013350067138671875, -15.404109322180432  -3.0021840296007816  -1.1952205121714297   2.2001146964294631  -2.1985351047587041  0.13885433029835559 0.069170136424311801,0.49578693509101868  -0.224993035197258 0.17399895191192627, 0.49000522494316101 -0.46694612503051758  0.54144984483718872  0.49868655204772949, -0.2598622739315033  -0.7656438946723938 0.025251653045415878,  0.13615766167640686  -0.97562044858932495 0.0066820732317864895,  0.2756493091583252 0.020779713988304138 0.041431322693824768 0.020779713988304138  0.22126537561416626 -0.04676365852355957 0.041431322693824768 -0.04676365852355957  0.16716381907463074,  -0.84982324191695824    0.79818178929258465    -1.9205799603900786   -0.84323333628688601    0.11755678548208692   -0.13013416419926926 1.7763568394002505e-12,0.74437159299850464
IIWA_14,1715860376.0358324, 0.41786038131366054   1.2298188229145415 -0.53501846358510086  -1.7739662098809983  -1.3275799337476886   1.1956849340771716 -0.26317220073874892,  -0.81742892911456144 0.00017838236660032541   -0.76346932486637697   -0.98675646476399947    -1.4683623910689272    -1.4490262374911864     1.2297708105077296,  3.8554258956909182   60.364807052612306   18.027733066558838    -4.06232266998291  0.75800279617309574  -2.3362617492675781 0.047726490020751952,  -15.22276361044832  -3.0753748091307473   -1.194214435442519   2.4869756259126015  -2.2317842030733432  0.12476145090827551 0.063569965268268747, 0.49465781450271606 -0.22892534732818604  0.17423044145107269, 0.49053382873535156 -0.46675071120262146  0.54161316156387329  0.49817216396331787,   -0.26115682721138 -0.76646864414215088 0.028074527159333229,  0.14600147306919098  -0.97393894195556641 0.0064724283292889595,  0.27608925104141235  0.020867493003606796  0.040757492184638977  0.020867493003606796   0.22052229940891266 -0.047617986798286438  0.040757492184638977 -0.047617986798286438   0.16735056042671204,-0.85919252081634312  0.81063503863276765  -1.9683575074500581 -0.85468156403223361  0.11963529252323468 -0.12999747626096791                    0,0.74575847387313843
IIWA_14,1715860376.0408328, 0.41355990214496824   1.2298188229145415 -0.53877533835981006  -1.7786279535516472  -1.3355615233845934   1.1885411974925852 -0.25709272328054511,   -0.8259623100393414 0.00014270589328026033   -0.76105045088146994   -0.97587491863715425    -1.4939534983313367    -1.4449704533764025     1.2269957467343362,  3.7936979293823243   60.107607192993164   14.230227592468262  -3.7370142364501953  0.15054410934448242  -2.2244549369812012 -0.30237902069091799, -15.032676393701575  -3.1876542415037132   -1.196031652049637   2.8389834800026121   -2.265149758957361 0.089140287331465284 0.085296043622024142, 0.49348613619804382 -0.23284904658794403   0.1744905561208725, 0.49109435081481934 -0.46647787094116211  0.54174375534057617  0.49773329496383667,-0.26393687725067139  -0.7667192816734314 0.031401969492435455,  0.15679876506328583  -0.97199767827987671 0.0061794314533472061,  0.27653071284294128   0.02093825489282608  0.040070179849863052   0.02093825489282608   0.21977119147777557 -0.048462364822626114  0.040070179849863052 -0.048462364822626114   0.16754013299942017,-0.86802870982261027  0.82279955960284923  -2.0164052249302955 -0.86571917656641517  0.12177456333795078 -0.13005065227389423                    0,0.74711990356445312
IIWA_14,1715860376.0458319, 0.40922095362881727    1.229816426032063 -0.54262185509931404   -1.783196579761545  -1.3437538437263181   1.1814447986006362 -0.25108850671043192,  -0.83432778867751178 1.8289415484416729e-05    -0.7627010302853352    -0.9634449833056371    -1.5228556123340566    -1.4398323183790829     1.2217652601919964,  1.2319873275756836    60.80204681396485   13.835018173217774  -4.0609784202575687  0.64443443298339842  -2.5638803939819335 -0.25031375885009766,-14.859575925201174 -3.3421015693743943 -1.3156057323359889  3.2236578256672059 -2.3252886748110413 0.11977800020309814 0.11443239396783411, 0.49228945374488831 -0.23674182593822479  0.17467705905437469, 0.49176663160324097 -0.46625047922134399  0.54177671670913696  0.49724644422531128,-0.26722997426986694 -0.76563137769699097 0.031029282137751579,  0.16771583259105682  -0.96990889310836792 0.0056839552707970142,  0.27697107195854187  0.020991433411836624  0.039374463260173798  0.020991433411836624   0.21901954710483551 -0.049305129796266556  0.039374463260173798 -0.049305129796266556   0.16772839426994324,  -0.87623741374542874    0.83474011566853079     -2.064881468465174   -0.87628357593150241    0.12383373491609007   -0.12953902928636296 1.7763568394002505e-12,0.74735599756240845
IIWA_14,1715860376.050833, 0.40480548573310193    1.229824095881461 -0.54653482437742307  -1.7876961767814465   -1.352044914098989   1.1743246709757584 -0.24512120167233689,  -0.84408094677062318 0.00032142550830912658    -0.7666795953526292    -0.9507398674405716    -1.5499273047740794     -1.436670959698378     1.2161044096773985,  3.1301222915649416   60.434251014709474     14.9776304397583  -7.1030155487060549  0.46483795166015623  -1.7495262985229492 0.084439174652099602,-14.739585993028806 -3.4720427362153572 -1.4468583546417468  3.5641822008068909 -2.3512240232075796 0.14681960250010517 0.14049141410689903, 0.49113348126411438 -0.24059809744358063  0.17487351596355438, 0.49247658252716064 -0.46598935127258301  0.54181694984436035  0.49674457311630249,-0.26821017265319824 -0.76330870389938354 0.031031711027026176,  0.17899291217327118  -0.96762359142303467 0.0049880389124155045,  0.27739930152893066  0.021036453545093536  0.038682855665683746  0.021036453545093536   0.21827095746994019 -0.050130218267440796  0.038682855665683746 -0.050130218267440796   0.16792580485343933,-0.88417135604768049  0.84614579419106661  -2.1132747318048928 -0.88628587036509998  0.12607147913801242 -0.12893994235962936                    0,0.74583852291107178
IIWA_14,1715860376.0558321,  0.4003637724487597    1.229824335646067 -0.55045726119405947  -1.7922122522183976  -1.3604731797427043   1.1673762174267655 -0.23917343079556247,  -0.85293328879018782 0.00026673099088518533   -0.77024114894755935   -0.94123491143050109    -1.5770724695678775    -1.4272749097184219     1.2107943628128957,   4.7453374099731445     60.02530323791504    17.440295936584473   -5.0167399749755859    1.6709515762329101   -2.6102718772888185 -0.015352577209472655,-14.601477247071479 -3.5920734900206077 -1.5055515311116778  3.9063312056043635 -2.3557547109001282 0.15188235707381148 0.17618194395460907, 0.49000614881515503 -0.24446707963943481   0.1751217395067215,  0.4932103157043457 -0.46566158533096313  0.54186582565307617  0.49627041816711426,-0.26789802312850952 -0.76194632053375244 0.033026311546564102,  0.19121477007865906  -0.96501481533050537 0.0041105384007096291,  0.27781680226325989  0.021077251061797142   0.03799162432551384  0.021077251061797142   0.21751098334789276 -0.050947647541761398   0.03799162432551384 -0.050947647541761398   0.16814433038234711,  -0.89210894124747142    0.85727756305864489    -2.1622923798041427   -0.89599633883175045    0.12850539545716799   -0.12846445954650676 1.7763568394002505e-12,0.74483728408813477
IIWA_14,1715860376.0608308, 0.39590312419644569   1.2298137894940617 -0.55431899785913941  -1.7966113615793664  -1.3690005788662025   1.1603219431471439 -0.23325196541219101,    -0.8607725611247109 -0.00020846128750152745    -0.77066238576124513    -0.92895230358315162     -1.6027539405942302     -1.4239908989596006      1.2054941055851751,    2.404818687438965    59.094239746093756    18.241468772888183   -3.9843561859130858 -0.087157115936279297   -3.2023473548889161  -0.32474038314819337,-14.389677412789524 -3.7303183826369195 -1.5178328297741048  4.3029557567409107 -2.3881383949252051 0.15578097472155239 0.21555609055701042, 0.48886558413505554 -0.24836686253547668  0.17538486421108246,0.49395889043807983 -0.4653356671333313 0.54187685251235962 0.49581936001777649, -0.2682768702507019 -0.76205533742904663 0.035164829343557358,  0.20426207780838013  -0.96206825971603394 0.0034717018716037273,  0.27822887897491455  0.021105380728840828  0.037295248359441757  0.021105380728840828   0.21673774719238281 -0.051763508468866348  0.037295248359441757 -0.051763508468866348   0.16837999224662781, -0.8997073686058954  0.86817077534107057  -2.2121253808551344 -0.90526473296481669  0.13088695717122789 -0.12798729807261822                    0,0.745339035987854
IIWA_14,1715860376.0658269, 0.39138686899058162   1.2298205006122849 -0.55815341063119772   -1.800851679903241  -1.3777438858646807   1.1532327946801568 -0.22735596645518463,  -0.86926825713433165 0.00010167569892462094   -0.76990641949132876    -0.9127745758215059    -1.6319354324145099    -1.4227586578471625     1.2002352427483953,  2.2247787857055665   59.649791442871098    14.90907370376587  -5.2802129211425779  0.15758710861206054  -1.6337144660949707 -0.11047180557250977,-14.147207784191238 -3.8945390741115382 -1.5056588368297703  4.7679507794098415  -2.433681785791769 0.12582576652408273 0.26724626897479775, 0.48768272995948792 -0.25225973129272461  0.17568869888782501, 0.49470293521881104 -0.46495160460472107  0.54187393188476562  0.49544090032577515,-0.27029883861541748 -0.76181614398956299 0.038441579788923264,  0.21739207208156586  -0.95891237258911133 0.0027224246878176928,  0.27863964438438416  0.021115567535161972  0.036588452756404877  0.021115567535161972   0.21595790982246399 -0.052566811442375183  0.036588452756404877 -0.052566811442375183   0.16862070560455322,   -0.9066784970581665    0.87868207278241073    -2.2621363373760417   -0.91398008970067224    0.13328544636159734   -0.12779488933567507 8.8817841970012523e-13,0.74609929323196411
IIWA_14,1715860376.0708289, 0.38682129874312082    1.229819841532326 -0.56207309102752989   -1.805020332717284   -1.386662354281422     1.14632394897871 -0.22147650569275479, -0.8780374156058971 5.49773607864448e-05 -0.77271235144634987 -0.89696577321892457   -1.662287082601263  -1.4145607543356016     1.19536662469591, 1.7283830566406251  60.243923118591312  14.259801086425782 -6.2561382217407226  1.2175584983825682 -2.4627536354064943 0.17955840301513673,-13.965267835560306 -4.0593807315507808  -1.590108673419067  5.1938828988387158 -2.4672044054924838 0.15369430001303863 0.31413503554111766,   0.486533522605896 -0.25610789656639099  0.17594674229621887,   0.495542973279953 -0.46459352970123291  0.54182398319244385  0.49499174952507019,-0.27058494091033936 -0.75984567403793335 0.039139509201049805,  0.23069442808628082  -0.95551931858062744 0.0016648429445922375,  0.27903878688812256  0.021117597818374634  0.035886514931917191  0.021117597818374634    0.2151835560798645 -0.053361084312200546  0.035886514931917191 -0.053361084312200546    0.1688673198223114,  -0.91332802322874329    0.88878373956902124    -2.3123302719252337   -0.92215008085538841    0.13577888026716778   -0.12707200849249034 8.8817841970012523e-13,0.7447170615196228
IIWA_14,1715860376.0758283, 0.38219406972201181   1.2298224181837174 -0.56607054907673404  -1.8091190573876827  -1.3956207062640982   1.1393443962804404 -0.21559662550588907,   -0.8875190933290783 0.00014704794428362187   -0.77806820312524594   -0.88152160539108904     -1.688163745388056     -1.410830711399268      1.191488507231357,  0.5735556869506836   60.542274955749512   15.247824634552002  -6.5169226684570312   1.0001058959960938  -2.2851977424621581 -0.10112675857543946,-13.818075113626357 -4.2182779078522969 -1.7015874920259293  5.5807318959818737 -2.4675850774641841 0.20647427207417213 0.36175139089267383,   0.485443115234375 -0.25993451476097107  0.17618496716022491,0.49646526575088501 -0.4642065167427063 0.54176473617553711  0.4944952130317688,-0.26848414540290833 -0.75742828845977783 0.038796264678239822,   0.24466098845005035   -0.95175421237945557 0.00045302484068088233,  0.27942535281181335  0.021115906536579132  0.035188935697078705  0.021115906536579132   0.21441200375556946 -0.054144248366355896  0.035188935697078705 -0.054144248366355896   0.16912472248077393,-0.91986401933663586  0.89837463550956898  -2.3627706085083133  -0.9297903566070076  0.13852145466941579 -0.12604089795331674                    0,0.74216270446777344
IIWA_14,1715860376.0808277,  0.3775108743186098   1.2298225978435473 -0.57008652277855731   -1.813135031089506  -1.4047827900067609   1.1325070964246882 -0.20966131824346929,  -0.89734309079934294 0.00012482474862297665    -0.7830935105731277   -0.86585623238580212    -1.7170143460169527    -1.4021565633495028      1.190603096281877,  4.356965621948242  59.765531379699709  18.409499988555908 -6.2507612228393556 -1.6322150802612305 -1.4488160362243652  1.1467707672119141,-13.609771701818548 -4.3653966181254926 -1.6986906945113915  6.0071976839579371  -2.472142613069805 0.20067832134637875 0.41088483359222194, 0.48435264825820923 -0.26377928256988525  0.17649929225444794, 0.49734950065612793 -0.46375763416290283  0.54173445701599121  0.49406087398529053, -0.2668362557888031 -0.75621360540390015 0.041509769856929779,  0.25968599319458008  -0.94747930765151978 -0.001054469496011734,  0.27980342507362366  0.021104533225297928  0.034489810466766357  0.021104533225297928   0.21362985670566559 -0.054914422333240509  0.034489810466766357 -0.054914422333240509   0.16940061748027802, -0.9261385201941863  0.90753531328768844  -2.4136017797733444 -0.93690619588127078  0.14136202641878981 -0.12542603488441273                    0,0.7409360408782959
IIWA_14,1715860376.0858276, 0.37284547538309198   1.2297981500349671 -0.57399338013179202   -1.817014983865072  -1.4144635510455972   1.1257152765767509 -0.20346355654936546,   -0.90449043006018703 -0.00087805254431127123    -0.78274910258789043    -0.84788309693128028     -1.7608419183670145     -1.3933980445970946      1.2003929447896546,  10.069374504089357   55.346837791442873   25.051437881469727  -2.0109975891113283   -1.173539752960205   -4.414533451080322 0.023362617492675781, -13.31736609525184 -4.5282217784930019 -1.6532782394838526   6.495738464999655 -2.5236753645332302 0.20562171418989994 0.45511354227171158, 0.48324185609817505 -0.26765254139900208  0.17682003974914551, 0.49823892116546631 -0.46334895491600037  0.54166138172149658  0.49362802505493164,-0.26643455028533936 -0.75636142492294312 0.043908111751079559,   0.27479749917984009   -0.94291931390762329 -0.0024317691568285227,  0.28017494082450867  0.021080011501908302  0.033787872642278671  0.021080011501908302   0.21283459663391113 -0.055684778839349747  0.033787872642278671 -0.055684778839349747   0.16969510912895203,-0.93201530890674178  0.91646912442122641  -2.4653612914056211 -0.94350212912264197  0.14408061469151079 -0.12471632037147629                    0,0.74127233028411865
IIWA_14,1715860376.0908287, 0.36828146316923788   1.2297624371078126 -0.57760434690819751  -1.8205244442556769   -1.424172882426157   1.1184575701010924 -0.19729617481980341,  -0.90615283260231394 -0.0021309591216262117   -0.77063795312653194   -0.81868489316922255    -1.7970467899160056    -1.4050266947040153     1.2070096250142057,   9.9459185714721681    53.273806922912598    25.896970958709716   -2.4250265045166017   0.91647027969360351     -2.91331840133667 -0.046725234985351562,-13.018593725939875 -4.6821765920322633  -1.576371291708714  6.9816315814144145 -2.5617366506616794 0.18685263280171105 0.49465799566449919, 0.48214221000671387 -0.27152472734451294  0.17718106508255005, 0.49911895394325256 -0.46289679408073425  0.54161840677261353  0.49321019649505615,-0.26569804549217224 -0.75643408298492432 0.047364778816699982,   0.28958973288536072   -0.93818682432174683 -0.0037884414196014404,   0.2805381715297699  0.021045634523034096  0.033084463328123093  0.021045634523034096   0.21203622221946716 -0.056440301239490509  0.033084463328123093 -0.056440301239490509   0.17000088095664978,-0.93754364080123054  0.92484647802937303  -2.5172976439504779 -0.94945192029349812  0.14695055933700019 -0.12420787887901241                    0,0.74150574207305908
IIWA_14,1715860376.0958269, 0.36375418250032276   1.2297313380676191 -0.58100996402621663  -1.8238551600234314  -1.4340565123341975   1.1113278550553842 -0.19110536389944566,  -0.90601349283845567 -0.0029487289050407327   -0.75273504722199047   -0.78817654524555625    -1.8329826282544239     -1.409209957591538     1.2132401368256747, 6.9392522125244147  58.363792144775395  16.678106342315672 -7.7711076622009276 0.98073764801025387 -2.3048890914916993 -0.2356286849975586, -12.90545650112864 -4.7873668421262376 -1.6164675211678321  7.3142639005937093  -2.493064267874705 0.19865252921208842 0.51203025630836407, 0.48117619752883911 -0.27530723810195923  0.17753146588802338, 0.50011646747589111 -0.46235093474388123  0.54169356822967529  0.49262893199920654,-0.25971308350563049 -0.75295430421829224 0.049491144716739655,   0.30482751131057739   -0.93304049968719482 -0.0056480416096746922,  0.28088328242301941  0.021022206172347069  0.032391395419836044  0.021022206172347069   0.21125753223896027 -0.057172685861587524  0.032391395419836044 -0.057172685861587524   0.17030644416809082,   -0.94344287666636717     0.93250045089643407     -2.5687651034793646    -0.95503915084282909     0.15066172627875574      -0.123303110788342 -8.8817841970012523e-13,0.73699045181274414
IIWA_14,1715860376.1008298, 0.35919172810190914   1.2297550069139378 -0.58457928561042349  -1.8272036722590699  -1.4440604640191401   1.1042955119286448 -0.18487800109397878,  -0.90730897020730972 -0.0014122292712862462   -0.74496090114586699   -0.76448172562198424    -1.8665441700012437    -1.4086616911428063     1.2196866216792146,  -1.0056514511108399    59.374587593078616    9.9918082084655762   -8.7268692169189457  -0.27995922088623049   -1.7468562850952147 -0.038715194702148438,-13.053112384892559 -4.8866248195757818 -2.0185386929612985   7.481649447452174 -2.3772232681062961  0.4107516108607876 0.50416002517084524, 0.48041227459907532 -0.27889451384544373  0.17766077816486359, 0.50140464305877686 -0.46194130182266235  0.54169183969497681  0.49170470237731934,-0.24668292701244354 -0.74254900217056274 0.042198270559310913,   0.32078865170478821   -0.92735970020294189 -0.0076570459641516209,  0.28119510412216187   0.02101619727909565  0.031740676611661911   0.02101619727909565   0.21052801609039307 -0.057890798896551132  0.031740676611661911 -0.057890798896551132   0.17060276865959167,   -0.94974446197237938     0.93951915047885137     -2.6193407706625038    -0.96014457986282054       0.154844007445476    -0.12031661442168939 -2.6645352591003757e-12,0.72385197877883911
IIWA_14,1715860376.105829, 0.35448348569657795   1.2297640549189461 -0.58844126204010927  -1.8304482213398194  -1.4542237578070716   1.0974601894218521 -0.17861498524796754,   -0.91417687237909528 -0.00076786321669545382    -0.75044777810412466    -0.74136734372756985     -1.8997670875182535     -1.4003422531859551      1.2262699311838214, -1.880130973815918  60.210487136840825  10.903209522247314 -5.5867018585205077    2.22470739364624 -1.8052628288269044 0.11881559753417968,-13.261649740431478 -4.9930464989243113 -2.4858454278709639  7.6487110161106635 -2.2370937137812663 0.62256817600502901  0.4980501111804308, 0.47973629832267761 -0.28235861659049988   0.1777319610118866,  0.5027891993522644 -0.46149522066116333  0.54170697927474976  0.49069207906723022,-0.23254463076591492 -0.72940737009048462 0.033906202763319016,   0.3370184600353241   -0.9212682843208313 -0.010013413615524769,  0.28149014711380005  0.021010033786296844  0.031105581670999527  0.021010033786296844   0.20983123779296875 -0.058581240475177765  0.031105581670999527 -0.058581240475177765   0.17088660597801208,  -0.95580452373766889     0.9456690546416624    -2.6686187344244772   -0.96453274657370969     0.1594265671869266   -0.11688570141199506 8.8817841970012523e-13,0.70808714628219604
IIWA_14,1715860376.1108284,  0.3496957279449382   1.2297559056494194 -0.59244573085875263  -1.8334841251442224  -1.4644363307919002   1.0907932452639011 -0.17232524459320053,   -0.92285180796886646 -0.00094026135442624732    -0.76053697522903407    -0.71453002715817571     -1.9283165894077463     -1.3869515688668039      1.2326055711377375,  3.1867062606811527   58.417804115295411   18.523761215209962  -7.2576042671203611 -0.61098018646240237  -2.4390572662353516 -0.23763119506835936, -13.26978148924367 -5.1348140985545276 -2.7228318462939036  7.9644380455614607 -2.1608187806724257 0.76449043296592345 0.51321847041306734, 0.47900223731994629 -0.28587692975997925  0.17786112427711487, 0.50412780046463013 -0.46099564433097839  0.54171788692474365  0.48977535963058472,-0.22361777722835541  -0.7210392951965332 0.029556704685091972,   0.3516085147857666  -0.91549265384674072 -0.012388143688440323,  0.28178542852401733  0.020988801494240761  0.030455224215984344  0.020988801494240761   0.20911036431789398 -0.059272740036249161  0.030455224215984344 -0.059272740036249161   0.17119194567203522,-0.96145757820487177  0.95173148846861011  -2.7190236903429366 -0.96861284648319668  0.16398451116828028 -0.11397650568145679                    0,0.69826000928878784
IIWA_14,1715860376.1158323, 0.34491851634530368   1.2297666914569474 -0.59633820713528318  -1.8363822103332386  -1.4748899304303036   1.0841527862591827 -0.16600692144485518,   -0.92936991036047367 -0.00032077678242091521    -0.76412863124444952    -0.68754742928718582      -1.960797257062334     -1.3751796152821807      1.2388173828440041,   2.0678868713378908    60.385383041381836    22.731262855529785   -4.9522159881591801   0.60393718719482425   -3.5157401809692383 -0.075094127655029291,-13.072377697886985 -5.2161675443256819 -2.6333178383032725  8.3007005648731784  -2.111096143291471  0.7909343030689242 0.51862889298589199, 0.47824758291244507 -0.28952553868293762  0.17815476655960083, 0.50530576705932617 -0.46046152710914612   0.5417974591255188  0.48897519707679749,-0.21743771433830261 -0.71956759691238403 0.032668851315975189,  0.36328470706939697  -0.91064119338989258 -0.013429682701826096,  0.28207260370254517  0.020959446206688881  0.029803168028593063  0.020959446206688881   0.20835363864898682 -0.059960342943668365  0.029803168028593063 -0.059960342943668365   0.17154222726821899,-0.96712567709822395  0.95743951709525987  -2.7709365820483001 -0.97212512238176174  0.16845053853842273 -0.11204809603704291                    0,0.6955992579460144
IIWA_14,1715860376.1208303, 0.34008833433012031   1.2297690883394259 -0.60007602695063456  -1.8390638604051242  -1.4854214756004365   1.0773743288701647 -0.15963586786373318,   -0.93670320889571379 -0.00016074612679694065    -0.76081569760961454    -0.65730394630517219     -1.9898996124551827     -1.3712819877864624      1.2458960495200833, 1.5534871520996094  60.760894836425784  19.943288925170897 -7.7536324157714844  1.3892316055297851 -3.0077701263427734 -0.1071342887878418,-12.860636311158011 -5.2424565399639844 -2.4454782540098559  8.5387283216047383 -2.0525898536125826 0.78708265903946284 0.49957175241039425, 0.47752702236175537 -0.29321783781051636  0.17854659259319305, 0.50636875629425049 -0.45994332432746887   0.5419430136680603  0.48820140957832336,-0.21115274727344513 -0.72022062540054321 0.039122875779867172, 0.37372231483459473 -0.90612047910690308 -0.01410466805100441,  0.28234419226646423  0.020927704870700836  0.029165290296077728  0.020927704870700836   0.20758463442325592 -0.060633290559053421  0.029165290296077728 -0.060633290559053421   0.17192462086677551,-0.97285515264111666   0.9625647266817694  -2.8233576173031238 -0.97494292505562186  0.17288509018964504 -0.11061882467799933                    0,0.69499987363815308
IIWA_14,1715860376.1258059, 0.33520110753733251   1.2297855666473925 -0.60383667676343267  -1.8416726464713975  -1.4959696068089841    1.070794330252397 -0.15324557955434034,  -0.94485163882808321 0.00053053541722577211   -0.75907855059961615   -0.63019459969507174    -2.0138449383060495     -1.360225534939878     1.2523283719917802,0.0025719985961914064     62.01603015136719    15.149694404602052   -9.3102735977172859   0.18663948059082031    -2.068592903137207  -0.28268767166137693,-12.785910299309114   -5.29322261011413 -2.4092115360936868  8.7054174524610257 -1.9343856126824295 0.83973314988223091 0.49353947792721697, 0.47688019275665283 -0.29683604836463928  0.17889070510864258, 0.50754332542419434 -0.45937013626098633  0.54209214448928833  0.48735505342483521,-0.20312216877937317 -0.71784615516662598 0.042288515716791153,    0.385212242603302  -0.90098583698272705 -0.015184933319687843,  0.28260254859924316  0.020897338166832924  0.028535952791571617  0.020897338166832924   0.20683437585830688 -0.061289660632610321  0.028535952791571617 -0.061289660632610321   0.17230401933193207,   -0.97852961158917395     0.96702695899697488      -2.875316159647312    -0.97722662952914874     0.17774219095301191    -0.10881409677487852 -2.6645352591003757e-12,0.69118732213973999
IIWA_14,1715860376.1308293, 0.33024473167224527   1.2298095950315369 -0.60774718927245341  -1.8442127627764173  -1.5067319201109473   1.0644112324813564 -0.14682503105362565,-0.95413634566595606 0.001385563699556307 -0.76368334084052281 -0.60576033195685042  -2.0415684827233678  -1.3435043387935275   1.2586846376220118, 0.39865978240966798   64.487720802307138   14.421111053466797  -7.7092721748352053  0.81874866485595699  -2.7474438171386719 -0.18389717483520507, -12.73793056361875 -5.3602398282480008 -2.5080773021535561   8.865312044550663  -1.822423747149839 0.96634326113975177 0.47178724071029898, 0.47630879282951355 -0.30039441585540771   0.1791384220123291, 0.50881898403167725 -0.45887985825538635  0.54220026731491089  0.48636552691459656, -0.1936580091714859 -0.71364736557006836 0.040908537805080414,   0.3972262442111969  -0.89541548490524292 -0.017371451482176781,   0.2828449010848999  0.020866720005869865   0.02792452834546566  0.020866720005869865   0.20610859990119934 -0.061935096979141235   0.02792452834546566 -0.061935096979141235   0.17267937958240509,-0.98401431641992332  0.97068378109277376  -2.9268715695627279 -0.97862945227245035  0.18273464964302377   -0.106139293852614                    0,0.68522477149963379
IIWA_14,1715860376.135828, 0.32523646422325314   1.2298363797269027 -0.61175938782710459  -1.8465776698411525  -1.5175159009774424   1.0581237088310718  -0.1403633167808411, -0.9636397744924502 0.002179838774280162 -0.77143461485846554 -0.57920454815488576  -2.0646140208384995  -1.3263044170462068   1.2654162810089915,  3.7834099349975587   60.328799072265632   18.900151138305663  -8.0560886039733894  0.97897689819335931  -2.1290019569396974 -0.22628363800048829,-12.586445548420416 -5.4244850915116594 -2.4862730084519304    9.11713470433277  -1.758085325824291  1.0317832140464258 0.45337753597040409,0.47570335865020752 -0.3039642870426178 0.17942380905151367, 0.51002967357635498 -0.45838743448257446  0.54230970144271851  0.48543879389762878,-0.18742749094963074 -0.71079343557357788 0.041320506483316422,  0.40887358784675598  -0.88980299234390259 -0.020260162651538849,  0.28308266401290894  0.020820291712880135  0.027311136946082115  0.020820291712880135   0.20537972450256348 -0.062566712498664856  0.027311136946082115 -0.062566712498664856    0.1730637401342392,   -0.98883264655924563     0.97371649198851884     -2.9784281112590349    -0.97916477945592106     0.18759861935713218    -0.10385882149233083 -2.6645352591003757e-12,0.68139171600341797
IIWA_14,1715860376.1407952, 0.32023736466157254   1.2298252343815486 -0.61571142575510407  -1.8488023614080227  -1.5283663223397705   1.0520628669077898 -0.13390783420615082, -0.97087580206118407 0.0012980572052569345  -0.77522920900675141  -0.55235130119871734   -2.0857080711639266   -1.3034772105682428    1.2705523277948045,  4.6013054885864264   59.276851646423346   19.787355957031249  -7.5654374542236331  0.52294269561767581  -2.8295467300415038 -0.26733509445190429,-12.357398115726586 -5.4649458815207641 -2.2908718688296346  9.3940187907177322 -1.6936998535997438  1.0224825530292394 0.44606056881213985, 0.47509267926216125 -0.30758756399154663   0.1798081248998642, 0.51117902994155884 -0.45781245827674866  0.54246926307678223  0.48459354043006897,-0.18271273374557495 -0.71067076921463013 0.045594815164804459,   0.4194219708442688  -0.88453066349029541 -0.022874867543578148,  0.28331398963928223  0.020767023786902428  0.026694150641560555  0.020767023786902428   0.20463284850120544 -0.063187785446643829  0.026694150641560555 -0.063187785446643829    0.1734735518693924,-0.99354350860370033  0.97626791461102869  -3.0307266648588183 -0.97914313239932937   0.1925936857256616 -0.10227760619052617                    0,0.68060249090194702
IIWA_14,1715860376.1458316, 0.31521441648466031   1.2298252343815486 -0.61963212476922092  -1.8508302121238589  -1.5393844269081158   1.0460605678000261 -0.12743479481909931, -0.97761856872543662 0.0010384457642055476  -0.77701132777007498  -0.52299506959242281   -2.1092906396649527   -1.2828737327651436    1.2753634377179044,  0.79989156341552736    59.114815734863285    18.074781806945801   -4.6968085403442386 -0.011444873809814453   -2.9363472671508788  -0.14217821502685546,-12.113843342147721 -5.4720813808999935 -2.0304238316778571  9.6265918251585614 -1.6418055015341602  1.0006608578453218 0.42021232286238053, 0.47450354695320129 -0.31123757362365723  0.18024934828281403, 0.51225370168685913 -0.45726212859153748  0.54266738891601562  0.48375573754310608,-0.17809849977493286 -0.71171659231185913 0.051342315971851349,  0.42876911163330078  -0.87969595193862915 -0.024855315685272217,  0.28353330492973328  0.020710358396172523  0.026087740436196327  0.020710358396172523    0.2038770318031311 -0.063797235488891602  0.026087740436196327 -0.063797235488891602   0.17390832304954529,-0.99822101474877911  0.97827522167204251   -3.083509831130371 -0.97844606357266883  0.19755803396659388 -0.10100160055426244                    0,0.68102836608886719
IIWA_14,1715860376.15083,0.31012100096644812  1.2298242756503739 -0.6235896155421361  -1.852569542570131 -1.5504450995333185  1.0401517456908393 -0.1209211888533268,  -0.98583147570883678 0.00079240736437756964   -0.77990869313266742   -0.48796927352482061    -2.1298594167400706    -1.2626518705795851      1.280834988805224,  1.7052350692749025   58.530972053527833   16.596107109069823  -7.0559668083190914   1.1066312599182129  -2.5305052261352539 -0.21860734939575197, -11.95843535212297 -5.4599610015664037 -1.8258236775283723  9.7972981309947222 -1.5597553004127538 0.97059172724740428  0.3895732028714417, 0.47395724058151245 -0.31483271718025208   0.1807238757610321, 0.51330792903900146 -0.45668640732765198  0.54290610551834106  0.48291349411010742,-0.17257767915725708 -0.71045440435409546 0.057282224297523499,  0.43875357508659363  -0.87439358234405518 -0.027156954631209373,  0.28373879194259644  0.020652534440159798  0.025496972724795341  0.020652534440159798   0.20313659310340881 -0.064382188022136688  0.025496972724795341 -0.064382188022136688   0.17434538900852203,   -1.002732099012249    0.9794854231550687   -3.1354453935961146  -0.97698418276515042   0.20266744127361846 -0.099917335831811727                     0,0.67926555871963501
IIWA_14,1715860376.1558301, 0.30499462894138585   1.2298243955326769 -0.62760439074817853  -1.8541769267794508   -1.561568569454074    1.034511250500854 -0.11441585193030099,   -0.9937200615695605 0.00063872118362099783   -0.78451796274783125   -0.45467078719264964    -2.1488263302222732    -1.2357413040630811     1.2848814679652114,  1.8106870117187501   59.940427284240727   18.038487064361572  -8.3908067855834965  0.37327896118164061  -2.2861989974975585 -0.26066006088256838,-11.839147657679376 -5.4509965098071502  -1.652373447573019  9.9392226935517787 -1.4544418043255174 0.95970641553638192 0.35883280589742567, 0.47348904609680176 -0.31839627027511597  0.18119382858276367, 0.51440215110778809 -0.45607990026473999  0.54317361116409302  0.48202067613601685,-0.16498729586601257 -0.70827996730804443 0.061842314898967743,  0.44894513487815857  -0.86880201101303101 -0.030205223709344864,  0.28392937779426575  0.020600130781531334  0.024921080097556114  0.020600130781531334    0.2024071216583252 -0.064951598644256592  0.024921080097556114 -0.064951598644256592   0.17479145526885986,    -1.0074373397452874     0.97997690402262805     -3.1871555641833638     -0.9749398852498814      0.2080791002159188   -0.098743994455752215 -8.8817841970012523e-13,0.67621374130249023
IIWA_14,1715860376.1608291, 0.29984171187648079    1.229838896491684 -0.63160550395316872  -1.8556521848738223  -1.5727808185142917   1.0289882604754237 -0.10790050827109196,   -1.001092731851851 0.0010910153071817716  -0.78765889839787273  -0.42274695352898156   -2.1675510265865299    -1.209512644267678    1.2885189207405303,   3.5982260360717775    60.971798721313483    18.623235694885253   -8.3598890419006349   0.36447521209716799   -3.0087713813781738 -0.054401523590087889,-11.703635641157408 -5.3865107338044318 -1.4107321732848819  10.022637609365344 -1.3535231120037294 0.93132618265062073 0.30025572124135991, 0.47310388088226318 -0.32196858525276184  0.18170221149921417, 0.51543819904327393 -0.45550540089607239  0.54350584745407104  0.48108184337615967, -0.1555512547492981 -0.70703285932540894 0.067099772393703461,  0.45888033509254456  -0.86316800117492676 -0.033711332827806473,  0.28410261869430542  0.020554827526211739  0.024368254467844963  0.020554827526211739   0.20168103277683258 -0.065503582358360291  0.024368254467844963 -0.065503582358360291   0.17525944113731384,    -1.0124989235302806     0.97964270694461675     -3.2388486066636801     -0.9721519167982251     0.21359229499573473    -0.09771296310034927 -2.6645352591003757e-12,0.67377656698226929
IIWA_14,1715860376.1658306, 0.29467998635300707    1.229838776609381 -0.63558977942144956  -1.8569613416195276  -1.5839944099072372   1.0235538339103938 -0.10136095634974236,  -1.0073432064204293 0.0008680169536264753  -0.78949813744953179   -0.3905638326513976   -2.1825844769870408   -1.1849871780153385    1.2923972134464083, 2.3225147323608399  59.976435264587408  17.719899879455568 -7.6192074432373049  1.4358914756774903 -2.5672179107666016 -0.2032547721862793,-11.537919465155321 -5.3031658630392782 -1.0733951582199777  10.121469570688872 -1.2626250602713518 0.84627077299982245 0.24493239553877935, 0.47273200750350952 -0.32554912567138672  0.18229036033153534,  0.5163956880569458 -0.45487993955612183    0.543895423412323   0.4802057147026062,-0.14740151166915894  -0.7064550518989563 0.074554011225700378,  0.45888033509254456  -0.86316800117492676 -0.033711332827806473, 0.28426703810691833  0.02050541527569294 0.023822357878088951  0.02050541527569294  0.20095154643058777 -0.06603529304265976 0.023822357878088951 -0.06603529304265976   0.1757436990737915,  -1.0174384415684301   0.97861051021830292   -3.2903879664809565  -0.96866993995980977   0.21916085541029418 -0.097353176274239672                     0,0.67253226041793823
IIWA_14,1715860376.1708329, 0.28948434548242552   1.2298381174203392 -0.63958873550856732  -1.8580797094433805  -1.5952072342279764   1.0183169073854392 -0.09486263030523874,   -1.0137001999596056 0.00066804600122933298   -0.79155675344433574   -0.35718577907523347    -2.1945805544192014    -1.1574668034104532     1.2938508125372716,   1.329723274230957   60.928074745178229    17.44701718521118  -7.6124861946105957 -0.66820455551147462  -2.3302542190551758 -0.28235391998291015, 36.355384595930943 -10.391522266117445  31.483377046721888  14.956155708702514 -2.9984988747695511   2.136786426614131 0.19530157688532709, 0.47238749265670776 -0.32911428809165955  0.18288986384868622, 0.51735377311706543 -0.45422837138175964  0.54430115222930908  0.47933068871498108,-0.13973608613014221 -0.70546013116836548  0.08099866658449173,  0.45888033509254456  -0.86316800117492676 -0.033711332827806473, 0.28442242741584778 0.020453507080674171 0.023283563554286957 0.020453507080674171  0.20022739470005035 -0.06655227392911911 0.023283563554286957 -0.06655227392911911  0.17623540759086609,   -1.0222439137201889    0.97689610933215931    -3.3417352916966792   -0.96452026929494394    0.22485386188364487  -0.097156380248542007 8.8817841970012523e-13,0.67104369401931763
IIWA_14,1715860376.1758325,  0.28424855745755878     1.229853936648347  -0.64358235863307256   -1.8589870949950185   -1.6065319432294805    1.0132396107464507 -0.088395463187538659, -1.0203916809623541 0.001167205921293539 -0.79299032773567824 -0.32204404532570441  -2.2086528035955237  -1.1290653082879019   1.2937673347378205,-0.34207581329345704   60.987230712890629   16.504698127746583  -6.9914428215026856   0.7949785423278809  -2.6723496894836427 0.042052711486816406, 35.995491758744343 -10.086133855900201  31.514470602740083  14.402957250711154 -2.8012919260906375  2.0920568235202754 0.13285161207856952, 0.47208294272422791 -0.33265417814254761  0.18350338935852051, 0.51828855276107788 -0.45360007882118225  0.54473286867141724  0.47842457890510559,-0.13192757964134216 -0.70375978946685791 0.086778737604618073,  0.45888033509254456  -0.86316800117492676 -0.033711332827806473,  0.28456586599349976  0.020402830094099045  0.022760378196835518  0.020402830094099045    0.1995113343000412 -0.067053735256195068  0.022760378196835518 -0.067053735256195068   0.17673574388027191,   -1.027070441228517   0.97451321603259089   -3.3927839337408727   -0.9597084988435256   0.23060088714910165 -0.097010070257752545                     0,0.66894125938415527
IIWA_14,1715860376.1808331,  0.27943952774207886    1.2298079172247103  -0.64668387601812582   -1.8594982821888904   -1.6177451509990564    1.0084802556103933 -0.081929853994362131,    -1.0086745333890801 -0.00090701220843275024    -0.75845295759067322    -0.27808272401543904     -2.2154505536594553      -1.093626452072618      1.2936382355173177, -20.568272773742677   60.210487136840825   4.2236326370239254  -12.313327484130859    1.842624683380127  -2.7674689178466796 -0.18790219497680663,  35.652360065819373  -9.7661291653716251   31.588163747530359   13.846009955030395   -2.611844124355911    2.023455181726828 0.066339477018843615,0.47181618213653564  -0.336189866065979 0.18416675925254822, 0.51916497945785522 -0.45295509696006775  0.54520803689956665  0.47754332423210144,-0.12407822161912918  -0.7023470401763916 0.093482688069343567,  0.45888033509254456  -0.86316800117492676 -0.033711332827806473,  0.28469827771186829  0.020352832973003387  0.022251579910516739  0.020352832973003387   0.19879882037639618 -0.067535214126110077  0.022251579910516739 -0.067535214126110077   0.17724956572055817,  -1.0319374793503755   0.97135592590102959   -3.4434805878467145  -0.95418132059332805   0.23638219323629528 -0.097281443089514141                     0,0.66731953620910645
IIWA_14,1715860376.1858327,   0.2745272538382787    1.2297917385679598  -0.64959580297710717   -1.8599769920778753   -1.6288451319296724    1.0041692901763057 -0.075538487071491564,   -1.0034305828632708 -0.0013727560367670266   -0.72323944443179256   -0.24161457477174753    -2.2163596801522059    -1.0473397790215984      1.290565265328677, -32.666954170227051   60.135899177551273   -6.274957717895508  -14.806910724639893   1.2554146194458007  -1.1627908477783202 -0.23329242324829103,  35.270381507150283   -9.440204927586171   31.656066756206712   13.252391712672651  -2.3999713031378276   1.9487999551221487 0.003580612164944319,0.47161751985549927 -0.3397158682346344  0.1848607212305069, 0.52003312110900879 -0.45225778222084045  0.54573023319244385  0.47666233777999878,-0.11499761044979095  -0.7009437084197998  0.10012923926115036,  0.45888033509254456  -0.86316800117492676 -0.033711332827806473,  0.28481835126876831  0.020308872684836388  0.021757405251264572  0.020308872684836388   0.19809317588806152 -0.067997723817825317  0.021757405251264572 -0.067997723817825317   0.17777542769908905, -1.0370830216199778  0.96738247287397883  -3.4938271129192344  -0.9480612002619182  0.24239048055818557 -0.09785971472009436                    0,0.66564774513244629
IIWA_14,1715860376.1908317,   0.2694519945439427    1.2297658526080757  -0.65260006843457774   -1.8604095026652272   -1.6398718652313067    1.0005961336674001 -0.069216628649663201,  -1.0057548380640566 -0.002133643224776197  -0.69876217384425676  -0.21059208331147572   -2.2141570761871359  -0.98079808357350518    1.2853265491360761, -28.428300483703616   54.544374229431156  -3.9682251892089844  -11.974576553344727   2.3902178764343263  -1.2185273780822754 0.039716449737548828,   33.592886324381006   -8.9832702852774986    30.684675173531311    12.021914101001112   -1.8711461432987448    2.0326301784216398 -0.097233755772579977, 0.47177177667617798 -0.34272289276123047  0.18527448177337646,  0.5211670994758606 -0.45156565308570862  0.54634606838226318   0.4753727912902832,-0.092728123068809509  -0.67940574884414673  0.094213679432868958,  0.45888033509254456  -0.86316800117492676 -0.033711332827806473,  0.28489512205123901  0.020318843424320221  0.021350150927901268  0.020318843424320221   0.19754399359226227 -0.068397268652915955  0.021350150927901268 -0.068397268652915955   0.17820283770561218,   -1.0433835524583657    0.96213404416101156    -3.5366880245817356   -0.94219292472264016     0.2494997214110839  -0.096605618794320947 8.8817841970012523e-13,0.64240080118179321
IIWA_14,1715860376.1958327, 0.26438332648552676   1.2296674021847123 -0.65545183454874134  -1.8606257580134449  -1.6507339830921501  0.99752056212884088 -0.06292515030145969,    -1.007350592787883 -0.0056449315143580602   -0.67308038364194944   -0.17712388057788761     -2.205810375383447   -0.90766132840117209     1.2799203732370015, -19.385153419494628   49.953356735229498   3.9937659339904785  -10.762063301086426   1.2510127449035644  -2.5578728637695312 -0.16921210098266601,  32.287070087278131  -8.6215808439002011   29.918463808182757   11.057131035482525  -1.4454852926704875   2.0546293703072838 -0.17435386521958521,  0.4718514084815979 -0.34571033716201782  0.18568624556064606, 0.52221828699111938 -0.45085245370864868  0.54694294929504395  0.47420826554298401,-0.077599436044692993  -0.66147494316101074  0.089430063962936401,  0.45888033509254456  -0.86316800117492676 -0.033711332827806473,  0.28497576713562012   0.02030317485332489  0.020934810861945152   0.02030317485332489   0.19701771438121796 -0.068771116435527802  0.020934810861945152 -0.068771116435527802   0.17860648036003113,    -1.0481733549339012     0.95567305179589113      -3.577556600127707    -0.93490471761725757     0.25627265321226389    -0.09600371372986416 -3.5527136788005009e-12,0.62381094694137573
IIWA_14,1715860376.20083,  0.25946709788380778    1.2294785907209023  -0.65788936596356595   -1.8606974836280525   -1.6615970598368848   0.99478648105722833 -0.056750038726806708,  -1.0025296182990653 -0.012068403763886503   -0.6359655635065441   -0.1445681290466167   -2.1991713700961428  -0.83549230558543963    1.2709407615757204, -14.750411949157716   55.650333625793458   7.0358030624389647  -9.8520062370300288  0.44987157821655271  -2.2304624671936035 -0.28969645690917967,  31.524608090466021  -8.2519201488014957   29.679364570667623   10.357315333616786  -1.1550933882770624   1.8860507863562908 -0.24412068236483564,0.47183376550674438 -0.3487895131111145 0.18630108237266541, 0.52299028635025024 -0.45004004240036011   0.5476527214050293  0.47330918908119202,-0.069159001111984253  -0.65086823701858521  0.093822509050369263,  0.45888033509254456  -0.86316800117492676 -0.033711332827806473,   0.2850615382194519  0.020262569189071655  0.020507568493485451  0.020262569189071655   0.19647635519504547 -0.069110311567783356  0.020507568493485451 -0.069110311567783356   0.17902418971061707, -1.0518702837059024   0.9480200041931397  -3.6174326538596091 -0.92624442688027386   0.2626440564554855 -0.09748841393619756                    0,0.61393767595291138
IIWA_14,1715860376.2058308,  0.25468593136808826    1.2292488531405454   -0.6599093070653983   -1.8606209044709612   -1.6724602324001951   0.99250288691884814 -0.050698424577446354, -0.99327035526803331 -0.018844226225382232  -0.58957009487852907  -0.11259133695363893   -2.1938639986093293  -0.75973761000355955    1.2588171752349906,  -20.761172668457032    57.764516471862798    6.4564314308166502   -8.9661456680297853    1.6920805740356446   -2.4410597763061523 -0.044722724914550781,  30.717708895250063  -7.7951486349109729   29.469469846410725   9.5853129701196931 -0.86434713760203818   1.6562572720148252 -0.34644033433798643, 0.47188290953636169 -0.35179594159126282   0.1869913637638092, 0.52361488342285156 -0.44923034310340881   0.5484885573387146   0.4724191427230835,-0.059349153190851212   -0.6396336555480957   0.10048790276050568,  0.45888033509254456  -0.86316800117492676 -0.033711332827806473,  0.28513392806053162  0.020230194553732872  0.020110154524445534  0.020230194553732872   0.19596737623214722 -0.069410733878612518  0.020110154524445534 -0.069410733878612518    0.1794317364692688,   -1.0556704795146032     0.9392619205179642    -3.6547204743930806   -0.91683042576917728    0.26899283576664601  -0.099705672643501941 8.8817841970012523e-13,0.60380911827087402
IIWA_14,1715860376.21083,  0.24991477180671806    1.2289774703679897  -0.66160447566377345   -1.8604231047796695   -1.6831914826811973   0.99049433092697581 -0.044729921043570563, -0.98546266666923454 -0.025930691882537139  -0.53946281983782929 -0.082161081911245812   -2.1843412101275512  -0.68813232767774091    1.2457938815430241,  -23.531215156555177    61.622514366149908    4.3459593620300296   -10.404492874145507   0.92879552841186519   -2.0752679367065427 -0.049395248413085936,   29.48506345379376  -7.3140088646368078    28.89947713180139   8.6293641881422722 -0.44840441280331689   1.4683625187637608  -0.4397916020995517, 0.47207379341125488 -0.35457921028137207  0.18761168420314789, 0.52433502674102783 -0.44835984706878662  0.54937243461608887  0.47141927480697632,-0.045329727232456207  -0.62186515331268311   0.10305017232894897,  0.45888033509254456  -0.86316800117492676 -0.033711332827806473,  0.28518679738044739  0.020220065489411354  0.019751651212573051  0.020220065489411354   0.19553285837173462 -0.069675169885158539  0.019751651212573051 -0.069675169885158539   0.17979079484939575, -1.0598503162286832  0.92959054387264928  -3.6879736838919541 -0.90722215729410749  0.27580950535543991 -0.10157241144970186                    0,0.58698189258575439
IIWA_14,1715860376.2158291, 0.24513690101804164   1.2287274195549673 -0.66306139798352193  -1.8601857572365248  -1.6939560010321375  0.98891714691328469 -0.03889905635616861, -0.97948496488244441 -0.030746586026922425  -0.48984714866020251 -0.056234963803206639    -2.178053702139648  -0.61359322268983729    1.2298696927304975, -21.008084533691406   65.462508270263669   3.1899045982360841  -9.6893520202636712  0.75095979690551762  -1.9734736747741699 -0.20992980575561523,  27.929940175255663  -6.8284142902906977   28.068338639127099   7.5465792452278047 0.067292601790399864   1.2974530698277533 -0.51915694357819475, 0.47239771485328674 -0.35714834928512573  0.18816807866096497, 0.52512568235397339 -0.44739261269569397  0.55032104253768921   0.4703504741191864,-0.028252638876438141  -0.59921121597290039     0.102567158639431,  0.45888033509254456  -0.86316800117492676 -0.033711332827806473,  0.28522282838821411  0.020229101181030273  0.019426155835390091  0.020229101181030273   0.19517187774181366 -0.069900736212730408  0.019426155835390091 -0.069900736212730408   0.18010029196739197, -1.0642585623328316  0.91896528502832808  -3.7169421312954753 -0.89745409170305379  0.28308564716539308 -0.10340107311623825                    0,0.56533026695251465
IIWA_14,1715860376.2208302, 0.24041601522944286   1.2284948656676962 -0.66428990077374805  -1.8598892674663468  -1.7046405607885891  0.98767414316405155 -0.03321625667585959, -0.97242340344990663 -0.033899424312384727  -0.44101783053720711  -0.03312838023544358   -2.1698253519697808  -0.54059472812119547    1.2112077413967588, -18.783305747985843    59.78353536987305   6.1701062393188479  -8.6811647262573235   1.3707437324523926  -2.0869492454528809 -0.16453957748413087,  26.403561003195225  -6.3768858325960212   27.167545885246192   6.5053028694380357  0.57087635587528851   1.1502767391697981 -0.60049531360958763, 0.47277030348777771 -0.35959941148757935  0.18865817785263062, 0.52592724561691284 -0.44644990563392639   0.5512738823890686  0.46923357248306274,-0.012246991507709026  -0.57647013664245605  0.099597737193107605,  0.45888033509254456  -0.86316800117492676 -0.033711332827806473,   0.2852499783039093  0.020241435617208481  0.019122011959552765  0.020241435617208481    0.1948637068271637 -0.070101849734783173  0.019122011959552765 -0.070101849734783173   0.18037135899066925,  -1.068285324203444  0.90736696933824135  -3.7428535563437393 -0.88696334897697682   0.2903422209215023 -0.10503117179894161                    0,0.54361408948898315
IIWA_14,1715860376.2258296, 0.23579340009529454   1.2281564310541033 -0.66518775900933158  -1.8595288419223452  -1.7151719141470372   0.9867234944999983 -0.02767882579619842, -0.96284332812585849 -0.040656923993621454  -0.38872859385310676 -0.012085682428294543   -2.1571144159137496   -0.4705017290590866    1.1904634283038538, -14.102268302917482   57.486740623474127   7.6178631935119627  -8.9056544303894043  0.55991844177246097  -2.1026355743408205 -0.15419327545166014,  24.981153324652585  -5.9934872525785083   26.320733792574153   5.5673131439203338   1.0684564363155231  0.98391936978358441 -0.64647714926031141,  0.4731583297252655 -0.36196807026863098  0.18912836909294128, 0.52674341201782227 -0.44539225101470947  0.55224353075027466   0.4681817889213562,0.0015386813320219517  -0.55501699447631836  0.096430107951164246,  0.45888033509254456  -0.86316800117492676 -0.033711332827806473,  0.2852739691734314 0.020249711349606514  0.01882026344537735 0.020249711349606514   0.1945931613445282 -0.07027733325958252  0.01882026344537735 -0.07027733325958252  0.18061141669750214,    -1.0717021720259012     0.89488536098425442     -3.7660744619651965    -0.87590723094166378     0.29772198684785423    -0.10715832152552451 -6.2172489379008766e-12,0.52340799570083618
IIWA_14,1715860376.230829,  0.23133478896946683    1.2277304518160614  -0.66575503224963328   -1.8591235354547946   -1.7256715332308936   0.98604626595315326 -0.022331943964700687,  -0.9486191075337953 -0.049564708716572557  -0.33367380469455354 0.0065437127593907258   -2.1456762960852576  -0.40349052512107103    1.1662460159029924, -12.448473205566406   57.026352874755865   7.3691769943237304  -6.9860658226013186 0.060745868682861325  -1.7485250434875488 -0.14117695999145508,  23.579654830875356  -5.6573162336464895   25.470963557659587   4.6840472179309964   1.5615252363345469  0.82318942227983083 -0.67412250918508332,  0.4735771119594574 -0.36423063278198242  0.18956246972084045, 0.52757692337036133 -0.44426542520523071  0.55322307348251343  0.46715635061264038,0.014167414978146553 -0.53364872932434082 0.092485375702381134,  0.45888033509254456  -0.86316800117492676 -0.033711332827806473,  0.28529220819473267   0.02025921642780304  0.018528604879975319   0.02025921642780304   0.19436095654964447 -0.070430450141429901  0.018528604879975319 -0.070430450141429901   0.18082261085510254, -1.0747739034062676  0.88181370179807317   -3.786728078085666 -0.86458719039939069  0.30518133107548806 -0.10952721659585052                    0,0.50343263149261475
IIWA_14,1715860376.2358565, 0.22700728544988585   1.2272154896931837 -0.66603420475388986  -1.8586175614503153  -1.7359993464665071  0.98566331006292074 -0.01718106424444809, -0.93199542681027514 -0.060250251888366677  -0.27810594392590587  0.025473930386683399   -2.1296535662927458   -0.3381106557061575     1.139032001532498,-18.572401863098147  54.760422111511232  6.0303042678833005 -6.0813857574462888  1.1647360038757324 -2.1543670845031739     -0.170880859375, 22.074715338794977 -5.3026054380678556  24.502594805135473  3.7689300330522002   2.078270514339831 0.66566862283614636  -0.707264705929604,  0.4740627110004425 -0.36633303761482239  0.18995235860347748, 0.52843314409255981 -0.44314393401145935  0.55421888828277588   0.4660722017288208,0.027346640825271606 -0.51021087169647217 0.087645255029201508,  0.45888033509254456  -0.86316800117492676 -0.033711332827806473,  0.28529864549636841  0.020280353724956512  0.018266055732965469  0.020280353724956512   0.19418685138225555 -0.070558317005634308  0.018266055732965469 -0.070558317005634308   0.18099124729633331,     -1.077827248681551     0.86812733725594171     -3.8039774759823786    -0.85299370720814949     0.31269539068023988    -0.11166392701866812 -1.7763568394002505e-12,0.48173552751541138
IIWA_14,1715860376.2408297,  0.22269206566666347    1.2266098668786432  -0.66611030459993537   -1.8580496890166647   -1.7460794219085061   0.98546371279158262 -0.012214022454135776, -0.91820513277711557 -0.072425114092316306  -0.22552874898254502  0.043094041655372325   -2.1069258707141554  -0.27847241541845058    1.1099072728384909, -22.072891952514649   58.991359802246095    3.878160457611084  -7.0129508171081545  0.29668634414672851  -1.6937897682189942 -0.23729744338989259,  20.36288246886852 -4.9465520059434702  23.367501667748357  2.7872935296525938  2.6644649007174119 0.52000352969638763 -0.7246060555251943, 0.47465282678604126 -0.36824211478233337  0.19028691947460175, 0.52938318252563477 -0.44194993376731873  0.55523198843002319  0.46492061018943787,0.042483638972043991 -0.48375415802001953 0.081619121134281158,  0.45888033509254456  -0.86316800117492676 -0.033711332827806473,  0.28529036045074463  0.020321426913142204  0.018033724278211594  0.020321426913142204   0.19407376646995544 -0.070662155747413635  0.018033724278211594 -0.070662155747413635   0.18111664056777954,   -1.0812664126342852    0.85410035455701916    -3.8178214012143386   -0.84163842638140807    0.32054087303912127   -0.11353266196856282 4.4408920985006262e-12,0.45761343836784363
IIWA_14,1715860376.2458322,   0.21833657884685295     1.2260103559889772   -0.66605685498242384     -1.857508241740554    -1.7560126186437044    0.98551003186643515 -0.0074405258968971814, -0.90878357901411322 -0.081920526860489923  -0.17828501448557502  0.056133124368726584   -2.0828685659792576  -0.22092516934065928    1.0788656805603365, -22.767331573486331    60.97694271850586   4.1308794059753415  -6.7279698753356936  0.41113508224487305  -1.9214084129333495 -0.25131501388549804,  18.569564702190068  -4.5657857778342716   22.174896384550106   1.7701344035398519   3.2720367554654497  0.36290907492463997 -0.74660311397050094, 0.47533750534057617 -0.36998876929283142  0.19059525430202484, 0.53034836053848267 -0.44073602557182312  0.55628186464309692  0.46371638774871826,0.058765798807144165 -0.45613646507263184 0.075879201292991638,  0.45888033509254456  -0.86316800117492676 -0.033711332827806473,  0.28526818752288818  0.020381232723593712  0.017834963276982307  0.020381232723593712   0.19401457905769348 -0.070740379393100739  0.017834963276982307 -0.070740379393100739   0.18120686709880829, -1.0851033583776371  0.83969985827181404  -3.8284422394649908 -0.83039446006605289  0.32850233582948363 -0.11529013091493567                    0,0.43317908048629761
IIWA_14,1715860376.2508311,   0.21394406083088746      1.225400299056389   -0.66583478725146472    -1.8569756627005387    -1.7656410325458844    0.98560824252519252 -0.0028663269597807252, -0.90272758384991025 -0.089938698791919888  -0.13374530235009527  0.066209661095591121   -2.0514314088706085  -0.17281170912223265    1.0460605019329274, -18.158310089111328   59.948143280029299   7.2360962715148922  -6.6983963813781742  0.60393718719482425  -2.1059730911254881 -0.20392227554321288, 16.984997076200983 -4.1975334027724074  21.082066737870324 0.85861690112705591  3.8174299821396942 0.19670078575452488 -0.7753337194348795, 0.47603416442871094 -0.37166216969490051  0.19088795781135559, 0.53127944469451904 -0.43957972526550293  0.55731606483459473  0.46250471472740173,0.072540327906608582 -0.43115964531898499 0.070819370448589325,  0.45888033509254456  -0.86316800117492676 -0.033711332827806473,  0.28524020314216614  0.020443564280867577  0.017656536772847176  0.020443564280867577   0.19398950040340424 -0.070803113281726837  0.017656536772847176 -0.070803113281726837   0.18127177655696869, -1.0886951544426537  0.82481566035941256  -3.8369107484017562 -0.81865990227214525  0.33619384883287751 -0.11690602640879177                    0,0.41161680221557617
IIWA_14,1715860376.2558303,  0.20960175670108341    1.2247574652767805  -0.66534373363042842   -1.8564743026921033   -1.7749423249714167   0.98574006898892497 0.0014966499405147345, -0.89587423227209018 -0.097664310217875847 -0.087354097038624345   0.07302212921388769   -2.0131968241177765   -0.1329763087484884    1.0113674775581605, -11.221629875183107   58.561836036682131   8.9043101806640621  -5.7722083206176755  0.13469736099243163  -2.0222014198303224 -0.11514432907104492,  15.720322726375763  -3.9108032721339554   20.178437013732932  0.14568871259995775   4.2839619660231394 0.019188000009699113 -0.77809593975929769, 0.47667497396469116 -0.37331411242485046  0.19116854667663574,0.53218472003936768 -0.4384005069732666 0.55830693244934082 0.46138682961463928, 0.08154277503490448 -0.41032248735427856 0.066364824771881104,  0.45888033509254456  -0.86316800117492676 -0.033711332827806473,  0.28521546721458435  0.020491970703005791  0.017472950741648674  0.020491970703005791   0.19398142397403717 -0.070854552090167999  0.017472950741648674 -0.070854552090167999   0.18131694197654724, -1.0913570678985351  0.80946734544351528  -3.8438698416518591 -0.80630058504294055  0.34359160395069921 -0.11881728094564892                    0,0.39364466071128845
IIWA_14,1715860376.2608542,  0.20535934103686335    1.2240746640027169  -0.66456565788682465   -1.8560009257657311   -1.7839746914807479   0.98590275483732803 0.0056539775312077368, -0.88639601238647492  -0.10544349913684531 -0.038760247886748325  0.077352780426001438   -1.9718521196674716 -0.099873613062668093   0.97538708567424848, -9.5678347778320312   57.949700370788577   8.5870672454833983  -4.1268466567993167 -0.35919296264648437  -1.9437697753906249 -0.24897875213623047,  14.724958401830666  -3.7044589925073828   19.363533085977675 -0.39162659324766991   4.6635184688752176  -0.1198137396324368 -0.77336854063959992, 0.47724854946136475 -0.37493741512298584  0.19138330221176147, 0.53307849168777466 -0.43731030821800232  0.55919891595840454  0.46030819416046143,0.086227640509605408 -0.39254164695739746 0.060281358659267426,  0.45888033509254456  -0.86316800117492676 -0.033711332827806473,  0.28519415855407715  0.020525155588984489  0.017290418967604637  0.020525155588984489   0.19399428367614746 -0.070902310311794281  0.017290418967604637 -0.070902310311794281    0.1813381165266037, -1.0929744066148217  0.79373794749937332   -3.849493883639532 -0.79317740617668164  0.35047542561184031 -0.12039302867439261                    0,0.37767571210861206
IIWA_14,1715860376.2658546,  0.20119062844529342    1.2233260693790902  -0.66354741818407859   -1.8555047789466883   -1.7926910579259583   0.98607071376173361 0.0096141646196509882, -0.87586531357197694  -0.11429858425454636  0.009721389800443736  0.081728097102511277   -1.9261363535423912 -0.073180533473911458   0.93871715207712891,  -9.4881028213500986    55.786649551391605    7.6232401924133297   -3.4506890449523926 0.0079233741760253908   -1.6627508621215821  -0.16787709426879882,   13.77369831309273  -3.5601901156811935   18.469874771831101 -0.84493395877706212   5.0144691193843061 -0.20350810763071969 -0.76130700137977736,  0.4777858555316925 -0.37646019458770752  0.19149132072925568, 0.53401088714599609 -0.43631359934806824  0.55998462438583374  0.45921674370765686,0.088742844760417938 -0.37432241439819336 0.051262471824884415,  0.45888033509254456  -0.86316800117492676 -0.033711332827806473, 0.28517267107963562 0.020549960434436798 0.017117628827691078 0.020549960434436798  0.19404570758342743 -0.07094438374042511 0.017117628827691078 -0.07094438374042511  0.18132059276103973, -1.0937102892283335  0.77780442165309438  -3.8530212180720724 -0.77959518895198698  0.35695827705239935 -0.12128301689795506                    0,0.36066418886184692
IIWA_14,1715860376.2708292, 0.19707320824427957   1.2225043110986351 -0.66234474124896048  -1.8549964080597305  -1.8010087812216364  0.98627372653333478 0.013362650469310493, -0.86538905889813578  -0.12430919862183926  0.055884189245079298  0.085717313160319636   -1.8736180146610391 -0.050423915915082197   0.90091315564808339,  -10.030794525146485    56.154445350646974    7.1823262825012204   -3.5017705345153809   0.28612184524536133   -1.8309617080688476 -0.069754100799560542,  12.751703865284467  -3.4562137875797392   17.448075634137801  -1.2781310634742107    5.376848384386907 -0.23865590241398116  -0.7403893269641284, 0.47832286357879639 -0.37785050272941589  0.19148810207843781, 0.53501278162002563 -0.43538174033164978  0.56068128347396851  0.45808359980583191,0.090971678495407104  -0.3544580340385437 0.039714574813842773,  0.45888033509254456  -0.86316800117492676 -0.033711332827806473,  0.28514754772186279  0.020574275404214859  0.016960034146904945  0.020574275404214859   0.19414135813713074 -0.070979401469230652  0.016960034146904945 -0.070979401469230652    0.1812622994184494, -1.0939193630914446  0.76181595943136671  -3.8542603031341827  -0.7658841358715307  0.36321600944599908 -0.12142582654472989                    0,0.34206241369247437
IIWA_14,1715860376.27583, 0.19299479680654627     1.22163497547002 -0.66096799357364544  -1.8545009203206464  -1.8089379279033091  0.98650166653364524  0.01689470109275637, -0.85544770462784059  -0.13422078404207666  0.099777258408664943  0.088393360091621465   -1.8160602789957379 -0.031221532719647525   0.86201254945630179, -8.1635235443115235   57.499600616455083   8.3652660408020019   -4.122813907623291 -0.64443443298339842  -1.8463142852783203 -0.20025100708007812,  11.727514595550733  -3.3541258344641394   16.377436321619541  -1.6999083627939222   5.7305273382598489 -0.24941601719675566 -0.72616023191012913, 0.47886854410171509 -0.37913498282432556   0.1914045512676239, 0.53603959083557129 -0.43455037474632263  0.56130969524383545  0.45690146088600159,0.093298137187957764 -0.33436179161071777 0.027424989268183708,  0.45888033509254456  -0.86316800117492676 -0.033711332827806473,  0.28511762619018555  0.020601527765393257  0.016823522746562958  0.020601527765393257   0.19427469372749329 -0.071007087826728821  0.016823522746562958 -0.071007087826728821   0.18117228150367737, -1.0938577400221305  0.74574851029574063  -3.8535437495497149 -0.75200272529230006  0.36917390838553388 -0.12086894180551866                    0,0.32357412576675415
IIWA_14,1715860376.2808299, 0.18898074056707254   1.2207357990745189 -0.65936911817167831  -1.8540498939715921  -1.8165094653478941  0.98677065242372253 0.020207620283543528, -0.84492041328122192  -0.14334368305370443   0.14377682280561699  0.088755742035467211   -1.7557097209799926 -0.014217790572626461   0.82212680719652786, -7.7288557815551764   57.345280700683595   10.059020694732666  -2.6696799545288088 -0.66820455551147462  -1.9657973861694336 -0.23429367828369141,   10.80943396673959  -3.2442748983476206   15.356585532806728  -2.0686693503724976   6.0399567077395115 -0.26031226622597914 -0.72223241641966074, 0.47939050197601318 -0.38034546375274658  0.19127574563026428, 0.53703427314758301 -0.43384075164794922  0.56187492609024048   0.4557114839553833,0.094383031129837036 -0.31536516547203064 0.015964904800057411,  0.45888033509254456  -0.86316800117492676 -0.033711332827806473,  0.28508618474006653  0.020626386627554893  0.016704808920621872  0.020626386627554893   0.19443526864051819 -0.071026980876922607  0.016704808920621872 -0.071026980876922607     0.181057408452034, -1.0933613679924292  0.72961375310232057  -3.8511931943805422 -0.73781591055865903  0.37466456963297645 -0.11982499133100788                    0,0.30623215436935425
IIWA_14,1715860376.2858291, 0.18501132559562475   1.2197997112560828 -0.65750832753568289  -1.8535924561555308   -1.823662225873762  0.98705198215493462 0.023314830169035187,   -0.83471292948288911    -0.15211845918040862     0.18945308368431057    0.089302106270827158     -1.6906781978187095 -0.00012104320961766127     0.78198984117688863, -7.0086961746215826   57.934268379211431   10.021381702423096  -2.4492229995727537 -0.33278171539306639  -2.3482768096923827 -0.17355087280273437,  10.017585168079284  -3.1511043801173355   14.390577585640628  -2.3606606168081941   6.3034968058417249 -0.26339718160935499 -0.71910635226625808, 0.47986876964569092 -0.38149303197860718  0.19109280407428741, 0.53800493478775024 -0.43324413895606995  0.56236010789871216  0.45453417301177979, 0.093660019338130951  -0.29768222570419312 0.0047966120764613152,  0.45888033509254456  -0.86316800117492676 -0.033711332827806473,  0.28505581617355347  0.020644104108214378    0.0165975671261549  0.020644104108214378   0.19461947679519653 -0.071041092276573181    0.0165975671261549 -0.071041092276573181   0.18091790378093719,   -1.0922223673768272    0.71343204000839933    -3.8473872965871792   -0.72328063623583461    0.37966218114160455   -0.11831521883554075 4.4408920985006262e-12,0.28998258709907532
IIWA_14,1715860376.2908561, 0.18108781016551054   1.2188225175521867 -0.65543559589629774  -1.8531603049969214  -1.8303567098874129  0.98732917720114866 0.026238981086848346, -0.8247109607908798 -0.16078251550016848  0.23447173252285447 0.088727731361037537  -1.6203219188010043  0.01099096728086749  0.74255790965403734, -7.8445957183837898    58.48467607879639   10.127577430725097  -3.4480005455017091 -0.33278171539306639  -1.7965852851867676 -0.21526983261108398,  9.2674670757873603  -3.0909863630572132   13.406636909454134  -2.5937098002652403   6.5487234883072487  -0.2464915541817565 -0.70715241457093936, 0.48030552268028259 -0.38255053758621216  0.19082927703857422,  0.5389854907989502 -0.43273794651031494  0.56275475025177002   0.4533647894859314,  0.091592088341712952   -0.27994135022163391 -0.0072183846496045589,  0.45888033509254456  -0.86316800117492676 -0.033711332827806473,  0.28502687811851501  0.020653972402215004  0.016499495133757591  0.020653972402215004   0.19483429193496704 -0.071048662066459656  0.016499495133757591 -0.071048662066459656    0.1807456910610199,   -1.0903286254198008    0.69725777364837427    -3.8417905072698488   -0.70850236105979292    0.38423915849250534   -0.11626496459804514 2.6645352591003757e-12,0.27372673153877258
IIWA_14,1715860376.2958591, 0.17717705800096695   1.2178278868091494 -0.65318208228940955  -1.8527968833770927  -1.8366011621497007  0.98764675916625388 0.028973241927373772,-0.81619885521444746 -0.16841124212162659   0.2777179302938112 0.085519049881978781  -1.5460356255323138 0.021496052428903158  0.70341676134424691, -7.8960356903076176   57.723364494323732   9.9555134658813476  -3.8795047073364257 -0.15846748352050782  -2.4450647964477539 -0.14584948348999024,  8.5439380050908706  -3.0451450263806423   12.380228718173981   -2.794573306924256   6.7749039749478195 -0.20482372584130482 -0.70016315544342689, 0.48071449995040894 -0.38351544737815857  0.19047065079212189, 0.53996175527572632 -0.43236848711967468  0.56306165456771851  0.45217296481132507,  0.08899419754743576  -0.26205918192863464 -0.020460044965147972,  0.45888033509254456  -0.86316800117492676 -0.033711332827806473,  0.28499823808670044  0.020658398047089577  0.016416911035776138  0.020658398047089577   0.19508510828018188 -0.071048326790332794  0.016416911035776138 -0.071048326790332794   0.18053801357746124, -1.0877523351631169  0.68098956385487242  -3.8341912510491127 -0.69339330193063375  0.38833137701566045 -0.11349846617125792                    0,0.25779849290847778
IIWA_14,1715860376.3008296, 0.17328871630035125   1.2167794469107747 -0.65077379233903898  -1.8525111195278328  -1.8423802429618292  0.98795145809256857 0.031498078420207756,-0.80849275219618577 -0.17666658963229229  0.31850594224987172 0.079845793875980411  -1.4679917329109919 0.029384798995709876  0.66372686878875697, -4.6758934478759766   57.777376464843755   9.6086970367431643  -3.7585222320556642 -0.51589969635009769  -1.8713456611633301  -0.1818946647644043,  7.9102408910489794  -3.0099212405161313   11.370979916522012  -2.9364291637973996   6.9584845843891765 -0.14692372951721766 -0.70158503688921114, 0.48106905817985535 -0.38440594077110291  0.19003500044345856, 0.54090613126754761 -0.43215447664260864  0.56327927112579346  0.45097622275352478,  0.08488907665014267  -0.24479012191295624 -0.033964589238166809,  0.45888033509254456  -0.86316800117492676 -0.033711332827806473,   0.2849724292755127  0.020653298124670982  0.016345944255590439  0.020653298124670982   0.19536301493644714 -0.071042142808437347  0.016345944255590439 -0.071042142808437347   0.18030011653900146,   -1.0843851622892586    0.66473202212335991     -3.824984579598123   -0.67794127453435493    0.39185153839227382   -0.11009954600549321 4.4408920985006262e-12,0.24272008240222931
IIWA_14,1715860376.3058341, 0.16944849125463457   1.2157001476277292 -0.64823996772780645  -1.8522867747966985  -1.8476810094856646  0.98835418801781083 0.033819842254830618,-0.80040320358561601 -0.18450524302765423  0.35615773824919844 0.072850424346156614  -1.3864240472822087 0.039617036206258394  0.62385204841592001,   -4.80963737487793    55.88695749664307     10.9220290184021  -2.8229244232177733 -0.75184017181396479   -2.063920379638672 -0.29737274551391601,   7.4454011039353301   -3.0049272117297834    10.440652042322483   -2.9733247858522796    7.0827906210573097 -0.082816666575055375   -0.7004853286217172,  0.4813295304775238 -0.38524934649467468  0.18953320384025574, 0.54180276393890381 -0.43207827210426331   0.5633968710899353  0.44982454180717468, 0.077976778149604797  -0.22909046709537506 -0.047275662422180176,  0.45888033509254456  -0.86316800117492676 -0.033711332827806473,   0.2849540114402771   0.02062997967004776  0.016275893896818161   0.02062997967004776   0.19566047191619873 -0.071030601859092712  0.016275893896818161 -0.071030601859092712   0.18003386259078979,   -1.0798649543470873    0.64843349516330306    -3.8143771736329768   -0.66198302812203735    0.39472897773862314   -0.10627468100299353 4.4408920985006262e-12,0.22900746762752533
IIWA_14,1715860376.310832, 0.16565009117002957   1.2145451679230741 -0.64556395016066626  -1.8520948474838412  -1.8524919566853106  0.98873241013877966 0.035943986167074823,-0.79225856625269275 -0.19380338260832566   0.3919668932849667 0.065957431991214122  -1.3015771258116082 0.046822513803759902  0.58404739522250426, -2.9166464080810548   56.967196907043459   11.061830989837647  -3.0635451240539551 -0.39000608444213869   -2.226123695373535 -0.32073536300659178,   7.1324926415479837   -3.0135352294605893    9.5827637951227072    -2.923382459600413    7.1528644947127811 -0.014425204047692208  -0.69894883633744009, 0.48149615526199341 -0.38604968786239624  0.18897914886474609, 0.54265099763870239 -0.43215635418891907  0.56340724229812622  0.44871267676353455, 0.068812757730484009  -0.21480649709701538 -0.059874121099710464,  0.45888033509254456  -0.86316800117492676 -0.033711332827806473,  0.28494229912757874  0.020590558648109436  0.016210196539759636  0.020590558648109436   0.19597414135932922 -0.071015633642673492  0.016210196539759636 -0.071015633642673492   0.17974267899990082,   -1.0743506887553878    0.63217955039895912    -3.8026301928359985   -0.64556420281114413    0.39694315669258629   -0.10193993905982524 8.8817841970012523e-13,0.21672183275222778
IIWA_14,1715860376.3158295, 0.16190651896762984   1.2133554939090494 -0.64275778404570327  -1.8519832743661644  -1.8568077157534553  0.98915563306560039 0.037846182230662974,-0.78354974109814368 -0.20262966664764853  0.42582015922649269 0.057228870300045066  -1.2138920633750718 0.054386928115837209  0.54332575872152944, -2.4819786453247072   57.581904571533208   12.740798896789551  -3.6751787490844725 -0.61098018646240237  -2.2141086349487304 -0.26733509445190429,  6.9244906295316344  -3.0125076465612097   8.8178313515498346  -2.8228509115306841   7.1795595442088738 0.033068935674896327 -0.70000846355943114,  0.4815792441368103 -0.38680353760719299  0.18840450048446655, 0.54341393709182739 -0.43235212564468384  0.56335431337356567  0.44766595959663391, 0.058265905827283859  -0.20152127742767334 -0.070647954940795898,  0.45888033509254456  -0.86316800117492676 -0.033711332827806473,  0.28493708372116089  0.020536962896585464  0.016148235648870468  0.020536962896585464   0.19630073010921478 -0.070991486310958862  0.016148235648870468 -0.070991486310958862   0.17943103611469269,  -1.0679900504371176   0.61604222062694447   -3.7896356667346254  -0.62890349896704834   0.39855828520973802 -0.097448620314466439                     0,0.2055363655090332
IIWA_14,1715860376.3208311, 0.15821663603826455   1.2121398141619208  -0.6397870743975147  -1.8519404906738779  -1.8606295330297173   0.9895574640371948 0.039550518825432639,-0.77443511005312637 -0.21073092320326087  0.45948451330873713 0.047494443931495919  -1.1239863417505405 0.059582781356446089  0.50283407076801012, -3.4156141357421879   58.399800125122077   14.016491886138915  -3.7934727249145506 -0.57400444030761721  -2.6790247230529785 -0.22027610778808593,  6.7862082382436251  -2.9903327854047292    8.086429825882302  -2.7010387509237073   7.1729047184857038 0.080089253498134005 -0.71256805452259453, 0.48159870505332947 -0.38750803470611572  0.18779627978801727, 0.54410958290100098 -0.43271553516387939  0.56322234869003296  0.44663476943969727,  0.04739413782954216  -0.18891933560371399 -0.080460473895072937,  0.45888033509254456  -0.86316800117492676 -0.033711332827806473, 0.28493568301200867 0.020474696531891823 0.016099119558930397 0.020474696531891823  0.19664332270622253 -0.07096157968044281 0.016099119558930397 -0.07096157968044281  0.17909887433052063,  -1.0610443734071495   0.60002039291084941   -3.7755415570961404  -0.61198210711399526    0.3995595169206112 -0.092447416854213316                     0,0.19565623998641968
IIWA_14,1715860376.3258324, 0.15457103483909931   1.2108971099548205 -0.63664996385852712  -1.8519652980202843  -1.8639743781758809  0.98992334242611191  0.04104842703925498,-0.76537213600911069 -0.21829290684662372  0.49307203220649276 0.037003261288939972  -1.0329828792469729  0.06230136064184115  0.46218358516730174,  -1.057091423034668   59.595779472351076   13.024435588836671  -3.7195389900207521 -0.41553695678710939  -2.3693031654357912 -0.27834889984130862,  6.7299652556209093  -2.9770861266007342   7.4054989502137891  -2.5248333664920644   7.1305428283999994  0.12488157783688536 -0.72232746534862491,0.48152673244476318  -0.388162761926651 0.18715460598468781, 0.54473668336868286 -0.43320855498313904   0.5630035400390625  0.44566723704338074, 0.035149283707141876  -0.17683261632919312 -0.089537784457206726,  0.45888033509254456  -0.86316800117492676 -0.033711332827806473,  0.28494158387184143   0.02039702795445919  0.016053130850195885   0.02039702795445919   0.19699855148792267 -0.070924706757068634  0.016053130850195885 -0.070924706757068634   0.17874495685100555,  -1.0532116045380846   0.58418030122453501   -3.7603159899690652  -0.59484452952940359   0.39993727909504173 -0.087148564922756577                     0,0.18687061965465546
IIWA_14,1715860376.3308308, 0.15100351083493896   1.2096423615578014  -0.6334021190507344  -1.8520188675200988  -1.8668308421491591   0.9903584297739384 0.042340326514732032,-0.75499866897370282 -0.22482426135806347  0.52437141807690302 0.027459829038572033 -0.94064486232870681 0.067244582426532543   0.4214228471529235, -2.5719985961914062   58.595272018432624   13.529873485565185   -2.892825408935547 -0.81170566558837887  -2.4927912864685058 -0.27668014144897463,  6.7137708767915001  -2.9834466740720407   6.7143526095793931  -2.3090234028190064   7.0632873738552329   0.1916720743558965 -0.73292662863494651, 0.48137170076370239 -0.38875707983970642  0.18644766509532928, 0.54531985521316528 -0.43385478854179382  0.56268149614334106  0.44473123550415039, 0.022135620936751366  -0.16471421718597412 -0.099302545189857483,  0.45888033509254456  -0.86316800117492676 -0.033711332827806473, 0.28495404124259949 0.020304908975958824  0.01601206511259079 0.020304908975958824  0.19737115502357483 -0.07088286429643631  0.01601206511259079 -0.07088286429643631  0.17836542427539825,   -1.0445024672227632    0.56851665058665901    -3.7439050996876944   -0.57750052811744723    0.39970145750789499  -0.081317528307423004 1.7763568394002505e-12,0.17969883978366852
IIWA_14,1715860376.3358297, 0.14747817132971625    1.208359809847632 -0.63005324727727008  -1.8520641678680836  -1.8692139771926193  0.99077326366662632 0.043434426298917479,-0.74501251538787083  -0.2311614774932241  0.55345200540009531 0.020155849311466509 -0.84784129160137411 0.070389021648743111  0.38090226908975672, -2.8137664642333986     59.3205756225586   11.953068557739257  -3.7692762298583986 -0.52030157089233398  -2.4203671722412108 -0.33241667175292966,  6.7383755046384444  -3.0104770865340575    6.011983899014524  -2.0555709552885357    6.975538228853341  0.28020029547380709 -0.74155883321487659,0.48113474249839783 -0.3892936110496521 0.18567243218421936,   0.545867919921875 -0.43465131521224976  0.56224942207336426   0.4438265860080719,0.0085465302690863609  -0.15266212821006775  -0.10974577814340591,  0.45888033509254456  -0.86316800117492676 -0.033711332827806473,  0.28497302532196045  0.020198449492454529  0.015975698828697205  0.020198449492454529   0.19776122272014618 -0.070836432278156281  0.015975698828697205 -0.070836432278156281   0.17796021699905396,   -1.0349351851841604    0.55300709208605525    -3.7263474814031028   -0.55994075648690966    0.39886414162548789   -0.07492641679007761 8.8817841970012523e-13,0.17466896772384644
IIWA_14,1715860376.3408294, 0.14400184721487419    1.207052930102102 -0.62666806327421942  -1.8521586634844451  -1.8711121824517896  0.99127935755340868 0.044305080305616341,-0.73506297690397893 -0.23720437181577969  0.57816896444210253 0.012344854794711403 -0.75420124364791064 0.076554972790288695  0.33954797553975991, -3.4464781188964846   57.965132362365729   11.844184329986572  -4.3835983543395995 -0.28876296997070311  -2.2618351249694824 -0.28902895355224612,  6.7724392381534555  -3.0189504370134483   5.3498037769917515  -1.8070599333874859   6.8735034569352615  0.35475342129645415 -0.75496420153287924, 0.48083952069282532 -0.38977304100990295   0.1848759651184082, 0.54633653163909912 -0.43555718660354614  0.56176376342773438  0.44297611713409424,-0.004565495066344738  -0.14070864021778107  -0.11886191368103027,  0.45888033509254456  -0.86316800117492676 -0.033711332827806473,  0.28499683737754822  0.020082836970686913  0.015946514904499054  0.020082836970686913   0.19816254079341888 -0.070779606699943542  0.015946514904499054 -0.070779606699943542   0.17753878235816956,     -1.024852444659885     0.53776706768804416     -3.7077055274261639     -0.5424637205306837     0.39751460468107069   -0.068377455216150906 -1.7763568394002505e-12,0.17096880078315735
IIWA_14,1715860376.3458302, 0.14054943171095677     1.20569763415954 -0.62324950323079986  -1.8522961225620058  -1.8725010104017057  0.99184417402462211 0.044943360084873901,   -0.72614700167988 -0.24397533515510406  0.59927757329046449 0.004377520733341661 -0.65891411291497359 0.083836637080767967  0.29716957160211033, -5.6069569396972661   58.677575973510748   13.442497253417969  -4.1053386611938478 -0.65147743225097654  -2.7748114547729492 -0.27234136962890626,  6.8492108960306251  -3.0092389047889836   4.7259221865234684   -1.562362147914899   6.7518605198315491  0.42811971198520282 -0.77793860079167243, 0.48049545288085938 -0.39021435379981995    0.184052973985672, 0.54673302173614502 -0.43660208582878113  0.56121265888214111  0.44215604662895203,-0.016938494518399239  -0.12959301471710205  -0.12712724506855011,  0.45888033509254456  -0.86316800117492676 -0.033711332827806473,  0.28502431511878967  0.019960351288318634   0.01592833548784256  0.019960351288318634   0.19857321679592133 -0.070715770125389099   0.01592833548784256 -0.070715770125389099   0.17710481584072113,  -1.0143983765296127   0.52271103805612285   -3.6882821914350217  -0.52496114254463322   0.39563315900181806 -0.061493456647632172                     0,0.16915813088417053
IIWA_14,1715860376.3508291, 0.13710450639660735   1.2043297547203204 -0.61974753292067986  -1.8524528761453645  -1.8734429705331266  0.99239790514617454 0.045379346168182122,  -0.71871461391788094    -0.2498954456928659    0.61950087103717189 -0.0027681267476726166   -0.56480969558881466   0.089218554526711832     0.2551751006140171, -3.8091299209594727   59.420883567810058    15.23841488647461  -4.5260888252258304  -0.2332993507385254  -2.9470273208618165 -0.29970900726318361,  7.0381557546282449  -2.9827598165154297   4.2261318448176253  -1.2814560167561853   6.5908436112494035  0.46969779931658351 -0.80081170613155883, 0.48006650805473328 -0.39063668251037598  0.18324916064739227, 0.54701834917068481 -0.43774476647377014   0.5606110692024231  0.44143593311309814,-0.030175225809216499  -0.11992011219263077  -0.13292139768600464,  0.45888033509254456  -0.86316800117492676 -0.033711332827806473,  0.28505900502204895  0.019824575632810593  0.015911925584077835  0.019824575632810593   0.19898279011249542 -0.070642665028572083  0.015911925584077835 -0.070642665028572083   0.17666386067867279,    -1.0033620412039923     0.50790249105148177     -3.6682590846535135    -0.50743336013692186     0.39317816485784363   -0.054686447226615087 -8.8817841970012523e-13,0.16841116547584534
IIWA_14,1715860376.3558292, 0.13371368977972828   1.2029438989352208 -0.61612871641688038  -1.8526386916424304  -1.8739235858635055  0.99294037114915301 0.045576306901518919,  -0.71060435580946746   -0.25535058795827847    0.64035335698171636 -0.0096471212807771947   -0.47107236968620808   0.093073483740508264    0.21201850982468556, -3.5956540374755863   61.177558609008791   15.383593856811524  -4.2007803916931152 -0.69549617767333982  -2.8856170120239257 -0.27534513473510741,  7.3631305987602618  -2.9379731387662762   3.8447882978758265  -0.9586808000826188   6.3828666848572837   0.4845461987464813 -0.82737255481044381, 0.47954532504081726 -0.39105340838432312  0.18246930837631226, 0.54718267917633057 -0.43901160359382629  0.55994892120361328  0.44081413745880127,-0.044409517198801041  -0.11193455010652542   -0.1365543007850647,  0.45888033509254456  -0.86316800117492676 -0.033711332827806473,   0.2851012647151947  0.019674757495522499  0.015898939222097397  0.019674757495522499   0.19938993453979492 -0.070561498403549194  0.015898939222097397 -0.070561498403549194   0.17621700465679169, -0.99172595922247808   0.49326947829619883   -3.6477381693904576  -0.48974281917324447   0.39007623076248166 -0.047876937368407368                     0,0.16886870563030243
