RosTime,PositionForIiwa7,OrientationForIiwa7,PositionForIiwa14,OrientationForIiwa14
1715105302.1004415,0.51096814870834351  1.1081124544143677 0.27724891901016235,-0.0029807074461132288  0.0010844197822734714   0.025437671691179276    0.99967139959335327,0.51096814870834351  1.1081124544143677 0.27724891901016235,-0.0029807074461132288  0.0010844197822734714   0.025437671691179276    0.99967139959335327
1715105302.105459,0.51099979877471924  1.1080706119537354  0.2773088812828064,-0.0030318934004753828  0.0011176494881510735   0.025492686778306961    0.99966979026794434,0.51099979877471924  1.1080706119537354  0.2773088812828064,-0.0030318934004753828  0.0011176494881510735   0.025492686778306961    0.99966979026794434
1715105302.1104515,0.51099812984466553  1.1080924272537231 0.27725633978843689,-0.0030045604798942804  0.0010981786763295531   0.025445818901062012    0.99967110157012939,0.51099812984466553  1.1080924272537231 0.27725633978843689,-0.0030045604798942804  0.0010981786763295531   0.025445818901062012    0.99967110157012939
1715105302.1154516,0.51098012924194336  1.1080876588821411 0.27730554342269897,-0.0029959175735712051  0.0011371314758434892    0.02540629543364048     0.9996720552444458,0.51098012924194336  1.1080876588821411 0.27730554342269897,-0.0029959175735712051  0.0011371314758434892    0.02540629543364048     0.9996720552444458
1715105302.12045,0.51095587015151978  1.1081099510192871 0.27725443243980408,-0.0030230311676859856   0.001141624990850687   0.025494884699583054    0.99966973066329956,0.51095587015151978  1.1081099510192871 0.27725443243980408,-0.0030230311676859856   0.001141624990850687   0.025494884699583054    0.99966973066329956
1715105302.1254559,0.51099979877471924  1.1081019639968872 0.27721294760704041,-0.0029791374690830708  0.0010894471779465675   0.025376126170158386    0.99967294931411743,0.51099979877471924  1.1081019639968872 0.27721294760704041,-0.0029791374690830708  0.0010894471779465675   0.025376126170158386    0.99967294931411743
1715105302.1304536, 0.5110088586807251  1.1080963611602783 0.27724835276603699,-0.0030417216476052999  0.0011358957272022963   0.025383133441209793      0.999672532081604, 0.5110088586807251  1.1080963611602783 0.27724835276603699,-0.0030417216476052999  0.0011358957272022963   0.025383133441209793      0.999672532081604
1715105302.1354766,0.51099789142608643  1.1081031560897827 0.27726751565933228,-0.003011300228536129 0.0011336741736158729  0.025445928797125816   0.99967104196548462,0.51099789142608643  1.1081031560897827 0.27726751565933228,-0.003011300228536129 0.0011336741736158729  0.025445928797125816   0.99967104196548462
1715105302.1404002,  0.510997474193573  1.1081032752990723 0.27727285027503967,-0.0030655474402010441  0.0011788109550252557   0.025395002216100693    0.99967211484909058,  0.510997474193573  1.1081032752990723 0.27727285027503967,-0.0030655474402010441  0.0011788109550252557   0.025395002216100693    0.99967211484909058
1715105302.1454513, 0.510947585105896 1.1081565618515015 0.2772250771522522,-0.0029918686486780643  0.0010754064423963428   0.025552861392498016     0.9996684193611145, 0.510947585105896 1.1081565618515015 0.2772250771522522,-0.0029918686486780643  0.0010754064423963428   0.025552861392498016     0.9996684193611145
1715105302.1504486,0.51097756624221802  1.1081217527389526 0.27731785178184509,-0.0028341852594166994  0.0013033448485657573    0.02537352591753006    0.99967318773269653,0.51097756624221802  1.1081217527389526 0.27731785178184509,-0.0028341852594166994  0.0013033448485657573    0.02537352591753006    0.99967318773269653
1715105302.1554451,0.51097333431243896  1.1080837249755859 0.27725887298583984, -0.00306918122805655 0.0011578310513868928  0.025448491796851158   0.99967074394226074,0.51097333431243896  1.1080837249755859 0.27725887298583984, -0.00306918122805655 0.0011578310513868928  0.025448491796851158   0.99967074394226074
1715105302.1604552,0.51099401712417603  1.1081314086914062  0.2771567702293396,-0.0030290079303085804  0.0011401578085497022   0.025585565716028214    0.99966740608215332,0.51099401712417603  1.1081314086914062  0.2771567702293396,-0.0030290079303085804  0.0011401578085497022   0.025585565716028214    0.99966740608215332
1715105302.1654508,0.51095598936080933   1.108132004737854 0.27720266580581665,-0.0030167035292834044  0.0010941401124000549   0.025472020730376244    0.99967038631439209,0.51095598936080933   1.108132004737854 0.27720266580581665,-0.0030167035292834044  0.0010941401124000549   0.025472020730376244    0.99967038631439209
1715105302.1704538,0.51096731424331665  1.1080981492996216 0.27720457315444946,-0.0030645031947642565  0.0011671390384435654   0.025460470467805862    0.99967044591903687,0.51096731424331665  1.1080981492996216 0.27720457315444946,-0.0030645031947642565  0.0011671390384435654   0.025460470467805862    0.99967044591903687
1715105302.175451,0.51097589731216431  1.1081117391586304 0.27723726630210876,-0.0029870572034269571  0.0011189193464815617   0.025566454976797104    0.99966806173324585,0.51097589731216431  1.1081117391586304 0.27723726630210876,-0.0029870572034269571  0.0011189193464815617   0.025566454976797104    0.99966806173324585
1715105302.1804502,0.51099371910095215   1.108115553855896 0.27724647521972656,-0.0029250944498926401  0.0011264397762715816   0.025525782257318497    0.99966925382614136,0.51099371910095215   1.108115553855896 0.27724647521972656,-0.0029250944498926401  0.0011264397762715816   0.025525782257318497    0.99966925382614136
1715105302.1854517,0.51095646619796753  1.1081264019012451 0.27714112401008606,-0.0030838118400424719  0.0011224104091525078   0.025334088131785393    0.99967366456985474,0.51095646619796753  1.1081264019012451 0.27714112401008606,-0.0030838118400424719  0.0011224104091525078   0.025334088131785393    0.99967366456985474
1715105302.1904478,0.51098829507827759  1.1081126928329468 0.27729782462120056,-0.0029553365893661976  0.0010838332818821073      0.025507852435112    0.99966967105865479,0.51098829507827759  1.1081126928329468 0.27729782462120056,-0.0029553365893661976  0.0010838332818821073      0.025507852435112    0.99966967105865479
1715105302.1954498,0.51097339391708374  1.1081258058547974 0.27728787064552307,-0.0029962677508592606  0.0011567337205633521    0.02556229755282402    0.99966806173324585,0.51097339391708374  1.1081258058547974 0.27728787064552307,-0.0029962677508592606  0.0011567337205633521    0.02556229755282402    0.99966806173324585
1715105302.2004457,0.51093834638595581  1.1081193685531616 0.27726507186889648,-0.0030143547337502241  0.0011656987480819225    0.02552587166428566    0.99966895580291748,0.51093834638595581  1.1081193685531616 0.27726507186889648,-0.0030143547337502241  0.0011656987480819225    0.02552587166428566    0.99966895580291748
1715105302.2055495,0.51092219352722168  1.1081030368804932 0.27728646993637085,-0.0030355565249919891  0.0011288017267361283   0.025511469691991806    0.99966925382614136,0.51092219352722168  1.1081030368804932 0.27728646993637085,-0.0030355565249919891  0.0011288017267361283   0.025511469691991806    0.99966925382614136
1715105302.2104568,0.51091694831848145  1.1080952882766724 0.27730438113212585,-0.0030540847219526768   0.001118360785767436   0.025532407686114311    0.99966871738433838,0.51091694831848145  1.1080952882766724 0.27730438113212585,-0.0030540847219526768   0.001118360785767436   0.025532407686114311    0.99966871738433838
1715105302.215452,0.51090532541275024  1.1080857515335083 0.27736192941665649,-0.0030385800637304783  0.0011771905701607466   0.025639664381742477    0.99966591596603394,0.51090532541275024  1.1080857515335083 0.27736192941665649,-0.0030385800637304783  0.0011771905701607466   0.025639664381742477    0.99966591596603394
1715105302.2204087,0.51083767414093018  1.1081180572509766 0.27732762694358826,-0.0029676663689315319  0.0011158068664371967   0.025599664077162743    0.99966722726821899,0.51083767414093018  1.1081180572509766 0.27732762694358826,-0.0029676663689315319  0.0011158068664371967   0.025599664077162743    0.99966722726821899
1715105302.2254393,0.51087433099746704  1.1081169843673706  0.2772223949432373,-0.0030086999759078026  0.0010958212660625577   0.025633480399847031    0.99966627359390259,0.51087433099746704  1.1081169843673706  0.2772223949432373,-0.0030086999759078026  0.0010958212660625577   0.025633480399847031    0.99966627359390259
1715105302.230449,0.51083701848983765  1.1081244945526123 0.27702450752258301,-0.0030143072362989187  0.0012211515568196774   0.025288021191954613    0.99967491626739502,0.51083701848983765  1.1081244945526123 0.27702450752258301,-0.0030143072362989187  0.0012211515568196774   0.025288021191954613    0.99967491626739502
1715105302.2354457,0.51085859537124634   1.108146071434021 0.27698045969009399,-0.0031768830958753824  0.0010704240994527936   0.025532687082886696    0.99966835975646973,0.51085859537124634   1.108146071434021 0.27698045969009399,-0.0031768830958753824  0.0010704240994527936   0.025532687082886696    0.99966835975646973
1715105302.2404492,0.51092207431793213    1.10813307762146 0.27693513035774231,-0.0031919900793582201  0.0010639788815751672   0.025464199483394623    0.99967008829116821,0.51092207431793213    1.10813307762146 0.27693513035774231,-0.0031919900793582201  0.0010639788815751672   0.025464199483394623    0.99967008829116821
1715105302.245455,0.51092898845672607  1.1081442832946777 0.27694308757781982,-0.0031925530638545752  0.0010553599568083882   0.025446280837059021    0.99967056512832642,0.51092898845672607  1.1081442832946777 0.27694308757781982,-0.0031925530638545752  0.0010553599568083882   0.025446280837059021    0.99967056512832642
1715105302.2504511,0.51088124513626099  1.1081769466400146 0.27698811888694763,-0.0030717335175722837  0.0011883064871653914   0.025301918387413025    0.99967443943023682,0.51088124513626099  1.1081769466400146 0.27698811888694763,-0.0030717335175722837  0.0011883064871653914   0.025301918387413025    0.99967443943023682
1715105302.2554722,0.51091259717941284  1.1081631183624268 0.27695265412330627,-0.0032247789204120636  0.0010655260412022471    0.02551286481320858    0.99966871738433838,0.51091259717941284  1.1081631183624268 0.27695265412330627,-0.0032247789204120636  0.0010655260412022471    0.02551286481320858    0.99966871738433838
1715105302.2604668,0.51085352897644043  1.1081856489181519 0.27695849537849426,-0.0031621893867850304 0.00098531483672559261    0.02552642859518528     0.9996686577796936,0.51085352897644043  1.1081856489181519 0.27695849537849426,-0.0031621893867850304 0.00098531483672559261    0.02552642859518528     0.9996686577796936
1715105302.265451,0.51079899072647095  1.1081792116165161 0.27697715163230896,-0.0030779328662902117  0.0011818542843684554   0.025308491662144661    0.99967426061630249,0.51079899072647095  1.1081792116165161 0.27697715163230896,-0.0030779328662902117  0.0011818542843684554   0.025308491662144661    0.99967426061630249
1715105302.2704461,0.51081430912017822  1.1081644296646118 0.27702838182449341,-0.0030072873923927546  0.0012103208573535085   0.025393113493919373     0.9996722936630249,0.51081430912017822  1.1081644296646118 0.27702838182449341,-0.0030072873923927546  0.0012103208573535085   0.025393113493919373     0.9996722936630249
1715105302.2754469,0.51082307100296021  1.1081652641296387 0.27701643109321594,-0.0030278295744210482  0.0011824894463643432   0.025465803220868111    0.99967038631439209,0.51082307100296021  1.1081652641296387 0.27701643109321594,-0.0030278295744210482  0.0011824894463643432   0.025465803220868111    0.99967038631439209
1715105302.280452,0.51086747646331787  1.1081347465515137 0.27698692679405212,-0.0029426512774080038  0.0011458770604804158   0.025407012552022934    0.99967217445373535,0.51086747646331787  1.1081347465515137 0.27698692679405212,-0.0029426512774080038  0.0011458770604804158   0.025407012552022934    0.99967217445373535
1715105302.2854509,0.51083391904830933  1.1081480979919434 0.27699363231658936,-0.0029683720786124468  0.0012066253693774343   0.025404075160622597    0.99967211484909058,0.51083391904830933  1.1081480979919434 0.27699363231658936,-0.0029683720786124468  0.0012066253693774343   0.025404075160622597    0.99967211484909058
1715105302.2904029,0.51099675893783569  1.1080871820449829 0.27717271447181702,-0.0030047302134335041  0.0010975615587085485   0.025498094037175179    0.99966973066329956,0.51099675893783569  1.1080871820449829 0.27717271447181702,-0.0030047302134335041  0.0010975615587085485   0.025498094037175179    0.99966973066329956
1715105302.2954497,0.51091331243515015   1.108150839805603 0.27694720029830933,-0.0032386118546128273  0.0010482895886525512   0.025511607527732849    0.99966871738433838,0.51091331243515015   1.108150839805603 0.27694720029830933,-0.0032386118546128273  0.0010482895886525512   0.025511607527732849    0.99966871738433838
1715105302.3004482,0.51101446151733398  1.1081191301345825 0.27718073129653931,-0.0030912288930267096  0.0011234525591135025   0.025554673746228218    0.99966800212860107,0.51101446151733398  1.1081191301345825 0.27718073129653931,-0.0030912288930267096  0.0011234525591135025   0.025554673746228218    0.99966800212860107
1715105302.3054507,0.51093935966491699  1.1081613302230835 0.27698102593421936,-0.0032117976807057858  0.0010137716308236122   0.025463070720434189    0.99967008829116821,0.51093935966491699  1.1081613302230835 0.27698102593421936,-0.0032117976807057858  0.0010137716308236122   0.025463070720434189    0.99967008829116821
1715105302.3104541,0.51088583469390869  1.1082007884979248 0.27693381905555725,-0.0032199092675000429  0.0010009792167693377   0.025636276230216026    0.99966567754745483,0.51088583469390869  1.1082007884979248 0.27693381905555725,-0.0032199092675000429  0.0010009792167693377   0.025636276230216026    0.99966567754745483
1715105302.3154998,0.51086199283599854  1.1081697940826416 0.27698555588722229, -0.003209003247320652 0.00096026586834341288   0.025526883080601692    0.99966853857040405,0.51086199283599854  1.1081697940826416 0.27698555588722229, -0.003209003247320652 0.00096026586834341288   0.025526883080601692    0.99966853857040405
1715105302.3204503,0.51090836524963379   1.108128547668457 0.27723389863967896,-0.0030492341611534357  0.0011817545164376497   0.025527408346533775    0.99966877698898315,0.51090836524963379   1.108128547668457 0.27723389863967896,-0.0030492341611534357  0.0011817545164376497   0.025527408346533775    0.99966877698898315
1715105302.3254507,0.51088643074035645  1.1081511974334717 0.27719908952713013,-0.0031209164299070835  0.0011905885767191648   0.025588288903236389    0.99966698884963989,0.51088643074035645  1.1081511974334717 0.27719908952713013,-0.0031209164299070835  0.0011905885767191648   0.025588288903236389    0.99966698884963989
1715105302.3304532,0.51084882020950317  1.1081212759017944 0.27720937132835388,-0.0030438273679465055  0.0010699272388592362   0.025460861623287201    0.99967062473297119,0.51084882020950317  1.1081212759017944 0.27720937132835388,-0.0030438273679465055  0.0010699272388592362   0.025460861623287201    0.99967062473297119
1715105302.3354528,0.51086926460266113  1.1080785989761353 0.27725157141685486,-0.003033424960449338 0.0011366818798705935   0.02555478923022747    0.9996681809425354,0.51086926460266113  1.1080785989761353 0.27725157141685486,-0.003033424960449338 0.0011366818798705935   0.02555478923022747    0.9996681809425354
1715105302.3404472,0.51086342334747314  1.1081297397613525 0.27723261713981628,-0.0029970689211040735  0.0010883142240345478   0.025643279775977135    0.99966609477996826,0.51086342334747314  1.1081297397613525 0.27723261713981628,-0.0029970689211040735  0.0010883142240345478   0.025643279775977135    0.99966609477996826
1715105302.345453,0.51089340448379517  1.1081329584121704 0.27695825695991516,-0.0033462999854236841  0.0011913439957424998   0.025426069274544716    0.99967038631439209,0.51089340448379517  1.1081329584121704 0.27695825695991516,-0.0033462999854236841  0.0011913439957424998   0.025426069274544716    0.99967038631439209
1715105302.3504465,0.51092702150344849  1.1080933809280396  0.2772306501865387,-0.0030382019467651844  0.0011527118040248752   0.025461884215474129    0.99967050552368164,0.51092702150344849  1.1080933809280396  0.2772306501865387,-0.0030382019467651844  0.0011527118040248752   0.025461884215474129    0.99967050552368164
1715105302.35548, 0.5108601450920105  1.1081783771514893 0.27691066265106201,-0.0032330411486327648  0.0010463257785886526   0.025478506460785866    0.99966961145401001, 0.5108601450920105  1.1081783771514893 0.27691066265106201,-0.0032330411486327648  0.0010463257785886526   0.025478506460785866    0.99966961145401001
1715105302.3604534,0.51093572378158569  1.1081703901290894 0.27694052457809448,-0.0032074700575321913   0.001003526384010911   0.025513350963592529    0.99966883659362793,0.51093572378158569  1.1081703901290894 0.27694052457809448,-0.0032074700575321913   0.001003526384010911   0.025513350963592529    0.99966883659362793
1715105302.3654745,0.51089918613433838  1.1081631183624268 0.27695566415786743,-0.0032642495352774858  0.0010521628428250551   0.025524530559778214    0.99966830015182495,0.51089918613433838  1.1081631183624268 0.27695566415786743,-0.0032642495352774858  0.0010521628428250551   0.025524530559778214    0.99966830015182495
1715105302.3704047,0.51089978218078613  1.1081817150115967 0.27701631188392639,-0.0030566728673875332  0.0011804535752162337   0.025409989058971405    0.99967175722122192,0.51089978218078613  1.1081817150115967 0.27701631188392639,-0.0030566728673875332  0.0011804535752162337   0.025409989058971405    0.99967175722122192
1715105302.3754003,0.51085686683654785  1.1081609725952148 0.27696222066879272,-0.0032143890857696533  0.0010085193207487464   0.025527004152536392    0.99966847896575928,0.51085686683654785  1.1081609725952148 0.27696222066879272,-0.0032143890857696533  0.0010085193207487464   0.025527004152536392    0.99966847896575928
1715105302.3804522,0.5108640193939209  1.108151912689209 0.2769305408000946,-0.0032087475992739201  0.0010452455608174205   0.025540513917803764    0.99966812133789062,0.5108640193939209  1.108151912689209 0.2769305408000946,-0.0032087475992739201  0.0010452455608174205   0.025540513917803764    0.99966812133789062
1715105302.385457,0.51086384057998657  1.1081651449203491 0.27698367834091187,-0.0030228348914533854  0.0012048934586346149   0.025436341762542725    0.99967116117477417,0.51086384057998657  1.1081651449203491 0.27698367834091187,-0.0030228348914533854  0.0012048934586346149   0.025436341762542725    0.99967116117477417
1715105302.3904481,0.51085656881332397  1.1081610918045044 0.27695745229721069,-0.0030160481110215187  0.0012049550423398614   0.025490952655673027    0.99966979026794434,0.51085656881332397  1.1081610918045044 0.27695745229721069,-0.0030160481110215187  0.0012049550423398614   0.025490952655673027    0.99966979026794434
1715105302.395453,0.51086628437042236  1.1081215143203735 0.27695822715759277,-0.0031591218430548906  0.0010328033240512013   0.025534193962812424     0.9996684193611145,0.51086628437042236  1.1081215143203735 0.27695822715759277,-0.0031591218430548906  0.0010328033240512013   0.025534193962812424     0.9996684193611145
1715105302.4004507,0.51088064908981323  1.1081458330154419 0.27696239948272705,-0.0029957657679915428    0.00119999167509377   0.025438819080591202    0.99967116117477417,0.51088064908981323  1.1081458330154419 0.27696239948272705,-0.0029957657679915428    0.00119999167509377   0.025438819080591202    0.99967116117477417
1715105302.4054859,0.51086819171905518  1.1081792116165161 0.27690064907073975,-0.0031780253630131483   0.001017161994241178   0.025555144995450974    0.99966782331466675,0.51086819171905518  1.1081792116165161 0.27690064907073975,-0.0031780253630131483   0.001017161994241178   0.025555144995450974    0.99966782331466675
1715105302.4104567,0.51087075471878052   1.108151912689209 0.27693799138069153,-0.0032069331500679255  0.0010318468557670712   0.025536762550473213     0.9996681809425354,0.51087075471878052   1.108151912689209 0.27693799138069153,-0.0032069331500679255  0.0010318468557670712   0.025536762550473213     0.9996681809425354
1715105302.4154515,0.51087671518325806  1.1081609725952148 0.27693340182304382,-0.0032034292817115784   0.001031818799674511   0.025523282587528229    0.99966853857040405,0.51087671518325806  1.1081609725952148 0.27693340182304382,-0.0032034292817115784   0.001031818799674511   0.025523282587528229    0.99966853857040405
1715105302.420455, 0.5108872652053833  1.1081763505935669 0.27689531445503235, -0.00325351906940341 0.0010598644148558378  0.025524120777845383   0.99966835975646973, 0.5108872652053833  1.1081763505935669 0.27689531445503235, -0.00325351906940341 0.0010598644148558378  0.025524120777845383   0.99966835975646973
1715105302.4254472,0.51089000701904297  1.1081593036651611 0.27694991230964661,-0.003319550072774291 0.0011179840657860041  0.025474661961197853   0.99966931343078613,0.51089000701904297  1.1081593036651611 0.27694991230964661,-0.003319550072774291 0.0011179840657860041  0.025474661961197853   0.99966931343078613
1715105302.4304485,0.51084506511688232  1.1081509590148926 0.27693086862564087,-0.0032588078174740076  0.0010519721545279026   0.025397216901183128     0.9996715784072876,0.51084506511688232  1.1081509590148926 0.27693086862564087,-0.0032588078174740076  0.0010519721545279026   0.025397216901183128     0.9996715784072876
1715105302.435446,0.51092970371246338  1.1081151962280273 0.27721688151359558,-0.0030179067980498075  0.0011017770739272237   0.025547616183757782     0.9996684193611145,0.51092970371246338  1.1081151962280273 0.27721688151359558,-0.0030179067980498075  0.0011017770739272237   0.025547616183757782     0.9996684193611145
1715105302.4404478,0.51087492704391479  1.1081118583679199 0.27728822827339172,-0.0031079512555152178  0.0012388189788907766   0.025545507669448853    0.99966806173324585,0.51087492704391479  1.1081118583679199 0.27728822827339172,-0.0031079512555152178  0.0012388189788907766   0.025545507669448853    0.99966806173324585
1715105302.4454529,0.51085376739501953  1.1081236600875854 0.27726146578788757,-0.0030766685958951712  0.0011516774538904428   0.025600621476769447    0.99966686964035034,0.51085376739501953  1.1081236600875854 0.27726146578788757,-0.0030766685958951712  0.0011516774538904428   0.025600621476769447    0.99966686964035034
1715105302.4504488,0.51089966297149658  1.1081066131591797  0.2772214412689209,-0.0031001463066786528  0.0011814857134595513     0.0255130585283041    0.99966895580291748,0.51089966297149658  1.1081066131591797  0.2772214412689209,-0.0031001463066786528  0.0011814857134595513     0.0255130585283041    0.99966895580291748
1715105302.4554546,0.51094424724578857  1.1081173419952393  0.2772059440612793,-0.0029992272611707449   0.001064721611328423   0.025558946654200554    0.99966824054718018,0.51094424724578857  1.1081173419952393  0.2772059440612793,-0.0029992272611707449   0.001064721611328423   0.025558946654200554    0.99966824054718018
1715105302.4604547,0.51091510057449341  1.1081123352050781 0.27720916271209717,-0.0030349635053426027  0.0010652334894984961   0.025520637631416321    0.99966913461685181,0.51091510057449341  1.1081123352050781 0.27720916271209717,-0.0030349635053426027  0.0010652334894984961   0.025520637631416321    0.99966913461685181
1715105302.4654469,0.51092714071273804  1.1081365346908569 0.27719408273696899,-0.0029937645886093378  0.0010204784339293838   0.025627443566918373    0.99966657161712646,0.51092714071273804  1.1081365346908569 0.27719408273696899,-0.0029937645886093378  0.0010204784339293838   0.025627443566918373    0.99966657161712646
1715105302.4704514,0.51088839769363403  1.1081829071044922 0.27690872550010681,-0.0032416034955531359  0.0010191818000748754   0.025532536208629608    0.99966824054718018,0.51088839769363403  1.1081829071044922 0.27690872550010681,-0.0032416034955531359  0.0010191818000748754   0.025532536208629608    0.99966824054718018
1715105302.4754457,0.51092028617858887   1.108120322227478 0.27726349234580994,-0.003014975693076849 0.0010806536301970482  0.025566807016730309   0.99966800212860107,0.51092028617858887   1.108120322227478 0.27726349234580994,-0.003014975693076849 0.0010806536301970482  0.025566807016730309   0.99966800212860107
1715105302.4804544,0.51089590787887573  1.1081744432449341 0.27690717577934265,-0.0032040991354733706  0.0010386924259364605   0.025556648150086403     0.9996677041053772,0.51089590787887573  1.1081744432449341 0.27690717577934265,-0.0032040991354733706  0.0010386924259364605   0.025556648150086403     0.9996677041053772
1715105302.4854121,0.51093792915344238  1.1081113815307617 0.27722719311714172,-0.0031275532674044371  0.0011568580521270633   0.025501318275928497    0.99966925382614136,0.51093792915344238  1.1081113815307617 0.27722719311714172,-0.0031275532674044371  0.0011568580521270633   0.025501318275928497    0.99966925382614136
1715105302.4904504,0.51089268922805786   1.108153223991394 0.27690595388412476,-0.003235803684219718  0.001044672797434032  0.025469552725553513   0.99966979026794434,0.51089268922805786   1.108153223991394 0.27690595388412476,-0.003235803684219718  0.001044672797434032  0.025469552725553513   0.99966979026794434
1715105302.495451,0.51094287633895874  1.1081007719039917 0.27722159028053284,-0.0029148268513381481  0.0012649833224713802   0.025425583124160767    0.99967163801193237,0.51094287633895874  1.1081007719039917 0.27722159028053284,-0.0029148268513381481  0.0012649833224713802   0.025425583124160767    0.99967163801193237
1715105302.5004461,0.51091301441192627  1.1080862283706665 0.27721294760704041,-0.0030374240595847368  0.0011271054390817881   0.025523971766233444    0.99966895580291748,0.51091301441192627  1.1080862283706665 0.27721294760704041,-0.0030374240595847368  0.0011271054390817881   0.025523971766233444    0.99966895580291748
1715105302.5054443,0.51085537672042847   1.108165979385376 0.27692484855651855, -0.003070024074986577 0.00095413997769355774   0.025523116812109947    0.99966907501220703,0.51085537672042847   1.108165979385376 0.27692484855651855, -0.003070024074986577 0.00095413997769355774   0.025523116812109947    0.99966907501220703
1715105302.5104492, 0.5108342170715332  1.1081569194793701 0.27696546912193298,-0.0031841087620705366  0.0010494055459275842   0.025530191138386726     0.9996684193611145, 0.5108342170715332  1.1081569194793701 0.27696546912193298,-0.0031841087620705366  0.0010494055459275842   0.025530191138386726     0.9996684193611145
1715105302.5154459,0.51084291934967041  1.1081656217575073 0.27695265412330627,-0.0032027401030063629  0.0010436015436425805   0.025545366108417511    0.99966800212860107,0.51084291934967041  1.1081656217575073 0.27695265412330627,-0.0032027401030063629  0.0010436015436425805   0.025545366108417511    0.99966800212860107
1715105302.520479,0.51085823774337769  1.1081588268280029  0.2769029438495636,-0.0031373007223010063 0.00099222618155181408   0.025517646223306656    0.99966895580291748,0.51085823774337769  1.1081588268280029  0.2769029438495636,-0.0031373007223010063 0.00099222618155181408   0.025517646223306656    0.99966895580291748
1715105302.525454,0.51084274053573608  1.1081627607345581     0.2769775390625,-0.0031955090817064047  0.0010425647487863898   0.025564352050423622    0.99966752529144287,0.51084274053573608  1.1081627607345581     0.2769775390625,-0.0031955090817064047  0.0010425647487863898   0.025564352050423622    0.99966752529144287
1715105302.5304582,0.51088225841522217  1.1081708669662476 0.27700987458229065,-0.0030141102615743876  0.0011930764885619283    0.02540750615298748    0.99967193603515625,0.51088225841522217  1.1081708669662476 0.27700987458229065,-0.0030141102615743876  0.0011930764885619283    0.02540750615298748    0.99967193603515625
1715105302.5354486,0.51088327169418335  1.1081739664077759 0.27696570754051208,-0.0030512136872857809  0.0011837893398478627    0.02544846385717392    0.99967080354690552,0.51088327169418335  1.1081739664077759 0.27696570754051208,-0.0030512136872857809  0.0011837893398478627    0.02544846385717392    0.99967080354690552
1715105302.5404041,0.51087373495101929  1.1081582307815552 0.27695143222808838,-0.0031443920452147722  0.0010533763561397791   0.025525340810418129     0.9996686577796936,0.51087373495101929  1.1081582307815552 0.27695143222808838,-0.0031443920452147722  0.0010533763561397791   0.025525340810418129     0.9996686577796936
1715105302.5454783,0.51091647148132324  1.1081675291061401 0.27700227499008179,-0.0029845081735402346  0.0011336366878822446   0.025448096916079521    0.99967104196548462,0.51091647148132324  1.1081675291061401 0.27700227499008179,-0.0029845081735402346  0.0011336366878822446   0.025448096916079521    0.99967104196548462
1715105302.5504487,0.51092880964279175  1.1081674098968506 0.27694311738014221,-0.0030291441362351179  0.0012257500784471631   0.025412064045667648    0.99967169761657715,0.51092880964279175  1.1081674098968506 0.27694311738014221,-0.0030291441362351179  0.0012257500784471631   0.025412064045667648    0.99967169761657715
1715105302.5554464,0.51081913709640503  1.1081794500350952 0.27698782086372375,-0.0030178104061633348  0.0011660065501928329   0.025387734174728394    0.99967247247695923,0.51081913709640503  1.1081794500350952 0.27698782086372375,-0.0030178104061633348  0.0011660065501928329   0.025387734174728394    0.99967247247695923
1715105302.5604517,0.51084131002426147  1.1081527471542358 0.27693316340446472,-0.0031752893701195717  0.0010130699956789613   0.025554250925779343    0.99966788291931152,0.51084131002426147  1.1081527471542358 0.27693316340446472,-0.0031752893701195717  0.0010130699956789613   0.025554250925779343    0.99966788291931152
1715105302.5654504,0.51085340976715088  1.1081632375717163 0.27694383263587952,-0.0031851679086685181  0.0010531574953347445   0.025543347001075745    0.99966806173324585,0.51085340976715088  1.1081632375717163 0.27694383263587952,-0.0031851679086685181  0.0010531574953347445   0.025543347001075745    0.99966806173324585
1715105302.570405,0.51086395978927612  1.1081701517105103  0.2770056426525116,-0.0030315422918647528  0.0012118978193029761   0.025436650961637497    0.99967110157012939,0.51086395978927612  1.1081701517105103  0.2770056426525116,-0.0030315422918647528  0.0012118978193029761   0.025436650961637497    0.99967110157012939
1715105302.5754461,0.51082664728164673  1.1081666946411133  0.2768932580947876,-0.0031918564345687628  0.0010321068111807108   0.025497023016214371    0.99966925382614136,0.51082664728164673  1.1081666946411133  0.2768932580947876,-0.0031918564345687628  0.0010321068111807108   0.025497023016214371    0.99966925382614136
1715105302.5804448,0.51088166236877441  1.1080944538116455 0.27726981043815613, -0.00301350187510252 0.0011352457804605365  0.025527719408273697   0.99966895580291748,0.51088166236877441  1.1080944538116455 0.27726981043815613, -0.00301350187510252 0.0011352457804605365  0.025527719408273697   0.99966895580291748
1715105302.5854459,0.51086306571960449  1.1081550121307373 0.27700060606002808,-0.0030248516704887152  0.0011900502722710371   0.025437714532017708    0.99967110157012939,0.51086306571960449  1.1081550121307373 0.27700060606002808,-0.0030248516704887152  0.0011900502722710371   0.025437714532017708    0.99967110157012939
1715105302.5904703,0.51087462902069092  1.1081204414367676 0.27698957920074463,-0.0029405823443084955  0.0012354413047432899   0.025454264134168625    0.99967092275619507,0.51087462902069092  1.1081204414367676 0.27698957920074463,-0.0029405823443084955  0.0012354413047432899   0.025454264134168625    0.99967092275619507
1715105302.5954468,0.50969380140304565  1.1061006784439087 0.27732467651367188,0.00044496532063931227  0.0002463185228407383     0.0253326166421175    0.99967896938323975,0.50969380140304565  1.1061006784439087 0.27732467651367188,0.00044496532063931227  0.0002463185228407383     0.0253326166421175    0.99967896938323975
1715105302.6004455,0.51041853427886963  1.0989614725112915  0.2782035768032074, 0.005616320762783289 0.0015039894497022033  0.027015801519155502   0.99961811304092407,0.51041853427886963  1.0989614725112915  0.2782035768032074, 0.005616320762783289 0.0015039894497022033  0.027015801519155502   0.99961811304092407
1715105302.6054449,0.51038163900375366  1.0925529003143311 0.27793961763381958,0.0029061634559184313 0.0029527151491492987  0.028261132538318634   0.99959200620651245,0.51038163900375366  1.0925529003143311 0.27793961763381958,0.0029061634559184313 0.0029527151491492987  0.028261132538318634   0.99959200620651245
1715105302.6104531,0.51008737087249756  1.0888943672180176 0.27763053774833679,0.0022420561872422695 0.0030075481627136469  0.028516892343759537   0.99958628416061401,0.51008737087249756  1.0888943672180176 0.27763053774833679,0.0022420561872422695 0.0030075481627136469  0.028516892343759537   0.99958628416061401
1715105302.6154487,0.50971567630767822  1.0817669630050659 0.27815735340118408,0.0029185537714511156 0.0036905177403241396   0.02895711362361908    0.9995695948600769,0.50971567630767822  1.0817669630050659 0.27815735340118408,0.0029185537714511156 0.0036905177403241396   0.02895711362361908    0.9995695948600769
1715105302.6204545,0.50950229167938232  1.0746346712112427 0.27856281399726868,0.0024623430799692869 0.0037451991811394691  0.029220530763268471   0.99956291913986206,0.50950229167938232  1.0746346712112427 0.27856281399726868,0.0024623430799692869 0.0037451991811394691  0.029220530763268471   0.99956291913986206
1715105302.6254699, 0.5089142918586731  1.0676449537277222 0.27833080291748047,0.0017312675481662154 0.0038155182264745235   0.02972341887652874   0.99954938888549805, 0.5089142918586731  1.0676449537277222 0.27833080291748047,0.0017312675481662154 0.0038155182264745235   0.02972341887652874   0.99954938888549805
1715105302.6304467,0.50805693864822388  1.0607631206512451 0.27803760766983032,0.00084472115850076079  0.0029358444735407829    0.03056870773434639    0.99952799081802368,0.50805693864822388  1.0607631206512451 0.27803760766983032,0.00084472115850076079  0.0029358444735407829    0.03056870773434639    0.99952799081802368
1715105302.6354785,0.50767713785171509  1.0573065280914307 0.27814123034477234,0.00045217070146463811  0.0024440409615635872   0.030760440975427628    0.99952369928359985,0.50767713785171509  1.0573065280914307 0.27814123034477234,0.00045217070146463811  0.0024440409615635872   0.030760440975427628    0.99952369928359985
1715105302.6404514,0.50681614875793457  1.0504708290100098 0.27774229645729065,-0.00066704780329018831   0.0013234390644356608    0.031614016741514206     0.99949908256530762,0.50681614875793457  1.0504708290100098 0.27774229645729065,-0.00066704780329018831   0.0013234390644356608    0.031614016741514206     0.99949908256530762
1715105302.6454556,0.50607782602310181  1.0437507629394531   0.277220219373703,-0.0020644308533519506 0.00026625616010278463   0.032178107649087906    0.99948000907897949,0.50607782602310181  1.0437507629394531   0.277220219373703,-0.0020644308533519506 0.00026625616010278463   0.032178107649087906    0.99948000907897949
1715105302.6504433,0.50581943988800049  1.0404512882232666 0.27725058794021606,-0.0026152133941650391 0.00068480789195746183    0.03239075094461441    0.99947160482406616,0.50581943988800049  1.0404512882232666 0.27725058794021606,-0.0026152133941650391 0.00068480789195746183    0.03239075094461441    0.99947160482406616
1715105302.6553969,0.50515574216842651   1.030430793762207 0.27734389901161194,-0.0040732887573540211 0.00084781460464000702   0.032751519232988358    0.99945485591888428,0.50515574216842651   1.030430793762207 0.27734389901161194,-0.0040732887573540211 0.00084781460464000702   0.032751519232988358    0.99945485591888428
1715105302.6604419,0.50499451160430908  1.0270507335662842 0.27736580371856689,-0.0043281009420752525 0.00059863383648917079   0.033269688487052917    0.99943685531616211,0.50499451160430908  1.0270507335662842 0.27736580371856689,-0.0043281009420752525 0.00059863383648917079   0.033269688487052917    0.99943685531616211
1715105302.6654396,0.50436520576477051  1.0203489065170288 0.27736124396324158,-0.0047314758412539959 0.00053314946126192808   0.033649403601884842    0.99942237138748169,0.50436520576477051  1.0203489065170288 0.27736124396324158,-0.0047314758412539959 0.00053314946126192808   0.033649403601884842    0.99942237138748169
1715105302.670439,0.50385004281997681  1.0136318206787109 0.27738723158836365,-0.0045508849434554577 0.00050092069432139397   0.033914834260940552    0.99941426515579224,0.50385004281997681  1.0136318206787109 0.27738723158836365,-0.0045508849434554577 0.00050092069432139397   0.033914834260940552    0.99941426515579224
1715105302.675441,0.50336742401123047  1.0068227052688599 0.27741673588752747,-0.0042233401909470558 0.00043124551302753389   0.034487046301364899    0.99939614534378052,0.50336742401123047  1.0068227052688599 0.27741673588752747,-0.0042233401909470558 0.00043124551302753389   0.034487046301364899    0.99939614534378052
1715105302.680464,0.50288194417953491 0.99998956918716431 0.27740955352783203,-0.0035281965974718332 0.00064815994119271636   0.034677509218454361    0.99939209222793579,0.50288194417953491 0.99998956918716431 0.27740955352783203,-0.0035281965974718332 0.00064815994119271636   0.034677509218454361    0.99939209222793579
1715105302.6854427,0.50273102521896362  0.9965893030166626 0.27737239003181458,-0.0030623311176896095 0.00056500721257179976   0.034862983971834183    0.99938726425170898,0.50273102521896362  0.9965893030166626 0.27737239003181458,-0.0030623311176896095 0.00056500721257179976   0.034862983971834183    0.99938726425170898
1715105302.6903987,0.50225275754928589 0.98982656002044678  0.2774602472782135,-0.0021956018172204494 0.00067074311664327979   0.034930508583784103    0.99938708543777466,0.50225275754928589 0.98982656002044678  0.2774602472782135,-0.0021956018172204494 0.00067074311664327979   0.034930508583784103    0.99938708543777466
1715105302.6954398,0.50178837776184082 0.98313283920288086 0.27752012014389038,-0.0017368460539728403 0.00062105304095894098   0.035391923040151596    0.99937182664871216,0.50178837776184082 0.98313283920288086 0.27752012014389038,-0.0017368460539728403 0.00062105304095894098   0.035391923040151596    0.99937182664871216
1715105302.7004406, 0.5013774037361145 0.97660678625106812  0.2776167094707489,-0.0011430929880589247 0.00058818754041567445   0.035660259425640106    0.99936312437057495, 0.5013774037361145 0.97660678625106812  0.2776167094707489,-0.0011430929880589247 0.00058818754041567445   0.035660259425640106    0.99936312437057495
1715105302.7054379,0.50113272666931152 0.97334659099578857 0.27760037779808044,-0.00063475308706983924  0.00089953228598460555    0.035689633339643478      0.9993622899055481,0.50113272666931152 0.97334659099578857 0.27760037779808044,-0.00063475308706983924  0.00089953228598460555    0.035689633339643478      0.9993622899055481
1715105302.7104485,0.50067645311355591 0.96694916486740112 0.27762916684150696,-0.00045434050844050944   0.0007940573850646615    0.035826243460178375     0.99935764074325562,0.50067645311355591 0.96694916486740112 0.27762916684150696,-0.00045434050844050944   0.0007940573850646615    0.035826243460178375     0.99935764074325562
1715105302.7154408,0.50013750791549683 0.96053427457809448 0.27768006920814514,-0.00011685199569910765  0.00056018598843365908    0.036246504634618759     0.99934273958206177,0.50013750791549683 0.96053427457809448 0.27768006920814514,-0.00011685199569910765  0.00056018598843365908    0.036246504634618759     0.99934273958206177
1715105302.7204385,0.49968823790550232 0.95432132482528687 0.27776405215263367,-0.00046946998918429017  0.00057237897999584675    0.036495231091976166     0.99933356046676636,0.49968823790550232 0.95432132482528687 0.27776405215263367,-0.00046946998918429017  0.00057237897999584675    0.036495231091976166     0.99933356046676636
1715105302.7254837,0.49922534823417664 0.94809317588806152 0.27778428792953491,-0.00060590414796024561  0.00063137180404737592    0.036620493978261948      0.9993288516998291,0.49922534823417664 0.94809317588806152 0.27778428792953491,-0.00060590414796024561  0.00063137180404737592    0.036620493978261948      0.9993288516998291
1715105302.7304683,0.49867439270019531 0.94208407402038574 0.27782949805259705,-0.00059817539295181632  0.00058012810768559575    0.036978304386138916     0.99931573867797852,0.49867439270019531 0.94208407402038574 0.27782949805259705,-0.00059817539295181632  0.00058012810768559575    0.036978304386138916     0.99931573867797852
1715105302.7354388,0.49849018454551697 0.93900984525680542 0.27774056792259216,-0.0011885011335834861 0.00039509966154582798   0.037109877914190292    0.99931043386459351,0.49849018454551697 0.93900984525680542 0.27774056792259216,-0.0011885011335834861 0.00039509966154582798   0.037109877914190292    0.99931043386459351
1715105302.7404282, 0.4980471134185791 0.93307089805603027 0.27773374319076538,-0.0014494014903903008 0.00067849032348021865   0.037285830825567245    0.99930334091186523, 0.4980471134185791 0.93307089805603027 0.27773374319076538,-0.0014494014903903008 0.00067849032348021865   0.037285830825567245    0.99930334091186523
1715105302.7454197,0.49758511781692505 0.92717552185058594 0.27772161364555359,-0.0018518363358452916 0.00070640089688822627   0.037385400384664536    0.99929893016815186,0.49758511781692505 0.92717552185058594 0.27772161364555359,-0.0018518363358452916 0.00070640089688822627   0.037385400384664536    0.99929893016815186
1715105302.7504632,0.49713611602783203 0.92128622531890869  0.2777864933013916,-0.0021970437373965979 0.00088203494669869542   0.037525203078985214    0.99929285049438477,0.49713611602783203 0.92128622531890869  0.2777864933013916,-0.0021970437373965979 0.00088203494669869542   0.037525203078985214    0.99929285049438477
1715105302.7554374,0.49671772122383118 0.91544729471206665  0.2778012752532959,-0.0023952936753630638 0.00092411518562585115   0.037533294409513474    0.99929207563400269,0.49671772122383118 0.91544729471206665  0.2778012752532959,-0.0023952936753630638 0.00092411518562585115   0.037533294409513474    0.99929207563400269
1715105302.7604392,0.49649909138679504 0.91244643926620483 0.27770575881004333,-0.0025792424567043781 0.00083140929928049445   0.037827443331480026    0.99928063154220581,0.49649909138679504 0.91244643926620483 0.27770575881004333,-0.0025792424567043781 0.00083140929928049445   0.037827443331480026    0.99928063154220581
1715105302.7654693,0.49611857533454895 0.90657466650009155 0.27774703502655029,-0.0026513487100601196 0.00063739751931279898   0.037585664540529251    0.99928969144821167,0.49611857533454895 0.90657466650009155 0.27774703502655029,-0.0026513487100601196 0.00063739751931279898   0.037585664540529251    0.99928969144821167
1715105302.770438,0.49571970105171204   0.900687575340271 0.27801504731178284,-0.0022696468513458967 0.00096436991589143872   0.037724912166595459    0.99928510189056396,0.49571970105171204   0.900687575340271 0.27801504731178284,-0.0022696468513458967 0.00096436991589143872   0.037724912166595459    0.99928510189056396
1715105302.7754405,0.49530279636383057 0.89492338895797729 0.27809625864028931,-0.0021971818059682846   0.001011531800031662   0.038038473576307297    0.99927335977554321,0.49530279636383057 0.89492338895797729 0.27809625864028931,-0.0021971818059682846   0.001011531800031662   0.038038473576307297    0.99927335977554321
1715105302.7804399,0.49502360820770264  0.8919793963432312 0.27807334065437317,-0.0020841397345066071  0.0011090020416304469   0.037971682846546173    0.99927604198455811,0.49502360820770264  0.8919793963432312 0.27807334065437317,-0.0020841397345066071  0.0011090020416304469   0.037971682846546173    0.99927604198455811
1715105302.785464,0.49461373686790466 0.88631463050842285 0.27804934978485107,-0.0020049272570759058 0.00084258912829682231   0.038303222507238388    0.99926382303237915,0.49461373686790466 0.88631463050842285 0.27804934978485107,-0.0020049272570759058 0.00084258912829682231   0.038303222507238388    0.99926382303237915
1715105302.7904401,0.49413350224494934 0.88067662715911865 0.27820450067520142,-0.0014070639153942466  0.0011827197158709168   0.038326121866703033    0.99926358461380005,0.49413350224494934 0.88067662715911865 0.27820450067520142,-0.0014070639153942466  0.0011827197158709168   0.038326121866703033    0.99926358461380005
1715105302.7954159,0.49376127123832703  0.8751523494720459 0.27821305394172668,-0.0012712820898741484    0.00126054254360497   0.038228537887334824    0.99926739931106567,0.49376127123832703  0.8751523494720459 0.27821305394172668,-0.0012712820898741484    0.00126054254360497   0.038228537887334824    0.99926739931106567
1715105302.8004179,0.49335026741027832  0.8696749210357666 0.27819651365280151,-0.0011024301638826728  0.0012399074621498585   0.038164794445037842    0.99927008152008057,0.49335026741027832  0.8696749210357666 0.27819651365280151,-0.0011024301638826728  0.0012399074621498585   0.038164794445037842    0.99927008152008057
1715105302.8054376,0.49295061826705933 0.86426264047622681 0.27825251221656799,-0.00085740938084200025   0.0012668597046285868     0.03813493624329567      0.9992714524269104,0.49295061826705933 0.86426264047622681 0.27825251221656799,-0.00085740938084200025   0.0012668597046285868     0.03813493624329567      0.9992714524269104
1715105302.810441,0.49277842044830322 0.86155968904495239 0.27818486094474792,-0.0012721916427835822 0.00095319398678839207   0.038264099508523941    0.99926638603210449,0.49277842044830322 0.86155968904495239 0.27818486094474792,-0.0012721916427835822 0.00095319398678839207   0.038264099508523941    0.99926638603210449
1715105302.8154628,0.49239474534988403  0.8562813401222229 0.27821871638298035,-0.0012465139152482152 0.00097242294577881694   0.038442656397819519    0.99925953149795532,0.49239474534988403  0.8562813401222229 0.27821871638298035,-0.0012465139152482152 0.00097242294577881694   0.038442656397819519    0.99925953149795532
1715105302.8204374,0.49206125736236572 0.85112231969833374 0.27825909852981567,-0.0011711445404216647  0.0011068843305110931   0.038335233926773071    0.99926364421844482,0.49206125736236572 0.85112231969833374 0.27825909852981567,-0.0011711445404216647  0.0011068843305110931   0.038335233926773071    0.99926364421844482
1715105302.8254399,0.49165856838226318 0.84586811065673828 0.27821463346481323,-0.0013119549257680774  0.0014141640858724713   0.038242973387241364    0.99926662445068359,0.49165856838226318 0.84586811065673828 0.27821463346481323,-0.0013119549257680774  0.0014141640858724713   0.038242973387241364    0.99926662445068359
1715105302.8303936,0.49142110347747803 0.84342652559280396 0.27822029590606689,-0.0012980205938220024   0.001329694758169353   0.038226418197154999    0.99926739931106567,0.49142110347747803 0.84342652559280396 0.27822029590606689,-0.0012980205938220024   0.001329694758169353   0.038226418197154999    0.99926739931106567
1715105302.8354399,0.49099236726760864  0.8383326530456543 0.27830538153648376,-0.0014455129858106375  0.0014010934391990304   0.038296695798635483    0.99926435947418213,0.49099236726760864  0.8383326530456543 0.27830538153648376,-0.0014455129858106375  0.0014010934391990304   0.038296695798635483    0.99926435947418213
1715105302.8404429,0.49053701758384705   0.833365797996521   0.278328537940979,-0.0015548077644780278   0.001277117058634758   0.038138996809720993    0.99927043914794922,0.49053701758384705   0.833365797996521   0.278328537940979,-0.0015548077644780278   0.001277117058634758   0.038138996809720993    0.99927043914794922
1715105302.8743849,0.48789271712303162 0.79959774017333984 0.27820152044296265,-0.0018154323333874345  0.0011665821075439453   0.037877645343542099    0.99928003549575806,0.48789271712303162 0.79959774017333984 0.27820152044296265,-0.0018154323333874345  0.0011665821075439453   0.037877645343542099    0.99928003549575806
1715105302.8794417,0.48789271712303162 0.79959774017333984 0.27820152044296265,-0.0018154323333874345  0.0011665821075439453   0.037877645343542099    0.99928003549575806,0.48789271712303162 0.79959774017333984 0.27820152044296265,-0.0018154323333874345  0.0011665821075439453   0.037877645343542099    0.99928003549575806
1715105302.884444,0.48748785257339478 0.79495894908905029  0.2782522439956665,-0.0015095905400812626   0.001180273131467402   0.037545174360275269    0.99929308891296387,0.48748785257339478 0.79495894908905029  0.2782522439956665,-0.0015095905400812626   0.001180273131467402   0.037545174360275269    0.99929308891296387
1715105302.8894429,0.48714083433151245 0.79040080308914185 0.27824267745018005,-0.0013424940407276154  0.0012981496984139085    0.03756134957075119    0.99929255247116089,0.48714083433151245 0.79040080308914185 0.27824267745018005,-0.0013424940407276154  0.0012981496984139085    0.03756134957075119    0.99929255247116089
1715105302.8944681,0.48673832416534424 0.78589540719985962 0.27828869223594666,-0.0014208073262125254  0.0012733708135783672   0.037375781685113907    0.99929946660995483,0.48673832416534424 0.78589540719985962 0.27828869223594666,-0.0014208073262125254  0.0012733708135783672   0.037375781685113907    0.99929946660995483
1715105302.8994408,0.48662292957305908 0.78355622291564941 0.27849945425987244,-0.0015161857008934021  0.0010980272199958563   0.037560600787401199    0.99929261207580566,0.48662292957305908 0.78355622291564941 0.27849945425987244,-0.0015161857008934021  0.0010980272199958563   0.037560600787401199    0.99929261207580566
1715105302.9044654,0.48611298203468323 0.77928841114044189 0.27832591533660889,-0.0013199056265875697  0.0011854664189741015   0.037208877503871918    0.99930596351623535,0.48611298203468323 0.77928841114044189 0.27832591533660889,-0.0013199056265875697  0.0011854664189741015   0.037208877503871918    0.99930596351623535
1715105302.9094412,0.48588085174560547 0.77487289905548096 0.27850311994552612,-0.0013224601279944181  0.0014232461107894778   0.037179555743932724    0.99930673837661743,0.48588085174560547 0.77487289905548096 0.27850311994552612,-0.0013224601279944181  0.0014232461107894778   0.037179555743932724    0.99930673837661743
1715105302.9144413,0.48546206951141357 0.77061176300048828  0.2783571183681488,-0.001468028174713254 0.0012153908610343933    0.0368519127368927   0.99931889772415161,0.48546206951141357 0.77061176300048828  0.2783571183681488,-0.001468028174713254 0.0012153908610343933    0.0368519127368927   0.99931889772415161
1715105302.9194431,0.48521402478218079 0.76630264520645142 0.27845984697341919,-0.0014128881739452481  0.0012653291923925281   0.036656815558671951    0.99932610988616943,0.48521402478218079 0.76630264520645142 0.27845984697341919,-0.0014128881739452481  0.0012653291923925281   0.036656815558671951    0.99932610988616943
1715105302.9244421,0.48506259918212891 0.76420724391937256 0.27851596474647522,-0.001551709370687604 0.0013403827324509621   0.03649042546749115   0.99933189153671265,0.48506259918212891 0.76420724391937256 0.27851596474647522,-0.001551709370687604 0.0013403827324509621   0.03649042546749115   0.99933189153671265
1715105302.9294059,0.48470216989517212 0.76003438234329224 0.27855521440505981,-0.0013722561998292804  0.0014221783494576812   0.036280926316976547    0.99933969974517822,0.48470216989517212 0.76003438234329224 0.27855521440505981,-0.0013722561998292804  0.0014221783494576812   0.036280926316976547    0.99933969974517822
1715105302.9344409,0.48442608118057251 0.75596845149993896 0.27854102849960327,-0.0019483796786516905  0.0014996514655649662   0.035965580493211746    0.99935001134872437,0.48442608118057251 0.75596845149993896 0.27854102849960327,-0.0019483796786516905  0.0014996514655649662   0.035965580493211746    0.99935001134872437
1715105302.9394426,0.48345375061035156 0.75247073173522949 0.27865424752235413,-0.0021766277495771646  0.0013519591884687543   0.036136224865913391    0.99934357404708862,0.48345375061035156 0.75247073173522949 0.27865424752235413,-0.0021766277495771646  0.0013519591884687543   0.036136224865913391    0.99934357404708862
1715105302.9443953,0.48310902714729309 0.74847787618637085 0.27867552638053894,-0.0021033829543739557  0.0012508598156273365     0.0359317846596241    0.99935126304626465,0.48310902714729309 0.74847787618637085 0.27867552638053894,-0.0021033829543739557  0.0012508598156273365     0.0359317846596241    0.99935126304626465
1715105302.9494655,0.48370370268821716 0.74596428871154785  0.2785625159740448,-0.0019785948097705841  0.0015739885857328773   0.035439636558294296    0.99936860799789429,0.48370370268821716 0.74596428871154785  0.2785625159740448,-0.0019785948097705841  0.0015739885857328773   0.035439636558294296    0.99936860799789429
1715105302.9544401,0.48331081867218018 0.74211770296096802 0.27860435843467712,-0.0018177583115175366  0.0015353882918134332   0.035136494785547256    0.99937969446182251,0.48331081867218018 0.74211770296096802 0.27860435843467712,-0.0018177583115175366  0.0015353882918134332   0.035136494785547256    0.99937969446182251
1715105302.9594584,0.48294854164123535 0.73823851346969604 0.27865609526634216,-0.0019841983448714018  0.0014303629286587238   0.034947685897350311    0.99938613176345825,0.48294854164123535 0.73823851346969604 0.27865609526634216,-0.0019841983448714018  0.0014303629286587238   0.034947685897350311    0.99938613176345825
1715105302.9644682,0.48261189460754395 0.73454791307449341 0.27868393063545227,-0.0023209613282233477  0.0014409972354769707   0.034592863172292709    0.99939775466918945,0.48261189460754395 0.73454791307449341 0.27868393063545227,-0.0023209613282233477  0.0014409972354769707   0.034592863172292709    0.99939775466918945
1715105302.9694414,0.48231109976768494 0.73079657554626465  0.2786141037940979,-0.0024527669884264469  0.0010563654359430075   0.034406155347824097    0.99940437078475952,0.48231109976768494 0.73079657554626465  0.2786141037940979,-0.0024527669884264469  0.0010563654359430075   0.034406155347824097    0.99940437078475952
1715105302.9744644,0.48218834400177002  0.7289089560508728 0.27867376804351807,-0.0022143532987684011  0.0014225863851606846   0.034074738621711731     0.9994158148765564,0.48218834400177002  0.7289089560508728 0.27867376804351807,-0.0022143532987684011  0.0014225863851606846   0.034074738621711731     0.9994158148765564
1715105302.9794409,0.48193016648292542 0.72529274225234985 0.27867329120635986,-0.0020866277627646923  0.0014077009400352836   0.033745087683200836    0.99942731857299805,0.48193016648292542 0.72529274225234985 0.27867329120635986,-0.0020866277627646923  0.0014077009400352836   0.033745087683200836    0.99942731857299805
1715105302.984441, 0.4816376268863678 0.72172224521636963  0.2786368727684021,-0.002090951194986701   0.00148029625415802  0.033431652933359146   0.99943774938583374, 0.4816376268863678 0.72172224521636963  0.2786368727684021,-0.002090951194986701   0.00148029625415802  0.033431652933359146   0.99943774938583374
1715105302.9894414,0.48130232095718384 0.71826237440109253 0.27870646119117737,-0.0019361985614523292  0.0014227848732843995   0.033087421208620071    0.99944955110549927,0.48130232095718384 0.71826237440109253 0.27870646119117737,-0.0019361985614523292  0.0014227848732843995   0.033087421208620071    0.99944955110549927
1715105302.9944403, 0.4810309112071991 0.71487456560134888 0.27852147817611694,-0.0021358982194215059  0.0012250158470124006   0.032525967806577682    0.99946784973144531, 0.4810309112071991 0.71487456560134888 0.27852147817611694,-0.0021358982194215059  0.0012250158470124006   0.032525967806577682    0.99946784973144531
1715105302.9994423, 0.4808652400970459 0.71315515041351318 0.27853479981422424,-0.0019788471981883049  0.0013186088763177395   0.032644420862197876    0.99946421384811401, 0.4808652400970459 0.71315515041351318 0.27853479981422424,-0.0019788471981883049  0.0013186088763177395   0.032644420862197876    0.99946421384811401
1715105303.0044436,0.48041123151779175 0.70811516046524048 0.27854418754577637,-0.0020665691699832678  0.0013595651835203171   0.031881149858236313    0.99948859214782715,0.48041123151779175 0.70811516046524048 0.27854418754577637,-0.0020665691699832678  0.0013595651835203171   0.031881149858236313    0.99948859214782715
1715105303.0094421,0.48033401370048523  0.7064051628112793 0.27861624956130981,-0.0022860472090542316  0.0012282131938263774   0.031858675181865692    0.99948900938034058,0.48033401370048523  0.7064051628112793 0.27861624956130981,-0.0022860472090542316  0.0012282131938263774   0.031858675181865692    0.99948900938034058
1715105303.014441,0.48000803589820862 0.70311146974563599 0.27861249446868896,-0.0022406447678804398  0.0011816427577286959   0.031422168016433716    0.99950301647186279,0.48000803589820862 0.70311146974563599 0.27861249446868896,-0.0022406447678804398  0.0011816427577286959   0.031422168016433716    0.99950301647186279
1715105303.0194428,0.47974461317062378 0.69984209537506104 0.27875101566314697, -0.00215672398917377 0.0013842214830219746  0.031175998970866203   0.99951064586639404,0.47974461317062378 0.69984209537506104 0.27875101566314697, -0.00215672398917377 0.0013842214830219746  0.031175998970866203   0.99951064586639404
1715105303.0244429,0.47958680987358093 0.69836097955703735 0.27866026759147644,-0.0022041057236492634  0.0011278354795649648   0.030798027291893959    0.99952256679534912,0.47958680987358093 0.69836097955703735 0.27866026759147644,-0.0022041057236492634  0.0011278354795649648   0.030798027291893959    0.99952256679534912
1715105303.0293953,0.47932630777359009  0.6952248215675354 0.27864402532577515,-0.0022150638978928328  0.0012637798208743334   0.030710145831108093    0.99952507019042969,0.47932630777359009  0.6952248215675354 0.27864402532577515,-0.0022150638978928328  0.0012637798208743334   0.030710145831108093    0.99952507019042969
1715105303.0344415,0.47911041975021362 0.69208061695098877 0.27864474058151245,-0.0023449147120118141  0.0012527280487120152   0.030390750616788864    0.99953454732894897,0.47911041975021362 0.69208061695098877 0.27864474058151245,-0.0023449147120118141  0.0012527280487120152   0.030390750616788864    0.99953454732894897
1715105303.0394421,0.47890546917915344 0.68890231847763062 0.27882719039916992,-0.0020715373102575541  0.0014168580528348684   0.029738971963524818    0.99955457448959351,0.47890546917915344 0.68890231847763062 0.27882719039916992,-0.0020715373102575541  0.0014168580528348684   0.029738971963524818    0.99955457448959351
1715105303.0444434,0.47863242030143738 0.68591165542602539 0.27882623672485352,-0.0019207904115319252  0.0013682028511539102   0.029394172132015228    0.99956512451171875,0.47863242030143738 0.68591165542602539 0.27882623672485352,-0.0019207904115319252  0.0013682028511539102   0.029394172132015228    0.99956512451171875
1715105303.0494416,0.47851994633674622 0.68442773818969727 0.27862998843193054,-0.0023088585585355759  0.0011451625032350421   0.029242707416415215    0.99956899881362915,0.47851994633674622 0.68442773818969727 0.27862998843193054,-0.0023088585585355759  0.0011451625032350421   0.029242707416415215    0.99956899881362915
1715105303.0544415,0.47829562425613403 0.68141269683837891 0.27884054183959961,-0.001899134716950357 0.0012702436652034521  0.028932776302099228   0.99957877397537231,0.47829562425613403 0.68141269683837891 0.27884054183959961,-0.001899134716950357 0.0012702436652034521  0.028932776302099228   0.99957877397537231
1715105303.0594411,0.47806942462921143 0.67850399017333984 0.27888131141662598,-0.0018556632567197084  0.0013268997427076101   0.028490364551544189    0.99959146976470947,0.47806942462921143 0.67850399017333984 0.27888131141662598,-0.0018556632567197084  0.0013268997427076101   0.028490364551544189    0.99959146976470947
1715105303.0644283,0.47783151268959045  0.6757158637046814 0.27890560030937195,-0.0015463335439562798   0.001293425215408206   0.027979413047432899    0.99960649013519287,0.47783151268959045  0.6757158637046814 0.27890560030937195,-0.0015463335439562798   0.001293425215408206   0.027979413047432899    0.99960649013519287
1715105303.0694418,0.47762387990951538 0.67289769649505615  0.2789287269115448,-0.0017286202637478709  0.0012580010807141662   0.027494460344314575    0.99961966276168823,0.47762387990951538 0.67289769649505615  0.2789287269115448,-0.0017286202637478709  0.0012580010807141662   0.027494460344314575    0.99961966276168823
1715105303.0744731,0.47746849060058594 0.67153924703598022  0.2789168655872345,-0.0015752736944705248  0.0014101348351687193   0.027537571266293526     0.9996185302734375,0.47746849060058594 0.67153924703598022  0.2789168655872345,-0.0015752736944705248  0.0014101348351687193   0.027537571266293526     0.9996185302734375
1715105303.0794711,0.47730094194412231 0.66887962818145752 0.27895629405975342,-0.0016271554632112384  0.0013932045549154282   0.027002159506082535     0.9996330738067627,0.47730094194412231 0.66887962818145752 0.27895629405975342,-0.0016271554632112384  0.0013932045549154282   0.027002159506082535     0.9996330738067627
1715105303.0844653,0.47705012559890747 0.66620194911956787 0.27896028757095337,-0.0014773202128708363  0.0014470674796029925   0.026603847742080688    0.99964392185211182,0.47705012559890747 0.66620194911956787 0.27896028757095337,-0.0014773202128708363  0.0014470674796029925   0.026603847742080688    0.99964392185211182
1715105303.0894415,0.47624161839485168 0.66415327787399292 0.27906167507171631,-0.0020552508067339659  0.0012002274161204696   0.026586716994643211    0.99964368343353271,0.47624161839485168 0.66415327787399292 0.27906167507171631,-0.0020552508067339659  0.0012002274161204696   0.026586716994643211    0.99964368343353271
1715105303.0944443,0.47658470273017883 0.66116088628768921 0.27897536754608154,-0.0016875661676749587  0.0012527250219136477   0.025725921615958214    0.99966681003570557,0.47658470273017883 0.66116088628768921 0.27897536754608154,-0.0016875661676749587  0.0012527250219136477   0.025725921615958214    0.99966681003570557
1715105303.0994401,0.47655832767486572 0.65988749265670776 0.27892884612083435,-0.0018210490234196186  0.0013405214995145798   0.025629736483097076    0.99966895580291748,0.47655832767486572 0.65988749265670776 0.27892884612083435,-0.0018210490234196186  0.0013405214995145798   0.025629736483097076    0.99966895580291748
1715105303.1044681,0.47631654143333435 0.65749192237854004 0.27896103262901306,-0.0018866744358092546  0.0013868648093193769   0.025249345228075981    0.99967843294143677,0.47631654143333435 0.65749192237854004 0.27896103262901306,-0.0018866744358092546  0.0013868648093193769   0.025249345228075981    0.99967843294143677
1715105303.1094408,0.47612902522087097  0.6550295352935791 0.27896109223365784,-0.002153078094124794 0.0013501460198312998  0.024750115349888802   0.99969041347503662,0.47612902522087097  0.6550295352935791 0.27896109223365784,-0.002153078094124794 0.0013501460198312998  0.024750115349888802   0.99969041347503662
1715105303.114466,0.47594305872917175 0.65278005599975586 0.27897822856903076,-0.0020737485028803349  0.0015566764632239938   0.024039722979068756    0.99970763921737671,0.47594305872917175 0.65278005599975586 0.27897822856903076,-0.0020737485028803349  0.0015566764632239938   0.024039722979068756    0.99970763921737671
1715105303.1194673,0.47579064965248108 0.65048772096633911 0.27896428108215332,-0.0018896368565037847  0.0013185712741687894   0.023939667269587517    0.99971073865890503,0.47579064965248108 0.65048772096633911 0.27896428108215332,-0.0018896368565037847  0.0013185712741687894   0.023939667269587517    0.99971073865890503
1715105303.1244433,0.47565743327140808 0.64939755201339722  0.2789386510848999,-0.0021761823445558548  0.0014313757419586182   0.023709733039140701    0.99971550703048706,0.47565743327140808 0.64939755201339722  0.2789386510848999,-0.0021761823445558548  0.0014313757419586182   0.023709733039140701    0.99971550703048706
1715105303.1294417,0.47547397017478943 0.64715659618377686 0.27893745899200439,-0.0021761173848062754  0.0014197040582075715   0.023205254226922989    0.99972736835479736,0.47547397017478943 0.64715659618377686 0.27893745899200439,-0.0021761173848062754  0.0014197040582075715   0.023205254226922989    0.99972736835479736
1715105303.1344426,0.47529718279838562 0.64502853155136108 0.27901622653007507,-0.0019157043425366282  0.0012744449777528644   0.022761248052120209    0.99973827600479126,0.47529718279838562 0.64502853155136108 0.27901622653007507,-0.0019157043425366282  0.0012744449777528644   0.022761248052120209    0.99973827600479126
1715105303.1394422,0.47509852051734924 0.64290404319763184 0.27903154492378235,-0.0018548821099102497  0.0012389657786116004    0.02234930731356144    0.99974775314331055,0.47509852051734924 0.64290404319763184 0.27903154492378235,-0.0018548821099102497  0.0012389657786116004    0.02234930731356144    0.99974775314331055
1715105303.1444399,0.47496119141578674  0.6408577561378479 0.27897694706916809,-0.0020742756314575672   0.001248846179805696   0.021889954805374146    0.99975746870040894,0.47496119141578674  0.6408577561378479 0.27897694706916809,-0.0020742756314575672   0.001248846179805696   0.021889954805374146    0.99975746870040894
1715105303.1494696,0.47482189536094666 0.63991057872772217 0.27886027097702026,-0.0020923386327922344  0.0011303357314318419   0.021786928176879883    0.99975979328155518,0.47482189536094666 0.63991057872772217 0.27886027097702026,-0.0020923386327922344  0.0011303357314318419   0.021786928176879883    0.99975979328155518
1715105303.1543972,0.47471010684967041 0.63785803318023682 0.27897417545318604,-0.0021290911827236414  0.0013242842396721244   0.021351674571633339    0.99976885318756104,0.47471010684967041 0.63785803318023682 0.27897417545318604,-0.0021290911827236414  0.0013242842396721244   0.021351674571633339    0.99976885318756104
1715105303.1594412, 0.4745640754699707 0.63588374853134155 0.27899408340454102,-0.0020358504261821508  0.0014681915054097772   0.021044356748461723    0.99977540969848633, 0.4745640754699707 0.63588374853134155 0.27899408340454102,-0.0020358504261821508  0.0014681915054097772   0.021044356748461723    0.99977540969848633
1715105303.1644428,0.47436228394508362 0.63397026062011719 0.27907747030258179,-0.0018216848839074373  0.0011815545149147511   0.020349634811282158    0.99979054927825928,0.47436228394508362 0.63397026062011719 0.27907747030258179,-0.0018216848839074373  0.0011815545149147511   0.020349634811282158    0.99979054927825928
1715105303.1694407,0.47420123219490051 0.63209927082061768 0.27880045771598816,-0.0021492773666977882   0.001361142611131072   0.020181156694889069    0.99979311227798462,0.47420123219490051 0.63209927082061768 0.27880045771598816,-0.0021492773666977882   0.001361142611131072   0.020181156694889069    0.99979311227798462
1715105303.1743958,0.47413942217826843 0.63112109899520874 0.27906385064125061,-0.0019070729613304138   0.001400764100253582   0.019751658663153648     0.9998021125793457,0.47413942217826843 0.63112109899520874 0.27906385064125061,-0.0019070729613304138   0.001400764100253582   0.019751658663153648     0.9998021125793457
1715105303.1794417,0.47403717041015625 0.62933778762817383 0.27904120087623596,-0.0019661665428429842  0.0012011636281386018   0.019435131922364235    0.99980849027633667,0.47403717041015625 0.62933778762817383 0.27904120087623596,-0.0019661665428429842  0.0012011636281386018   0.019435131922364235    0.99980849027633667
1715105303.1844394,0.47386026382446289 0.62758630514144897 0.27898794412612915,-0.0019625276327133179  0.0014120438136160374   0.018876336514949799    0.99981892108917236,0.47386026382446289 0.62758630514144897 0.27898794412612915,-0.0019625276327133179  0.0014120438136160374   0.018876336514949799    0.99981892108917236
1715105303.189441,0.47372639179229736 0.62592428922653198 0.27899906039237976,-0.0021164068020880222   0.001280676107853651   0.018548572435975075     0.9998248815536499,0.47372639179229736 0.62592428922653198 0.27899906039237976,-0.0021164068020880222   0.001280676107853651   0.018548572435975075     0.9998248815536499
1715105303.1944404, 0.4735928475856781 0.62432247400283813 0.27906560897827148,-0.0018927176715806127  0.0014023454859852791     0.0182021614164114    0.99983155727386475, 0.4735928475856781 0.62432247400283813 0.27906560897827148,-0.0018927176715806127  0.0014023454859852791     0.0182021614164114    0.99983155727386475
1715105303.1994152,0.47351965308189392 0.62345296144485474 0.27908653020858765,-0.0020249213557690382  0.0012717890786007047   0.017926190048456192    0.99983644485473633,0.47351965308189392 0.62345296144485474 0.27908653020858765,-0.0020249213557690382  0.0012717890786007047   0.017926190048456192    0.99983644485473633
1715105303.2044723,0.47340598702430725 0.62183493375778198 0.27904149889945984,-0.0018206143286079168  0.0015720275696367025   0.017531570047140121    0.99984341859817505,0.47340598702430725 0.62183493375778198 0.27904149889945984,-0.0018206143286079168  0.0015720275696367025   0.017531570047140121    0.99984341859817505
1715105303.2094412,0.47331589460372925 0.62032896280288696 0.27907940745353699,-0.0021018774714320898  0.0013658027164638042   0.017030142247676849    0.99985182285308838,0.47331589460372925 0.62032896280288696 0.27907940745353699,-0.0021018774714320898  0.0013658027164638042   0.017030142247676849    0.99985182285308838
1715105303.2144699,0.47315588593482971 0.61883425712585449 0.27908104658126831,-0.0018688270356506109  0.0014710244722664356   0.016889799386262894    0.99985450506210327,0.47315588593482971 0.61883425712585449 0.27908104658126831,-0.0018688270356506109  0.0014710244722664356   0.016889799386262894    0.99985450506210327
1715105303.2194424,0.47303307056427002 0.61740255355834961 0.27906432747840881,-0.0021651214919984341  0.0013673913199454546   0.016055000945925713    0.99986785650253296,0.47303307056427002 0.61740255355834961 0.27906432747840881,-0.0021651214919984341  0.0013673913199454546   0.016055000945925713    0.99986785650253296
1715105303.2244406,0.47296565771102905 0.61666411161422729  0.2790830135345459,-0.0022499291226267815  0.0011216361308470368   0.015914103016257286     0.9998701810836792,0.47296565771102905 0.61666411161422729  0.2790830135345459,-0.0022499291226267815  0.0011216361308470368   0.015914103016257286     0.9998701810836792
1715105303.2294409,0.47288563847541809 0.61534404754638672 0.27908632159233093,-0.0019003025954589248   0.001414136728271842   0.015803074464201927    0.99987232685089111,0.47288563847541809 0.61534404754638672 0.27908632159233093,-0.0019003025954589248   0.001414136728271842   0.015803074464201927    0.99987232685089111
1715105303.2344403,0.47280827164649963 0.61406463384628296 0.27905693650245667,-0.002023294335231185   0.00130980194080621  0.015164299868047237   0.99988210201263428,0.47280827164649963 0.61406463384628296 0.27905693650245667,-0.002023294335231185   0.00130980194080621  0.015164299868047237   0.99988210201263428
1715105303.2394416,0.47269251942634583 0.61280310153961182  0.2791176438331604,-0.0017028810689225793  0.0011299083707854152    0.01474613044410944    0.99988919496536255,0.47269251942634583 0.61280310153961182  0.2791176438331604,-0.0017028810689225793  0.0011299083707854152    0.01474613044410944    0.99988919496536255
1715105303.2444453,0.47256243228912354 0.61158221960067749 0.27908429503440857,-0.0019576374907046556  0.0013174548512324691   0.014268210157752037    0.99989539384841919,0.47256243228912354 0.61158221960067749 0.27908429503440857,-0.0019576374907046556  0.0013174548512324691   0.014268210157752037    0.99989539384841919
1715105303.2494657, 0.4724540114402771 0.61109340190887451 0.27896499633789062,-0.0019918109755963087 0.00093612453201785684   0.014035272412002087    0.99989908933639526, 0.4724540114402771 0.61109340190887451 0.27896499633789062,-0.0019918109755963087 0.00093612453201785684   0.014035272412002087    0.99989908933639526
1715105303.2544696, 0.4723685085773468 0.60985881090164185 0.27911564707756042,-0.0018408752512186766  0.0011787766125053167      0.013707903213799    0.99990367889404297, 0.4723685085773468 0.60985881090164185 0.27911564707756042,-0.0018408752512186766  0.0011787766125053167      0.013707903213799    0.99990367889404297
1715105303.2594426,0.47233539819717407 0.60876446962356567 0.27911829948425293,-0.0017278542509302497  0.0011056370567530394      0.013280657120049    0.99990969896316528,0.47233539819717407 0.60876446962356567 0.27911829948425293,-0.0017278542509302497  0.0011056370567530394      0.013280657120049    0.99990969896316528
1715105303.2644413,0.47220006585121155 0.60780233144760132 0.27895328402519226,-0.0020661789458245039 0.00095690612215548754   0.013035873882472515    0.99991244077682495,0.47220006585121155 0.60780233144760132 0.27895328402519226,-0.0020661789458245039 0.00095690612215548754   0.013035873882472515    0.99991244077682495
1715105303.2694411,0.47208487987518311 0.60682064294815063 0.27897816896438599, -0.002153533510863781 0.00097755459137260914   0.012537752278149128    0.99991858005523682,0.47208487987518311 0.60682064294815063 0.27897816896438599, -0.002153533510863781 0.00097755459137260914   0.012537752278149128    0.99991858005523682
1715105303.2744646,0.47205772995948792 0.60581290721893311 0.27911227941513062,-0.0020216212142258883  0.0011648322688415647   0.012092513963580132     0.9999241828918457,0.47205772995948792 0.60581290721893311 0.27911227941513062,-0.0020216212142258883  0.0011648322688415647   0.012092513963580132     0.9999241828918457
1715105303.2794664,0.47204545140266418 0.60539102554321289 0.27909016609191895,-0.0021079729776829481  0.0011865037959069014   0.011738057248294353    0.99992817640304565,0.47204545140266418 0.60539102554321289 0.27909016609191895,-0.0021079729776829481  0.0011865037959069014   0.011738057248294353    0.99992817640304565
1715105303.2844417,0.47193816304206848 0.60444629192352295 0.27911725640296936,-0.0019298213301226497  0.0013130165170878172   0.011439650319516659    0.99993181228637695,0.47193816304206848 0.60444629192352295 0.27911725640296936,-0.0019298213301226497  0.0013130165170878172   0.011439650319516659    0.99993181228637695
1715105303.2893977,0.47189489006996155 0.60363876819610596 0.27892777323722839,-0.002260211855173111 0.0011938111856579781   0.01123752910643816   0.99993360042572021,0.47189489006996155 0.60363876819610596 0.27892777323722839,-0.002260211855173111 0.0011938111856579781   0.01123752910643816   0.99993360042572021
1715105303.2944198,0.47180187702178955 0.60286813974380493 0.27894550561904907,-0.0022120052017271519   0.001105934614315629   0.010752633213996887    0.99993914365768433,0.47180187702178955 0.60286813974380493 0.27894550561904907,-0.0022120052017271519   0.001105934614315629   0.010752633213996887    0.99993914365768433
1715105303.2994397,0.47176933288574219 0.60244333744049072 0.27910336852073669,-0.0020895488560199738  0.0011482599657028913   0.010530015453696251    0.99994170665740967,0.47176933288574219 0.60244333744049072 0.27910336852073669,-0.0020895488560199738  0.0011482599657028913   0.010530015453696251    0.99994170665740967
1715105303.3043995,0.47169464826583862 0.60179919004440308 0.27896082401275635,-0.0020831050351262093 0.00086454354459419847   0.010223990306258202    0.99994516372680664,0.47169464826583862 0.60179919004440308 0.27896082401275635,-0.0020831050351262093 0.00086454354459419847   0.010223990306258202    0.99994516372680664
1715105303.3094416,0.47166284918785095 0.60103225708007812 0.27911224961280823,-0.0020188309717923403  0.0012170651461929083  0.0097752166911959648    0.99994945526123047,0.47166284918785095 0.60103225708007812 0.27911224961280823,-0.0020188309717923403  0.0012170651461929083  0.0097752166911959648    0.99994945526123047
1715105303.3144405,0.47161167860031128 0.60034799575805664 0.27908980846405029,-0.0022406885400414467  0.0011534580262377858  0.0093152802437543869    0.99995344877243042,0.47161167860031128 0.60034799575805664 0.27908980846405029,-0.0022406885400414467  0.0011534580262377858  0.0093152802437543869    0.99995344877243042
1715105303.3194633,0.47156611084938049 0.59970450401306152 0.27909132838249207,-0.0023329684045165777  0.0012934727128595114  0.0090144490823149681    0.99995583295822144,0.47156611084938049 0.59970450401306152 0.27909132838249207,-0.0023329684045165777  0.0012934727128595114  0.0090144490823149681    0.99995583295822144
1715105303.3244393,0.47154518961906433 0.59939694404602051 0.27906042337417603,-0.0023400646168738604  0.0012051191879436374  0.0087672043591737747     0.9999580979347229,0.47154518961906433 0.59939694404602051 0.27906042337417603,-0.0023400646168738604  0.0012051191879436374  0.0087672043591737747     0.9999580979347229
1715105303.3294716,0.47151392698287964 0.59893035888671875 0.27886673808097839,-0.0024252778384834528  0.0011187359923496842   0.008451046422123909    0.99996072053909302,0.47151392698287964 0.59893035888671875 0.27886673808097839,-0.0024252778384834528  0.0011187359923496842   0.008451046422123909    0.99996072053909302
1715105303.3344407,0.47148850560188293 0.59835165739059448   0.279011070728302,-0.0022335581015795469  0.0012459576828405261  0.0081043383106589317    0.99996387958526611,0.47148850560188293 0.59835165739059448   0.279011070728302,-0.0022335581015795469  0.0012459576828405261  0.0081043383106589317    0.99996387958526611
1715105303.3394363,0.47145208716392517 0.59787279367446899 0.27901318669319153,-0.0021977829746901989  0.0013315891847014427  0.0076287384144961834    0.99996757507324219,0.47145208716392517 0.59787279367446899 0.27901318669319153,-0.0021977829746901989  0.0013315891847014427  0.0076287384144961834    0.99996757507324219
1715105303.3443983, 0.4714447557926178 0.59767234325408936 0.27898970246315002,-0.0022029082756489515  0.0013239473337307572  0.0073724696412682533    0.99996954202651978, 0.4714447557926178 0.59767234325408936 0.27898970246315002,-0.0022029082756489515  0.0013239473337307572  0.0073724696412682533    0.99996954202651978
1715105303.3494558,0.47140470147132874 0.59728896617889404 0.27901238203048706,-0.0022583643440157175  0.0012484350008890033  0.0070453211665153503    0.99997186660766602,0.47140470147132874 0.59728896617889404 0.27901238203048706,-0.0022583643440157175  0.0012484350008890033  0.0070453211665153503    0.99997186660766602
1715105303.3544683,0.47136718034744263 0.59702527523040771 0.27893880009651184,-0.0022473710123449564  0.0012977864826098084  0.0066659837029874325    0.99997442960739136,0.47136718034744263 0.59702527523040771 0.27893880009651184,-0.0022473710123449564  0.0012977864826098084  0.0066659837029874325    0.99997442960739136
1715105303.3594413,0.47138231992721558 0.59667909145355225  0.2789236307144165,-0.0021798808593302965  0.0013220547698438168  0.0063190995715558529    0.99997681379318237,0.47138231992721558 0.59667909145355225  0.2789236307144165,-0.0021798808593302965  0.0013220547698438168  0.0063190995715558529    0.99997681379318237
1715105303.3644421,0.47135153412818909 0.59641700983047485 0.27893620729446411,-0.0022198127117007971  0.0013003625208511949  0.0059466985985636711    0.99997901916503906,0.47135153412818909 0.59641700983047485 0.27893620729446411,-0.0022198127117007971  0.0013003625208511949  0.0059466985985636711    0.99997901916503906
1715105303.369441,0.47079974412918091 0.59673702716827393 0.27906554937362671,-0.0022252481430768967  0.0008302291389554739  0.0060452716425061226    0.99997889995574951,0.47079974412918091 0.59673702716827393 0.27906554937362671,-0.0022252481430768967  0.0008302291389554739  0.0060452716425061226    0.99997889995574951
1715105303.3744426,0.47134917974472046 0.59614312648773193 0.27895158529281616,-0.0021618921309709549  0.0010420288890600204  0.0054366616532206535    0.99998235702514648,0.47134917974472046 0.59614312648773193 0.27895158529281616,-0.0021618921309709549  0.0010420288890600204  0.0054366616532206535    0.99998235702514648
1715105303.379441,0.47136130928993225 0.59592878818511963 0.27894559502601624,-0.0021714433096349239  0.0010781526798382401  0.0048905080184340477    0.99998509883880615,0.47136130928993225 0.59592878818511963 0.27894559502601624,-0.0021714433096349239  0.0010781526798382401  0.0048905080184340477    0.99998509883880615
1715105303.3844411,0.47138535976409912 0.59586507081985474 0.27896389365196228,-0.0023382247891277075  0.0011468846350908279   0.004639460239559412    0.99998587369918823,0.47138535976409912 0.59586507081985474 0.27896389365196228,-0.0023382247891277075  0.0011468846350908279   0.004639460239559412    0.99998587369918823
1715105303.3894417,0.47136890888214111 0.59583795070648193 0.27894827723503113,-0.0023732462432235479   0.001118133426643908  0.0043716877698898315    0.99998700618743896,0.47136890888214111 0.59583795070648193 0.27894827723503113,-0.0023732462432235479   0.001118133426643908  0.0043716877698898315    0.99998700618743896
1715105303.3944411,0.47136932611465454 0.59583961963653564 0.27895018458366394,-0.0025134168099611998  0.0011881992686539888  0.0041176564991474152    0.99998766183853149,0.47136932611465454 0.59583961963653564 0.27895018458366394,-0.0025134168099611998  0.0011881992686539888  0.0041176564991474152    0.99998766183853149
1715105303.3994398,0.47137036919593811 0.59584236145019531 0.27891820669174194,-0.0025514489971101284  0.0012502969475463033  0.0039473269134759903    0.99998819828033447,0.47137036919593811 0.59584236145019531 0.27891820669174194,-0.0025514489971101284  0.0012502969475463033  0.0039473269134759903    0.99998819828033447
1715105303.40446,  0.471364825963974 0.59585905075073242 0.27893161773681641,-0.0026229408103972673  0.0012223660014569759  0.0038838714826852083    0.99998825788497925,  0.471364825963974 0.59585905075073242 0.27893161773681641,-0.0026229408103972673  0.0012223660014569759  0.0038838714826852083    0.99998825788497925
1715105303.4094417,0.47131523489952087 0.59596872329711914 0.27875688672065735,-0.002964881481602788 0.0011112848296761513 0.0037540856283158064   0.99998795986175537,0.47131523489952087 0.59596872329711914 0.27875688672065735,-0.002964881481602788 0.0011112848296761513 0.0037540856283158064   0.99998795986175537
1715105303.4144664,0.47133359313011169 0.59598195552825928 0.27893549203872681,-0.0029714391566812992  0.0012437416007742286  0.0036758789792656898    0.99998807907104492,0.47133359313011169 0.59598195552825928 0.27893549203872681,-0.0029714391566812992  0.0012437416007742286  0.0036758789792656898    0.99998807907104492
1715105303.4194427,0.47135800123214722 0.59605860710144043 0.27895945310592651,-0.0030254821758717299  0.0012460770085453987   0.003712767269462347    0.99998778104782104,0.47135800123214722 0.59605860710144043 0.27895945310592651,-0.0030254821758717299  0.0012460770085453987   0.003712767269462347    0.99998778104782104
1715105303.4244442,0.47134247422218323 0.59610319137573242 0.27892866730690002,-0.0030886426102370024  0.0012361392145976424   0.003708019619807601    0.99998760223388672,0.47134247422218323 0.59610319137573242 0.27892866730690002,-0.0030886426102370024  0.0012361392145976424   0.003708019619807601    0.99998760223388672
1715105303.4294419,0.47130659222602844  0.5962296724319458 0.27876999974250793,-0.0034478935413062572  0.0011265049688518047  0.0037836276460438967    0.99998629093170166,0.47130659222602844  0.5962296724319458 0.27876999974250793,-0.0034478935413062572  0.0011265049688518047  0.0037836276460438967    0.99998629093170166
1715105303.4344552,0.47127863764762878 0.59624707698822021 0.27879810333251953,-0.0032395967282354832 0.00086486083455383778  0.0037462036125361919    0.99998736381530762,0.47127863764762878 0.59624707698822021 0.27879810333251953,-0.0032395967282354832 0.00086486083455383778  0.0037462036125361919    0.99998736381530762
1715105303.4394424,0.47135201096534729 0.59615325927734375 0.27890306711196899,-0.0032965922728180885  0.0011797031620517373  0.0036866271402686834    0.99998706579208374,0.47135201096534729 0.59615325927734375 0.27890306711196899,-0.0032965922728180885  0.0011797031620517373  0.0036866271402686834    0.99998706579208374
1715105303.4444447, 0.4713861346244812  0.5961000919342041 0.27891087532043457,-0.0031583677046000957  0.0012198230251669884  0.0037431467790156603    0.99998724460601807, 0.4713861346244812  0.5961000919342041 0.27891087532043457,-0.0031583677046000957  0.0012198230251669884  0.0037431467790156603    0.99998724460601807
1715105303.4494257,0.47134098410606384   0.596149742603302 0.27872899174690247,-0.0033239598851650953  0.0011134304804727435  0.0037299217656254768    0.99998688697814941,0.47134098410606384   0.596149742603302 0.27872899174690247,-0.0033239598851650953  0.0011134304804727435  0.0037299217656254768    0.99998688697814941
1715105303.4544656,0.47136762738227844 0.59604227542877197 0.27894166111946106,-0.0029876818880438805  0.0011495044454932213  0.0038093593902885914    0.99998760223388672,0.47136762738227844 0.59604227542877197 0.27894166111946106,-0.0029876818880438805  0.0011495044454932213  0.0038093593902885914    0.99998760223388672
1715105303.4594412,0.47138184309005737 0.59601056575775146 0.27890133857727051,-0.0029840150382369757  0.0012411109637469053  0.0037574088200926781    0.99998772144317627,0.47138184309005737 0.59601056575775146 0.27890133857727051,-0.0029840150382369757  0.0012411109637469053  0.0037574088200926781    0.99998772144317627
1715105303.4644651,0.47135883569717407 0.59600108861923218 0.27892017364501953,-0.0029600993730127811   0.001213264768011868  0.0037619231734424829    0.99998778104782104,0.47135883569717407 0.59600108861923218 0.27892017364501953,-0.0029600993730127811   0.001213264768011868  0.0037619231734424829    0.99998778104782104
1715105303.4694412,0.47136533260345459 0.59598928689956665 0.27889496088027954,-0.002930167131125927  0.001246415195055306 0.0037273282650858164   0.99998795986175537,0.47136533260345459 0.59598928689956665 0.27889496088027954,-0.002930167131125927  0.001246415195055306 0.0037273282650858164   0.99998795986175537
1715105303.4744689,0.47135332226753235 0.59600907564163208 0.27890771627426147,-0.0029585221782326698  0.0012246232945472002  0.0037270172033458948     0.9999879002571106,0.47135332226753235 0.59600907564163208 0.27890771627426147,-0.0029585221782326698  0.0012246232945472002  0.0037270172033458948     0.9999879002571106
1715105303.4794421,0.47136956453323364 0.59604400396347046 0.27888855338096619,-0.0029993581119924784  0.0012525271158665419  0.0037399693392217159    0.99998772144317627,0.47136956453323364 0.59604400396347046 0.27888855338096619,-0.0029993581119924784  0.0012525271158665419  0.0037399693392217159    0.99998772144317627
1715105303.4844418,0.47139474749565125 0.59606659412384033 0.27882257103919983,-0.0032839816994965076  0.0013012702111154795  0.0037901864852756262    0.99998658895492554,0.47139474749565125 0.59606659412384033 0.27882257103919983,-0.0032839816994965076  0.0013012702111154795  0.0037901864852756262    0.99998658895492554
1715105303.4894407,0.47135505080223083  0.5961068868637085 0.27890783548355103,-0.0031694076023995876  0.0012063200119882822   0.003692165482789278    0.99998742341995239,0.47135505080223083  0.5961068868637085 0.27890783548355103,-0.0031694076023995876  0.0012063200119882822   0.003692165482789278    0.99998742341995239
1715105303.4944279,0.47136464715003967 0.59614074230194092 0.27892014384269714,-0.0029895077459514141 0.00083283125422894955  0.0038426581304520369    0.99998778104782104,0.47136464715003967 0.59614074230194092 0.27892014384269714,-0.0029895077459514141 0.00083283125422894955  0.0038426581304520369    0.99998778104782104
1715105303.4994416,0.47134405374526978 0.59616059064865112 0.27888551354408264,-0.0030882055871188641 0.00095313787460327148  0.0037467002402991056    0.99998778104782104,0.47134405374526978 0.59616059064865112 0.27888551354408264,-0.0030882055871188641 0.00095313787460327148  0.0037467002402991056    0.99998778104782104
1715105303.5044434,0.47134137153625488 0.59613257646560669 0.27892053127288818,-0.0030089428182691336 0.00090089812874794006  0.0037797102704644203     0.9999879002571106,0.47134137153625488 0.59613257646560669 0.27892053127288818,-0.0030089428182691336 0.00090089812874794006  0.0037797102704644203     0.9999879002571106
1715105303.5094428,0.47134992480278015  0.5961073637008667 0.27893933653831482,  -0.00298077124170959 0.00099901994690299034  0.0037852365057915449     0.9999879002571106,0.47134992480278015  0.5961073637008667 0.27893933653831482,  -0.00298077124170959 0.00099901994690299034  0.0037852365057915449     0.9999879002571106
1715105303.5144439,0.47136160731315613 0.59607869386672974 0.27892720699310303,-0.0031236305367201567   0.001220080885104835  0.0037373516242951155    0.99998736381530762,0.47136160731315613 0.59607869386672974 0.27892720699310303,-0.0031236305367201567   0.001220080885104835  0.0037373516242951155    0.99998736381530762
1715105303.5194442,0.47135820984840393 0.59604167938232422 0.27893206477165222,-0.0029844141099601984   0.001258258824236691  0.0036898907274007797    0.99998795986175537,0.47135820984840393 0.59604167938232422 0.27893206477165222,-0.0029844141099601984   0.001258258824236691  0.0036898907274007797    0.99998795986175537
1715105303.5244434,0.47136527299880981 0.59602260589599609 0.27891948819160461,-0.0029325408395379782  0.0011944104917347431   0.003780958941206336    0.99998784065246582,0.47136527299880981 0.59602260589599609 0.27891948819160461,-0.0029325408395379782  0.0011944104917347431   0.003780958941206336    0.99998784065246582
1715105303.5294445,0.47136789560317993 0.59603703022003174 0.27891457080841064,-0.0029581829439848661  0.0011850195005536079   0.003813071409240365    0.99998766183853149,0.47136789560317993 0.59603703022003174 0.27891457080841064,-0.0029581829439848661  0.0011850195005536079   0.003813071409240365    0.99998766183853149
1715105303.5344439,0.47132471203804016 0.59611141681671143 0.27876567840576172,-0.0032095746137201786  0.0011268211528658867  0.0037379118148237467    0.99998724460601807,0.47132471203804016 0.59611141681671143 0.27876567840576172,-0.0032095746137201786  0.0011268211528658867  0.0037379118148237467    0.99998724460601807
1715105303.539443,0.47135403752326965 0.59605729579925537 0.27896305918693542,-0.0030599988531321287  0.0012157351011410356  0.0037633699830621481    0.99998748302459717,0.47135403752326965 0.59605729579925537 0.27896305918693542,-0.0030599988531321287  0.0012157351011410356  0.0037633699830621481    0.99998748302459717
1715105303.5444217,0.47135776281356812 0.59606558084487915 0.27895519137382507,-0.0030595164280384779  0.0012509574880823493  0.0037332575302571058    0.99998754262924194,0.47135776281356812 0.59606558084487915 0.27895519137382507,-0.0030595164280384779  0.0012509574880823493  0.0037332575302571058    0.99998754262924194
1715105303.5494399,0.47137314081192017 0.59607785940170288  0.2789282500743866,-0.0030822074040770531  0.0011832070304080844  0.0038329546805471182    0.99998718500137329,0.47137314081192017 0.59607785940170288  0.2789282500743866,-0.0030822074040770531  0.0011832070304080844  0.0038329546805471182    0.99998718500137329
1715105303.5544403,0.47133716940879822 0.59609854221343994 0.27893126010894775,-0.0031315363012254238  0.0012359599350020289  0.0037354333326220512    0.99998736381530762,0.47133716940879822 0.59609854221343994 0.27893126010894775,-0.0031315363012254238  0.0012359599350020289  0.0037354333326220512    0.99998736381530762
1715105303.5594351,0.47137632966041565 0.59610724449157715  0.2789059579372406,-0.0032436575274914503  0.0011303600622341037  0.0037216430064290762    0.99998718500137329,0.47137632966041565 0.59610724449157715  0.2789059579372406,-0.0032436575274914503  0.0011303600622341037  0.0037216430064290762    0.99998718500137329
1715105303.564466,0.47133252024650574 0.59610933065414429 0.27891930937767029,-0.0031377777922898531  0.0012144092470407486  0.0037384359166026115    0.99998736381530762,0.47133252024650574 0.59610933065414429 0.27891930937767029,-0.0031377777922898531  0.0012144092470407486  0.0037384359166026115    0.99998736381530762
1715105303.5694482,0.47134661674499512 0.59608501195907593 0.27890482544898987,-0.0031158330384641886  0.0012416979297995567  0.0037320414558053017    0.99998742341995239,0.47134661674499512 0.59608501195907593 0.27890482544898987,-0.0031158330384641886  0.0012416979297995567  0.0037320414558053017    0.99998742341995239
1715105303.5744021,0.47135055065155029 0.59607213735580444 0.27894094586372375,-0.0030913955997675657  0.0012083170004189014  0.0037624204996973276    0.99998742341995239,0.47135055065155029 0.59607213735580444 0.27894094586372375,-0.0030913955997675657  0.0012083170004189014  0.0037624204996973276    0.99998742341995239
1715105303.5793996,0.47136121988296509 0.59605330228805542 0.27893000841140747,-0.0030282349325716496  0.0012497734278440475   0.003741654334589839    0.99998766183853149,0.47136121988296509 0.59605330228805542 0.27893000841140747,-0.0030282349325716496  0.0012497734278440475   0.003741654334589839    0.99998766183853149
1715105303.5844419,0.47135767340660095 0.59604078531265259 0.27892088890075684,-0.0030043346341699362  0.0012506677303463221  0.0037463728804141283    0.99998766183853149,0.47135767340660095 0.59604078531265259 0.27892088890075684,-0.0030043346341699362  0.0012506677303463221  0.0037463728804141283    0.99998766183853149
1715105303.5894425,0.47136008739471436 0.59602969884872437 0.27893990278244019,-0.0029687243513762951  0.0012205470120534301  0.0037182650994509459    0.99998795986175537,0.47136008739471436 0.59602969884872437 0.27893990278244019,-0.0029687243513762951  0.0012205470120534301  0.0037182650994509459    0.99998795986175537
1715105303.5944421, 0.4713766872882843 0.59603893756866455 0.27892547845840454,-0.0030255457386374474  0.0012257369235157967  0.0037247743457555771    0.99998772144317627, 0.4713766872882843 0.59603893756866455 0.27892547845840454,-0.0030255457386374474  0.0012257369235157967  0.0037247743457555771    0.99998772144317627
1715105303.5994699,0.47134184837341309 0.59606736898422241 0.27896791696548462,-0.0030177319422364235  0.0012518910225480795  0.0037424606271088123    0.99998766183853149,0.47134184837341309 0.59606736898422241 0.27896791696548462,-0.0030177319422364235  0.0012518910225480795  0.0037424606271088123    0.99998766183853149
1715105303.6044638, 0.4713691771030426 0.59607523679733276 0.27891767024993896,-0.0030943662859499454  0.0011381651274859905   0.003761157626286149    0.99998748302459717, 0.4713691771030426 0.59607523679733276 0.27891767024993896,-0.0030943662859499454  0.0011381651274859905   0.003761157626286149    0.99998748302459717
1715105303.6094401,0.47136741876602173 0.59608513116836548 0.27893507480621338,-0.0031435831915587187  0.0012123205233365297  0.0037384927272796631    0.99998736381530762,0.47136741876602173 0.59608513116836548 0.27893507480621338,-0.0031435831915587187  0.0012123205233365297  0.0037384927272796631    0.99998736381530762
1715105303.6144423,0.47134515643119812 0.59609717130661011 0.27894735336303711,-0.0029214725363999605 0.00089967495296150446  0.0037950987461954355     0.9999881386756897,0.47134515643119812 0.59609717130661011 0.27894735336303711,-0.0029214725363999605 0.00089967495296150446  0.0037950987461954355     0.9999881386756897
1715105303.6194408,0.47134777903556824 0.59610766172409058 0.27891835570335388,-0.0032274604309350252  0.0011411091545596719  0.0037051232066005468    0.99998730421066284,0.47134777903556824 0.59610766172409058 0.27891835570335388,-0.0032274604309350252  0.0011411091545596719  0.0037051232066005468    0.99998730421066284
1715105303.6243997,0.47134751081466675 0.59607905149459839 0.27893561124801636,-0.0028151099104434252 0.00096799654420465231  0.0038339300081133842    0.99998819828033447,0.47134751081466675 0.59607905149459839 0.27893561124801636,-0.0028151099104434252 0.00096799654420465231  0.0038339300081133842    0.99998819828033447
1715105303.6294439,0.47135686874389648 0.59608608484268188 0.27891010046005249,-0.0031641912646591663  0.0011727975215762854  0.0036941943690180779    0.99998748302459717,0.47135686874389648 0.59608608484268188 0.27891010046005249,-0.0031641912646591663  0.0011727975215762854  0.0036941943690180779    0.99998748302459717
1715105303.6344428,0.47136551141738892 0.59605598449707031 0.27896150946617126,-0.0030834898352622986  0.0012054871767759323  0.0037306887097656727    0.99998754262924194,0.47136551141738892 0.59605598449707031 0.27896150946617126,-0.0030834898352622986  0.0012054871767759323  0.0037306887097656727    0.99998754262924194
1715105303.6394422,0.47134646773338318 0.59607481956481934 0.27890327572822571,-0.0030540584120899439  0.0012446180917322636  0.0037277163937687874    0.99998760223388672,0.47134646773338318 0.59607481956481934 0.27890327572822571,-0.0030540584120899439  0.0012446180917322636  0.0037277163937687874    0.99998760223388672
1715105303.644444,0.47136762738227844 0.59605586528778076 0.27890881896018982,-0.0030265902169048786  0.0011055408976972103  0.0037333257496356964    0.99998784065246582,0.47136762738227844 0.59605586528778076 0.27890881896018982,-0.0030265902169048786  0.0011055408976972103  0.0037333257496356964    0.99998784065246582
1715105303.6494811,0.47136455774307251 0.59606558084487915 0.27893656492233276,-0.0030820141546428204  0.0012119520688429475  0.0037275429349392653    0.99998754262924194,0.47136455774307251 0.59606558084487915 0.27893656492233276,-0.0030820141546428204  0.0012119520688429475  0.0037275429349392653    0.99998754262924194
1715105303.654465,0.47136545181274414  0.5960584282875061 0.27891826629638672,-0.0030742499511688948  0.0012347974115982652  0.0036912253126502037    0.99998772144317627,0.47136545181274414  0.5960584282875061 0.27891826629638672,-0.0030742499511688948  0.0012347974115982652  0.0036912253126502037    0.99998772144317627
1715105303.6594424,0.47133168578147888 0.59608680009841919 0.27894410490989685,-0.0030615434516221285  0.0012373783392831683   0.003719773143529892    0.99998760223388672,0.47133168578147888 0.59608680009841919 0.27894410490989685,-0.0030615434516221285  0.0012373783392831683   0.003719773143529892    0.99998760223388672
1715105303.6644449,0.47134584188461304 0.59610116481781006  0.2789248526096344,-0.0031508803367614746  0.0011970166815444827  0.0037607576232403517    0.99998724460601807,0.47134584188461304 0.59610116481781006  0.2789248526096344,-0.0031508803367614746  0.0011970166815444827  0.0037607576232403517    0.99998724460601807
1715105303.6694443,0.47135338187217712 0.59607464075088501 0.27894559502601624,-0.0030720154754817486  0.0012193137081339955  0.0037127712275832891    0.99998766183853149,0.47135338187217712 0.59607464075088501 0.27894559502601624,-0.0030720154754817486  0.0012193137081339955  0.0037127712275832891    0.99998766183853149
1715105303.6744726,0.47136479616165161  0.5960802435874939 0.27892768383026123,-0.0031931474804878235  0.0011569514172151685  0.0036954479292035103    0.99998742341995239,0.47136479616165161  0.5960802435874939 0.27892768383026123,-0.0031931474804878235  0.0011569514172151685  0.0036954479292035103    0.99998742341995239
1715105303.6794579,0.47133678197860718 0.59610694646835327   0.278919517993927,-0.0031711068004369736  0.0011222101747989655  0.0037326733581721783    0.99998736381530762,0.47133678197860718 0.59610694646835327   0.278919517993927,-0.0031711068004369736  0.0011222101747989655  0.0037326733581721783    0.99998736381530762
1715105303.6844566,0.47131863236427307 0.59613156318664551 0.27878299355506897,-0.003187085734680295 0.0010558284120634198 0.0037999716587364674   0.99998712539672852,0.47131863236427307 0.59613156318664551 0.27878299355506897,-0.003187085734680295 0.0010558284120634198 0.0037999716587364674   0.99998712539672852
1715105303.6894493,0.47133335471153259 0.59607052803039551 0.27894127368927002,-0.0030397216323763132  0.0012186634121462703  0.0037496967706829309    0.99998760223388672,0.47133335471153259 0.59607052803039551 0.27894127368927002,-0.0030397216323763132  0.0012186634121462703  0.0037496967706829309    0.99998760223388672
1715105303.6944511,0.47133022546768188 0.59606784582138062 0.27898168563842773,-0.0028247418813407421  0.0010110780131071806  0.0038615702651441097    0.99998801946640015,0.47133022546768188 0.59606784582138062 0.27898168563842773,-0.0028247418813407421  0.0010110780131071806  0.0038615702651441097    0.99998801946640015
1715105303.6994455,0.47132107615470886 0.59608376026153564  0.2789452075958252,-0.0027672909200191498  0.0010065030073747039  0.0038882542867213488    0.99998807907104492,0.47132107615470886 0.59608376026153564  0.2789452075958252,-0.0027672909200191498  0.0010065030073747039  0.0038882542867213488    0.99998807907104492
1715105303.7044439,0.47133004665374756 0.59605193138122559 0.27895912528038025,-0.0028634641785174608  0.0010869968682527542  0.0037335336674004793    0.99998831748962402,0.47133004665374756 0.59605193138122559 0.27895912528038025,-0.0028634641785174608  0.0010869968682527542  0.0037335336674004793    0.99998831748962402
1715105303.7095044,0.47135958075523376  0.5960545539855957  0.2789255678653717,-0.0028605649713426828  0.0010051395511254668  0.0037856192793697119    0.99998825788497925,0.47135958075523376  0.5960545539855957  0.2789255678653717,-0.0028605649713426828  0.0010051395511254668  0.0037856192793697119    0.99998825788497925
1715105303.714453,0.47135558724403381 0.59604179859161377 0.27895280718803406,-0.0029193114023655653    0.00110109883826226  0.0037248220760375261    0.99998819828033447,0.47135558724403381 0.59604179859161377 0.27895280718803406,-0.0029193114023655653    0.00110109883826226  0.0037248220760375261    0.99998819828033447
1715105303.7194405,0.47134941816329956 0.59606075286865234  0.2789471447467804,-0.0029830071143805981  0.0010613905033096671  0.0037482348270714283    0.99998795986175537,0.47134941816329956 0.59606075286865234  0.2789471447467804,-0.0029830071143805981  0.0010613905033096671  0.0037482348270714283    0.99998795986175537
1715105303.7244401,0.47133669257164001 0.59607797861099243 0.27895209193229675,-0.003004132304340601 0.0010791401145979762 0.0037216981872916222   0.99998795986175537,0.47133669257164001 0.59607797861099243 0.27895209193229675,-0.003004132304340601 0.0010791401145979762 0.0037216981872916222   0.99998795986175537
1715105303.7294419,0.47135171294212341 0.59603512287139893 0.27897739410400391,-0.0029340735636651516  0.0010209160391241312  0.0037856756243854761    0.99998801946640015,0.47135171294212341 0.59603512287139893 0.27897739410400391,-0.0029340735636651516  0.0010209160391241312  0.0037856756243854761    0.99998801946640015
1715105303.7344406,0.47134140133857727 0.59604084491729736  0.2789684534072876,-0.0029532329645007849   0.001105204108171165  0.0036880217958241701    0.99998819828033447,0.47134140133857727 0.59604084491729736  0.2789684534072876,-0.0029532329645007849   0.001105204108171165  0.0036880217958241701    0.99998819828033447
1715105303.7394445,0.47132831811904907 0.59606009721755981 0.27895823121070862,-0.0029893685132265091  0.0010886816307902336  0.0037174730096012354    0.99998801946640015,0.47132831811904907 0.59606009721755981 0.27895823121070862,-0.0029893685132265091  0.0010886816307902336  0.0037174730096012354    0.99998801946640015
1715105303.7443941,0.47134187817573547 0.59603536128997803  0.2789560854434967,-0.0029477626085281372  0.0011234121629968286  0.0036557966377586126    0.99998831748962402,0.47134187817573547 0.59603536128997803  0.2789560854434967,-0.0029477626085281372  0.0011234121629968286  0.0036557966377586126    0.99998831748962402
1715105303.7494416,0.47133839130401611 0.59603089094161987 0.27899718284606934,-0.0027208579704165459 0.00086460227612406015  0.0037344787269830704    0.99998897314071655,0.47133839130401611 0.59603089094161987 0.27899718284606934,-0.0027208579704165459 0.00086460227612406015  0.0037344787269830704    0.99998897314071655
1715105303.7544444,0.47134312987327576 0.59603661298751831 0.27891829609870911,-0.0029581671115010977  0.0011142893927171826  0.0036430417094379663     0.9999883770942688,0.47134312987327576 0.59603661298751831 0.27891829609870911,-0.0029581671115010977  0.0011142893927171826  0.0036430417094379663     0.9999883770942688
1715105303.7594416,0.47134301066398621 0.59603893756866455 0.27893140912055969, -0.00292583042755723 0.0011323245707899332  0.003629317507147789   0.99998849630355835,0.47134301066398621 0.59603893756866455 0.27893140912055969, -0.00292583042755723 0.0011323245707899332  0.003629317507147789   0.99998849630355835
1715105303.7644422,0.47134527564048767 0.59604758024215698 0.27896812558174133,-0.0030060273129492998  0.0011156873079016805  0.0037008759099990129    0.99998801946640015,0.47134527564048767 0.59604758024215698 0.27896812558174133,-0.0030060273129492998  0.0011156873079016805  0.0037008759099990129    0.99998801946640015
1715105303.769443,0.47135159373283386 0.59606486558914185  0.2789214551448822,-0.0030882048886269331  0.0010644764406606555  0.0036090838257223368     0.9999881386756897,0.47135159373283386 0.59606486558914185  0.2789214551448822,-0.0030882048886269331  0.0010644764406606555  0.0036090838257223368     0.9999881386756897
1715105303.7744427,0.47135141491889954 0.59605276584625244 0.27891421318054199,-0.0029913291800767183   0.001122897956520319  0.0035961947869509459    0.99998843669891357,0.47135141491889954 0.59605276584625244 0.27891421318054199,-0.0029913291800767183   0.001122897956520319  0.0035961947869509459    0.99998843669891357
1715105303.7794464,0.47133505344390869 0.59605312347412109 0.27894377708435059,-0.0029422549996525049 0.00094816694036126137  0.0035312061663717031    0.99998897314071655,0.47133505344390869 0.59605312347412109 0.27894377708435059,-0.0029422549996525049 0.00094816694036126137  0.0035312061663717031    0.99998897314071655
1715105303.7844424,0.47135365009307861 0.59603011608123779 0.27893871068954468,-0.002858396153897047 0.0008474337519146502 0.0034362978767603636   0.99998962879180908,0.47135365009307861 0.59603011608123779 0.27893871068954468,-0.002858396153897047 0.0008474337519146502 0.0034362978767603636   0.99998962879180908
1715105303.7894418, 0.4708017110824585 0.59652554988861084 0.27911427617073059,-0.0028787543997168541 0.00042942728032357991  0.0038365055806934834     0.9999883770942688, 0.4708017110824585 0.59652554988861084 0.27911427617073059,-0.0028787543997168541 0.00042942728032357991  0.0038365055806934834     0.9999883770942688
1715105303.7944047,0.47135013341903687 0.59598249197006226  0.2790202796459198,-0.0026020263321697712 0.00071038358146324754  0.0034188474528491497    0.99999052286148071,0.47135013341903687 0.59598249197006226  0.2790202796459198,-0.0026020263321697712 0.00071038358146324754  0.0034188474528491497    0.99999052286148071
1715105303.7994375,0.47135454416275024 0.59599125385284424 0.27898532152175903,-0.0026402950752526522 0.00066443457035347819  0.0033285559620708227    0.99999076128005981,0.47135454416275024 0.59599125385284424 0.27898532152175903,-0.0026402950752526522 0.00066443457035347819  0.0033285559620708227    0.99999076128005981
1715105303.8044419,0.47135326266288757 0.59599494934082031 0.27897173166275024,-0.0025877917651087046 0.00070633227005600929  0.0033876080997288227    0.99999064207077026,0.47135326266288757 0.59599494934082031 0.27897173166275024,-0.0025877917651087046 0.00070633227005600929  0.0033876080997288227    0.99999064207077026
1715105303.8094423,0.47136712074279785  0.5959697961807251 0.27901667356491089,-0.0024535488337278366 0.00056899862829595804   0.003447770606726408    0.99999088048934937,0.47136712074279785  0.5959697961807251 0.27901667356491089,-0.0024535488337278366 0.00056899862829595804   0.003447770606726408    0.99999088048934937
1715105303.8144426,0.47132223844528198 0.59605377912521362 0.27883690595626831,-0.0029445416294038296 0.00074811500962823629  0.0034861485473811626    0.99998933076858521,0.47132223844528198 0.59605377912521362 0.27883690595626831,-0.0029445416294038296 0.00074811500962823629  0.0034861485473811626    0.99998933076858521
1715105303.8194845, 0.4713653028011322 0.59600317478179932 0.27897036075592041,-0.0027916186954826117 0.00085316208424046636  0.0034684264101088047    0.99998974800109863, 0.4713653028011322 0.59600317478179932 0.27897036075592041,-0.0027916186954826117 0.00085316208424046636  0.0034684264101088047    0.99998974800109863
1715105303.8244426,0.47137171030044556 0.59600603580474854 0.27896326780319214, -0.002693819347769022 0.00080095842713490129  0.0035208882763981819    0.99998986721038818,0.47137171030044556 0.59600603580474854 0.27896326780319214, -0.002693819347769022 0.00080095842713490129  0.0035208882763981819    0.99998986721038818
1715105303.8294418,0.47136923670768738 0.59598904848098755  0.2789672315120697,-0.0027521837037056684 0.00089137861505150795  0.0034478092566132545    0.99998986721038818,0.47136923670768738 0.59598904848098755  0.2789672315120697,-0.0027521837037056684 0.00089137861505150795  0.0034478092566132545    0.99998986721038818
1715105303.8344784,0.47136828303337097 0.59598207473754883 0.27896976470947266,-0.0027378050144761801 0.00086935737635940313  0.0033899126574397087    0.99999010562896729,0.47136828303337097 0.59598207473754883 0.27896976470947266,-0.0027378050144761801 0.00086935737635940313  0.0033899126574397087    0.99999010562896729
1715105303.8394418,0.47136205434799194 0.59597581624984741 0.27899041771888733,-0.0027136816643178463 0.00087423034710809588  0.0033867545425891876    0.99999022483825684,0.47136205434799194 0.59597581624984741 0.27899041771888733,-0.0027136816643178463 0.00087423034710809588  0.0033867545425891876    0.99999022483825684
1715105303.8444223,0.47137725353240967 0.59596997499465942 0.27897393703460693,-0.0026907424908131361 0.00082329509314149618   0.003463144414126873    0.99999004602432251,0.47137725353240967 0.59596997499465942 0.27897393703460693,-0.0026907424908131361 0.00082329509314149618   0.003463144414126873    0.99999004602432251
1715105303.8494425,0.47136595845222473 0.59598630666732788 0.27897480130195618,-0.0027800183743238449  0.0008714798022992909  0.0034191336017102003    0.99998992681503296,0.47136595845222473 0.59598630666732788 0.27897480130195618,-0.0027800183743238449  0.0008714798022992909  0.0034191336017102003    0.99998992681503296
1715105303.8544428,0.47134298086166382 0.59598702192306519   0.279031902551651,-0.0024176407605409622 0.00055346556473523378  0.0034898754674941301    0.99999082088470459,0.47134298086166382 0.59598702192306519   0.279031902551651,-0.0024176407605409622 0.00055346556473523378  0.0034898754674941301    0.99999082088470459
1715105303.859441,0.47133737802505493 0.59596449136734009 0.27900370955467224,-0.0026424101088196039 0.00084229721687734127  0.0033801957033574581    0.99999046325683594,0.47133737802505493 0.59596449136734009 0.27900370955467224,-0.0026424101088196039 0.00084229721687734127  0.0033801957033574581    0.99999046325683594
1715105303.8643935,0.47133764624595642  0.5959848165512085 0.27904656529426575,-0.0023974324576556683 0.00060656393179669976  0.0034727975726127625    0.99999094009399414,0.47133764624595642  0.5959848165512085 0.27904656529426575,-0.0023974324576556683 0.00060656393179669976  0.0034727975726127625    0.99999094009399414
1715105303.8694403,0.47133871912956238  0.5959814190864563 0.27904683351516724,-0.0023430499713867903 0.00051074667135253549  0.0035779241006821394    0.99999070167541504,0.47133871912956238  0.5959814190864563 0.27904683351516724,-0.0023430499713867903 0.00051074667135253549  0.0035779241006821394    0.99999070167541504
1715105303.8745377,0.47132885456085205 0.59598040580749512 0.27905496954917908,-0.0023826723918318748 0.00057406601263210177  0.0034733903594315052    0.99999094009399414,0.47132885456085205 0.59598040580749512 0.27905496954917908,-0.0023826723918318748 0.00057406601263210177  0.0034733903594315052    0.99999094009399414
1715105303.8794425,0.47135299444198608 0.59598243236541748 0.27902549505233765, -0.002398377051576972 0.00061117095174267888  0.0034755193628370762    0.99999088048934937,0.47135299444198608 0.59598243236541748 0.27902549505233765, -0.002398377051576972 0.00061117095174267888  0.0034755193628370762    0.99999088048934937
1715105303.8844411,0.47133997082710266 0.59598129987716675 0.27905628085136414,-0.0023961835540831089 0.00059097993653267622  0.0034666336141526699    0.99999094009399414,0.47133997082710266 0.59598129987716675 0.27905628085136414,-0.0023961835540831089 0.00059097993653267622  0.0034666336141526699    0.99999094009399414
1715105303.8894413,0.47133952379226685 0.59598720073699951 0.27903661131858826,-0.0024267691187560558 0.00057669606758281589  0.0034598060883581638    0.99999088048934937,0.47133952379226685 0.59598720073699951 0.27903661131858826,-0.0024267691187560558 0.00057669606758281589  0.0034598060883581638    0.99999088048934937
1715105303.8944414,0.47132346034049988 0.59598714113235474 0.27906981110572815,-0.0023215399123728275 0.00050677551189437509  0.0035215895622968674    0.99999099969863892,0.47132346034049988 0.59598714113235474 0.27906981110572815,-0.0023215399123728275 0.00050677551189437509  0.0035215895622968674    0.99999099969863892
1715105303.899441,0.47132456302642822  0.5960005521774292 0.27906447649002075,-0.0023914610501378775 0.00053281866712495685  0.0034799785353243351    0.99999094009399414,0.47132456302642822  0.5960005521774292 0.27906447649002075,-0.0023914610501378775 0.00053281866712495685  0.0034799785353243351    0.99999094009399414
1715105303.9044416, 0.4713483452796936 0.59599524736404419 0.27899423241615295,-0.0023900964297354221 0.00057177140843123198  0.0034488660749047995    0.99999105930328369, 0.4713483452796936 0.59599524736404419 0.27899423241615295,-0.0023900964297354221 0.00057177140843123198  0.0034488660749047995    0.99999105930328369
1715105303.9094429,0.47134488821029663 0.59598100185394287  0.2790280282497406,-0.0023559445980936289 0.00052293122280389071   0.003528855973854661    0.99999088048934937,0.47134488821029663 0.59598100185394287  0.2790280282497406,-0.0023559445980936289 0.00052293122280389071   0.003528855973854661    0.99999088048934937
1715105303.9144406,0.47134029865264893 0.59599781036376953 0.27904632687568665,-0.0024508354254066944 0.00047657443792559206   0.003475443460047245    0.99999082088470459,0.47134029865264893 0.59599781036376953 0.27904632687568665,-0.0024508354254066944 0.00047657443792559206   0.003475443460047245    0.99999082088470459
1715105303.9194472,0.47135165333747864 0.59598129987716675 0.27904525399208069,-0.0024152561090886593 0.00056213478092104197  0.0035087992437183857    0.99999076128005981,0.47135165333747864 0.59598129987716675 0.27904525399208069,-0.0024152561090886593 0.00056213478092104197  0.0035087992437183857    0.99999076128005981
1715105303.9244406, 0.4713209867477417 0.59600317478179932 0.27905040979385376,-0.0024143208283931017 0.00055584363872185349  0.0034920289181172848    0.99999082088470459, 0.4713209867477417 0.59600317478179932 0.27905040979385376,-0.0024143208283931017 0.00055584363872185349  0.0034920289181172848    0.99999082088470459
1715105303.9294467,0.47133737802505493 0.59599775075912476 0.27903234958648682,-0.0023510402534157038 0.00048716407036408782  0.0035505015403032303    0.99999082088470459,0.47133737802505493 0.59599775075912476 0.27903234958648682,-0.0023510402534157038 0.00048716407036408782  0.0035505015403032303    0.99999082088470459
1715105303.9344516,0.47133299708366394 0.59598100185394287  0.2790587842464447, -0.002379824873059988 0.00057080719852820039  0.0034871443640440702    0.99999094009399414,0.47133299708366394 0.59598100185394287  0.2790587842464447, -0.002379824873059988 0.00057080719852820039  0.0034871443640440702    0.99999094009399414
