DesiredFlux,1.047,HitTime,1715021084.9765463,DesiredPos,0.54521441459655762 0.31897515058517456 0.21915045380592346
RobotName,RosTime,JointPosition,JointVelocity,JointEffort,TorqueCmd,EEF_Position,EEF_Orientation,EEF_Velocity,EEF_DesiredVelocity,Inertia,DirGrad,HittingFlux
IIWA_7,1715021084.4578223,-0.45472841110925277   1.1311315470269878 0.014513136060224724  -1.2807473445010875  -1.9565083177619449  -1.8896335144812753 -0.90854644070012347, 0.00027969252209432698 -1.1899504527395625e-05  -2.500159565833457e-05 -9.3410604198724853e-06  -0.0011662896354635824 -3.1330653483926504e-05  1.6791121709214947e-05, -0.2930464401245117    65.11814519500733  -1.9605949211120606  -16.083569202423096  -1.0784592628479004   1.8840282249450684 -0.24530748367309571, -0.3988878777238023 -0.28449608527354064   0.5664370663702667  -2.6438610066410164 -0.24876059083513019 -0.15235913446923688  0.58956903110576875,   0.5563805103302002 -0.040353227406740189   0.21376512944698334, -0.70434075593948364 -0.019917728379368782  0.013089605607092381   0.70946180820465088,-0.00019534969760570675   0.0002351038419874385 -0.00016198607045225799,-0.012259434908628464    1.5099810361862183 0.0059072072617709637,  0.24496535956859589  0.030479157343506813  0.066176280379295349  0.030479157343506813   0.23094318807125092 -0.022273296490311623  0.066176280379295349 -0.022273296490311623   0.18869855999946594,   -1.1428983422874239   -0.36691901875496313    -1.1586271813799343    0.70622975087619722    0.56060587106632198   0.088299761204169158 2.4851507518519611e-05,0.00023986061569303274
IIWA_7,1715021084.4628322,-0.45472990914716638   1.1311313672580747 0.014513076173614765  -1.2807476441523036  -1.9565130154901595  -1.8896336343635782  -0.9085462609312106, 0.00016383250113124697 -1.6710360145472775e-05 -2.2396740925036897e-05 -1.9458896978396292e-05  -0.0011209408369569937 -2.9859814906083232e-05  2.0623653882046449e-05,-0.27825969314575194   65.083194702148432  -1.9799631690979003  -16.084449577331544  -1.0828611373901367   1.8823594665527343  -0.2446399803161621,-0.37082096284352795 -0.24099999453603008  0.56875101156089913  -2.6788621573263081 -0.26839150746329049 -0.14989766241584312  0.58956903110576875,   0.5563805103302002 -0.040353227406740189   0.21376512944698334, -0.70434075593948364 -0.019917728379368782  0.013089605607092381   0.70946180820465088,-0.00019534969760570675   0.0002351038419874385 -0.00016198607045225799, -0.01225349772721529    1.5099811553955078 0.0059084012173116207,  0.24496535956859589  0.030479157343506813  0.066176280379295349  0.030479157343506813   0.23094318807125092 -0.022273296490311623  0.066176280379295349 -0.022273296490311623   0.18869855999946594,   -1.1428983422874239   -0.36691901875496313    -1.1586271813799343    0.70622975087619722    0.56060587106632198   0.088299761204169158 2.4851507518519611e-05,0.00023986061569303274
IIWA_7,1715021084.4678571,-0.45473032857160223   1.1311313672580747 0.014513076173614765  -1.2807474643833905   -1.956517905204592  -1.8896339339057111 -0.90854614104890752, 0.00011428902347103436  -1.336828811637822e-05 -1.7917392740029518e-05 -8.3763610591607586e-06  -0.0010923412468642171 -3.5869537239887781e-05  2.1294215229020082e-05,-0.24465345001220704    65.04421146011353   -1.968518295288086  -16.077406578063965  -1.0758181381225587   1.8856969833374024 -0.24530748367309571, 39.722113955719188  4.3738302212803291  24.803019157881437 -10.300240203870041  1.2595614599218332  2.1957210531535938 0.58950141906783149,  0.55637949705123901 -0.040354449301958084   0.21376453340053558, -0.70434194803237915 -0.019917964935302734  0.013090831227600574   0.70946061611175537,-0.00019608957518357784  0.00013921361824031919 -0.00015363255806732923, -0.01225157268345356    1.5099811553955078 0.0059088421985507011,  0.24496529996395111  0.030479339882731438  0.066176123917102814  0.030479339882731438   0.23094320297241211 -0.022273406386375427  0.066176123917102814 -0.022273406386375427   0.18869855999946594,   -1.1429049592006635   -0.36692222600986923    -1.1586327147279363    0.70623216372567299    0.56060945705915799   0.088301251660816149 2.4851461333241787e-05,0.00019786173652391881
IIWA_7,1715021084.4728549,-0.45473002902946935   1.1311313672580747 0.014513136060224724  -1.2807478239212164  -1.9565234658235888  -1.8896341136746242 -0.90854596127999465, 0.00010341290409184869 -1.0694630493102576e-05 -1.1938449793654376e-05  -2.108260188555937e-05  -0.0010962977573639263 -3.5886386315466502e-05  2.4226128697890555e-05,-0.20298170852661132   65.036145961761477  -1.9482696723937989  -16.066842079162598  -1.0828611373901367   1.8806907081604003 -0.24730999374389648, 39.723837488784504  4.3741731199475149  24.803812503257113  -10.30059583597617  1.2595756378545344  2.1955197700491405 0.58939527353982268,  0.55637854337692261 -0.040355309844017029   0.21376395225524902, -0.70434284210205078 -0.019918091595172882  0.013092163950204849   0.70945966243743896,-0.00019477360183373094  7.7031407272443175e-05 -0.00014631156227551401, -0.01225157268345356    1.5099811553955078 0.0059088421985507011,  0.24496527016162872  0.030479481443762779  0.066175982356071472  0.030479481443762779   0.23094326257705688 -0.022273480892181396  0.066175982356071472 -0.022273480892181396   0.18869851529598236,    -1.142909730250885   -0.36692440880337074    -1.1586363390847509    0.70623331067753981    0.56061266706652901   0.088303327275163213 2.4851557256511114e-05,0.00017714947171043605
IIWA_7,1715021084.4778299,-0.45470228549384584   1.1311411943344283  0.01454369579367944  -1.2807756273434501  -1.9565250956120444  -1.8896093663239109 -0.90854584139769157,  0.0011924717482140591  0.00038452734974761391   0.0012128385783537383  -0.0011290029708536419 -0.00094222974411218435   0.0009611849194811824  2.4176195081695366e-05,-0.33740668106079102   64.897688240051266  -2.3770122528076172  -15.733179988861083  -1.1392051315307616   1.7802314529418946 -0.24564123535156249, 39.724440166640932   4.374493821642103  24.804099042109595 -10.300900479854585  1.2596629414052294  2.1954385558378084 0.58934951940715952,  0.55637770891189575 -0.040355604141950607   0.21376335620880127,-0.70434379577636719 -0.01991879940032959 0.013093871995806694  0.70945864915847778,-0.00018983040354214609  4.9866572226164863e-05 -0.00014046668366063386,-0.012249711900949478    1.5099812746047974 0.0059091346338391304,  0.24496513605117798  0.030479662120342255  0.066175878047943115  0.030479662120342255   0.23094338178634644 -0.022273480892181396  0.066175878047943115 -0.022273480892181396   0.18869850039482117,   -1.1429153800408542   -0.36692436243779269    -1.1586379435488681     0.7062330087590496    0.56061739282409206   0.088308091223510132 2.4852187863189101e-05,0.000167346719535999
IIWA_7,1715021084.4828291,-0.45424790364022155   1.1312303569881772 0.015046074528982756  -1.2810130947688978  -1.9564960458283753  -1.8894368533991543 -0.90854470289760392,   0.01912925154354269  0.0038741280297548853    0.02106542027481563  -0.010401899394591865  0.0004082075514711236   0.007669464925845232 6.4880959571340154e-05, -9.0857838935852051   61.160674003601073  -8.2596773910522465  -12.378071212768555  -1.2466108703613281   1.9444372787475586 -0.25131501388549804, 39.724275830086725  4.3743106402686465  24.804230336073974 -10.300738581655583   1.260122039408643  2.1954426467132073 0.58919417876819236,  0.55637663602828979 -0.040355410426855087   0.21376258134841919,-0.70434486865997314 -0.01991967111825943 0.013096249662339687  0.70945757627487183,-0.00019426523067522794  4.7635723603889346e-05 -0.00014325467054732144,-0.012247972190380096    1.5099813938140869 0.0059094377793371677, 0.24496498703956604 0.030479846522212029 0.066175751388072968 0.030479846522212029  0.23094357550144196 -0.02227342501282692 0.066175751388072968 -0.02227342501282692   0.1886984258890152,   -1.1429202284523043   -0.36692258541837219    -1.1586372298939551    0.70623038403816452    0.56062317113703131   0.088315216028256316 2.4853215485620694e-05,0.00017058577213902026
IIWA_7,1715021084.4878316,-0.45376344136418845    1.131226881601304  0.01562101772776546  -1.2812391770843856  -1.9564799390573733  -1.8891447378604143 -0.90854368427981924,  0.034681892276158317  0.0029602869488769019   0.039850064171160646  -0.017364812135186248 0.00097083688125912718   0.017820193490279777 9.2649479044113961e-05, -17.791145114898683   61.354245964050293  -12.456424579620361  -11.511782302856446  -0.8654085350036621   1.4601635932922363 -0.22561613464355468, 39.695694895263941  4.3559039260036361  24.787008393935217 -10.285711752538868  1.2663361541243272  2.1958098643278485 0.58574259746885937,  0.55637449026107788 -0.040325209498405457   0.21375420689582825, -0.70433700084686279 -0.019921658560633659  0.013113168999552727   0.70946496725082397,-0.00024081149604171515   0.0012460678117349744 -0.00045011990005150437,-0.01224649790674448   1.5099818706512451 0.005909821018576622,  0.24496535956859589  0.030476100742816925  0.066176556050777435  0.030476100742816925   0.23094832897186279 -0.022269006818532944  0.066176556050777435 -0.022269006818532944   0.18869459629058838,    -1.142732798022017   -0.36681429266671728    -1.1583969120714244    0.70610447966323875    0.56061561078024624    0.08839149391626222 2.4868999304317185e-05,0.00093365710927173495
IIWA_7,1715021084.4928565, -0.4534619182826139   1.1312238256388669 0.016303818892745986  -1.2816258481260974  -1.9564752413291586  -1.8887400305862125 -0.90854308508647041,  0.039806437083908686  0.0022459910616173598    0.05919209793614956   -0.02935869137661901 0.00096457863359342968   0.030444445760292663 9.8087317188369778e-05, -21.505307106018066   59.929341255187985  -13.662538204193115  -11.615666542053223  -1.1805827522277832   1.6927885131835938 -0.21693859100341797,  39.23373064326627  4.2560932797096847  24.433285158793939 -10.145413449882293  1.3069253526564613  2.2723507595822801  0.5692996334701439,  0.55638229846954346 -0.039864093065261841   0.21373826265335083,  -0.7041773796081543 -0.020086405798792839  0.013330102898180485   0.70961469411849976, 0.00011129904305562377    0.019441645592451096 -0.00099529430735856295,-0.012244673445820808    1.5099914073944092 0.0059103588573634624,   0.2449382096529007  0.030438249930739403  0.066202156245708466  0.030438249930739403   0.23101602494716644 -0.022200083360075951  0.066202156245708466 -0.022200083360075951   0.18866488337516785,   -1.1406437066723285   -0.36513176852714935    -1.1550962135515874    0.70445807006169758    0.56076286477413362   0.089902912007389091 2.5192315789013264e-05,0.013496590778231621
IIWA_7,1715021084.4978538,-0.45334944632037227   1.1311885920227585 0.017174892323880725  -1.2822000123626183  -1.9564660373353482  -1.8880854522679016 -0.90854224612851564,  0.036344028156791851 0.00038744820495527094   0.082196615594309214  -0.046453522562131297  0.0011398226592921846   0.050538689340672127 0.00011202817194165849, -20.448726821899413   59.876915515899661  -11.620948791503906  -10.679828014373779 -0.87069078445434567   1.2759326667785644 -0.25932505416870116, 38.834432380667806  4.2595611565282949   24.09206154772632 -10.086851784013684  1.3200722314009132  2.3297210605527812 0.57066060368443949,  0.55642431974411011 -0.039367325603961945   0.21376244723796844, -0.70404976606369019 -0.020292630419135094  0.013503421097993851   0.70973223447799683, 0.0017471360042691231   0.035426165908575058 0.00017736853624228388,-0.012245383113622665     1.510127067565918 0.0059210266917943954,   0.2448916882276535  0.030396530404686928  0.066237039864063263  0.030396530404686928   0.23108746111392975 -0.022119997069239616  0.066237039864063263 -0.022119997069239616   0.18865197896957397,   -1.1383748810827043   -0.36323673315497018    -1.1514347571344175     0.7026412567689988    0.56085006712347507   0.091319387481192393 2.5491376121067333e-05,0.024588469415903091
IIWA_7,1715021084.5028307,-0.45330977847713294   1.1311583318314367 0.018345451491937531  -1.2829100776430933  -1.9564552995461912  -1.8872378679141724 -0.90854176681746979,   0.030661936255006791 -0.00090044908890761976     0.11257965919771962   -0.065565429268705594   0.0013413696937115437    0.074334325621706693  0.00010879497938746338, -17.069283012390137   58.693975757598878   -11.05926959991455  -10.936897487640381 -0.90238428115844727   1.2642513580322265 -0.24297122192382811, 38.598021114825542  4.2006036423775956  23.836481608986162 -10.000216961096861  1.3535178881063918  2.3552958564201911 0.55068494583329386,  0.55643689632415771 -0.038913693279027939   0.21375982463359833, -0.70390123128890991 -0.020394111052155495  0.013642297126352787   0.70987391471862793,  0.001871794112958014   0.046490035951137543 4.9468773795524612e-05, -0.01227117981761694    1.5102699995040894 0.0059468722902238369,  0.24486677348613739  0.030335547402501106  0.066266760230064392  0.030335547402501106   0.23116002976894379 -0.022042283788323402  0.066266760230064392 -0.022042283788323402   0.18862327933311462,   -1.1353771641040566   -0.36151800694295133    -1.1474683960290832    0.70081800308319231    0.56061074834268254   0.092398822179262652 2.5727083574622611e-05,0.032251093536615372
IIWA_7,1715021084.5078297,-0.45323553620682699   1.1310840895611307  0.01981393847239285   -1.283781990032183  -1.9564570253277556  -1.8860685671285062 -0.90854194658638276,   0.02749923981624329 -0.0036900500833639532    0.14880320657638846  -0.087328838978551662  0.0010040644923963854    0.10623949192401046  7.984522699085533e-05, -16.258700428009032   58.684566009521482  -11.347152194976806  -10.823329124450684  -1.2140369987487794   1.1771421699523925 -0.24263747024536134,   38.4901350863625  4.1122080458744916  23.622386161054752 -9.9158307818996025   1.391054601679903  2.3280918050893655 0.51597966046796762, 0.55644416809082031 -0.03847624734044075  0.21373572945594788, -0.70374536514282227 -0.020382503047585487  0.013706897385418415   0.71002757549285889,  0.0017531645717099309      0.0546986423432827 -0.00090220378478989005, -0.01235010102391243    1.5104148387908936 0.0059360386803746223,   0.2448580414056778  0.030244331806898117  0.066296964883804321  0.030244331806898117   0.23123747110366821 -0.021958155557513237  0.066296964883804321 -0.021958155557513237   0.18858326971530914,   -1.1312052935430472   -0.35982361059172518    -1.1427406084978387    0.69882461864434475    0.55988179706289998   0.092964283330942976 2.5862253671959934e-05,0.037935554981231689
IIWA_7,1715021084.5128288,-0.45313492866559119   1.1309758719480238 0.021530978337040076  -1.2848092777399374  -1.9564461915454896  -1.8845436943413221 -0.90854218624190564,  0.026023693502426982 -0.0072807445909657473    0.18772415984699981   -0.11095457949301728  0.0012366028845555922    0.14598650502657484  5.428996067783643e-05, -16.859580055236815   58.999120445251464  -11.887702388763428  -10.607637271881103 -0.87509265899658206   1.3980857810974121 -0.23896620178222655, 38.372026361947796  4.0218200634178132  23.337774356807877 -9.8277327909935579  1.4264281341569134  2.2939774486871203   0.476674361592684,  0.55645889043807983 -0.037957653403282166   0.21371018886566162, -0.70353531837463379 -0.020348861813545227  0.013747882097959518    0.7102358341217041, 0.0019450895488262177   0.064518935978412628 -0.0017033368349075317,-0.012379650957882404      1.51056969165802 0.0059464666992425919,  0.24484792351722717  0.030123673379421234  0.066336922347545624  0.030123673379421234   0.23133264482021332 -0.021852781996130943  0.066336922347545624 -0.021852781996130943   0.18853418529033661,    -1.125765916956567     -0.357785305537206     -1.136700309247729    0.69644515366373838    0.55884831848018734    0.09353062332628781 2.6008619258277577e-05,0.044747490435838699
IIWA_7,1715021084.5178297,  -0.453046964507623   1.1308329601346305  0.02346385401638594  -1.2859769007187769  -1.9564455204663922  -1.8826901542393719 -0.90854224612851564,  0.024337521120669187  -0.011541068208505418    0.22749435505143445   -0.13546858274799561  0.0010161254715405914    0.19093080809926616 4.1036504142095791e-05, -17.772325618743896   59.867505767822266  -11.531150550842286  -10.978275108337403  -1.1911472511291503   1.2549063110351562 -0.22628363800048829, 38.184544900889996  3.9354369354131964  22.976275012914488 -9.7456366746238015  1.4644229883774689  2.2343198191247455 0.43631236988576128,  0.55649948120117188 -0.037296809256076813   0.21367932856082916, -0.70331388711929321 -0.020312925800681114   0.01377288531512022   0.71045571565628052, 0.0031070483382791281   0.078078627586364746 -0.0025302825961261988,-0.012408928945660591    1.5107601881027222 0.0059832953847944736, 0.24482759833335876 0.029969584196805954 0.066389985382556915 0.029969584196805954  0.23145142197608948 -0.02171572670340538 0.066389985382556915 -0.02171572670340538  0.18848134577274323,   -1.1188583878487535   -0.35513784740714982    -1.1289849932980545    0.69337342488395848    0.55749592634413148   0.094071289392871904 2.6150265952651353e-05,0.054171137511730194
IIWA_7,1715021084.52283,-0.45299153743206894   1.1306774048288866 0.025642825810835376  -1.2873335150394225  -1.9564365082842667  -1.8804688181770719 -0.90854296520416744,  0.021687099918697744  -0.015455066796562719    0.26915435581912495   -0.16263943902422046  0.0011733876622507249     0.2415980889714136 4.0661772416559949e-06, -17.569343910217285   61.690308395385742  -10.810123500823975  -11.139383716583252  -1.0150722694396972  0.93150093460083006 -0.22895365142822266, 37.968612088199841  3.8329856855363702  22.588547726506945 -9.6702976685944382  1.5041316332836767  2.1331963591214316 0.39338630920248202,  0.55657166242599487 -0.036514628678560257   0.21362736821174622, -0.70309937000274658 -0.020244663581252098  0.013763740658760071    0.7106701135635376, 0.0052688405849039555   0.093797542154788971 -0.0040043373592197895,-0.012455430813133717     1.510998010635376 0.0060261455364525318,  0.24480290710926056  0.029780874028801918  0.066453710198402405  0.029780874028801918   0.23158895969390869 -0.021550511941313744  0.066453710198402405 -0.021550511941313744   0.18842403590679169,    -1.110493601972351   -0.35196300096806965    -1.1197296201803653    0.68966172624485012    0.55575834716492523   0.094400445317610604 2.6247447770799681e-05,0.065141096711158752
IIWA_7,1715021084.5278294,-0.45294773512199782   1.1305441403229335 0.028096955415929485  -1.2888588671376524  -1.9564365082842667  -1.8779627968789898 -0.90854410370425509,   0.019101772337802882   -0.017694633675373335     0.31348866885906435    -0.19112563514857253  0.00093871012980057994     0.29351932310041429 -4.2287061712659068e-05, -15.832573265075684   61.246705986022953  -9.8461129760742185  -11.415821437835692 -0.99042177200317383    1.545937774658203 -0.24330497360229492, 37.766023628593111  3.7178977865485816  22.207062427149321 -9.6039647648316038  1.5496134219441298  1.9954012788517697 0.34728789643914304,  0.55666786432266235 -0.035646107047796249   0.21355295181274414, -0.70290136337280273 -0.020134979858994484  0.013716402463614941   0.71086996793746948,0.0079232547432184219    0.1098475381731987 -0.006044688168913126, -0.01256094966083765    1.5112727880477905 0.0060896878130733967,  0.24477612972259521  0.029561206698417664  0.066525287926197052  0.029561206698417664   0.23174081742763519 -0.021362379193305969  0.066525287926197052 -0.021362379193305969   0.18836325407028198,    -1.100859000221277   -0.34839104231121354    -1.1091908549643037    0.68543535477516571     0.5536552192575428   0.094458525641272217 2.6286713250556204e-05,0.076395571231842041
IIWA_7,1715021084.5328555,-0.45284688781615601   1.1303957755555416 0.030839485299201625  -1.2905533167694589  -1.9564299887813787  -1.8750980878394257 -0.90854380416212221,   0.019315310103914761   -0.020090297635974037      0.3604921304181371    -0.22067849339111956   0.0010117482193601293      0.3494038200628975 -2.1847964055106059e-05, -13.906263408660889   61.791127124786378  -9.7255016136169434  -10.681588764190673  -1.1946687507629394   1.3627081031799317 -0.23729744338989259, 37.579767723422009  3.5583630634906571  21.832325503893202   -9.52483989692238  1.6063012324668793  1.8176847483284648 0.29050189288757022,  0.55678188800811768 -0.034683622419834137   0.21343885362148285, -0.70270752906799316 -0.019952801987528801  0.013631110079586506   0.71106839179992676,  0.010723210871219635    0.12647201120853424 -0.0092183565720915794,-0.012746848165988922    1.5115752220153809 0.0061988551169633865,  0.24475513398647308   0.02930331788957119  0.066603191196918488   0.02930331788957119   0.23190869390964508 -0.021149838343262672  0.066603191196918488 -0.021149838343262672    0.1882915198802948,   -1.0896772097641616   -0.34440976982796911    -1.0971792382470369     0.6806276720512372    0.55109430807931403   0.094192683267380062 2.6259923124882789e-05,0.088123850524425507
IIWA_7,1715021084.5378294,-0.45264657146916609   1.1302486691705402 0.033828710490926159  -1.2923759974867384  -1.9564302764116395  -1.8719452179590403 -0.90854614104890752,   0.023464901962728407   -0.021956493508834114     0.40796271200349105     -0.2494500234040726  0.00079789336505929522     0.40563785126573093 -0.00011095384265622592, -14.046065380096435   61.184870498657226  -10.409552917480468  -11.223019332885743  -1.0837415122985841     1.63171195602417 -0.17388462448120118, 37.377367465437004  3.3564975168369711  21.434634483410264 -9.4174412643992103  1.6788810751607945  1.6326947425613314 0.22325444191359251,  0.55690258741378784 -0.033606909215450287    0.2132890522480011, -0.70248675346374512 -0.019729921594262123  0.013545583002269268   0.71129429340362549, 0.013176728039979935   0.14437048137187958 -0.013125027529895306,-0.01299925334751606   1.5119087696075439 0.006352962926030159,  0.24473735690116882  0.029010709375143051  0.066687822341918945  0.029010709375143051   0.23209585249423981 -0.020910950377583504  0.066687822341918945 -0.020910950377583504   0.18820607662200928,   -1.0770586019299699   -0.33996648009182451    -1.0836547865684665    0.67524188746936886    0.54820299620139679   0.093879038540300996 2.6227227500896788e-05,0.10077338665723801
IIWA_7,1715021084.5428298,-0.45237710626804295   1.1300781337038264 0.037019810063247241  -1.2943816175075598  -1.9564233736344478  -1.8684984350689513 -0.90854973631808356,   0.029550529615108425   -0.024386613475621748     0.45401415249563615    -0.27978481955611356  0.00091442577971222389     0.46238159661614636 -0.00023257384116648859, -15.348643363952636   61.572014419555664  -10.811003875732421  -11.141144466400146  -1.1594537544250487   1.3146478614807129 -0.19591223526000975, 37.122031079671956  3.1467675993897575  20.991062437346649 -9.3062529196280046  1.7548503130298934  1.4335536747724715 0.15299165725593222, 0.55704981088638306 -0.03237408772110939  0.21311488747596741,  -0.7022586464881897 -0.019487267360091209  0.013451993465423584   0.71152800321578979,0.016127800568938255  0.16497042775154114 -0.01715526357293129,-0.013315875083208084    1.5122805833816528 0.0065748980268836021,  0.24471442401409149  0.028680771589279175   0.06678316742181778  0.028680771589279175   0.23230487108230591 -0.020637974143028259   0.06678316742181778 -0.020637974143028259   0.18811360001564026,    -1.062895563143762   -0.33488562814376621    -1.0683793547423548    0.66910726696001177     0.5449684291054524   0.093504869911775756 2.6182234158511619e-05,0.11533424258232117
IIWA_7,1715021084.5478299,-0.45208948484304362   1.1298965726649783 0.040374134681627163  -1.2965409950359124  -1.9564209767737861  -1.8648458231003471 -0.90855045539373547,   0.03514528069205991  -0.026771732334418707    0.49738430673170586    -0.3102029567789949 0.00082741505023874618     0.5160097560370861 -0.0002148220990096524, -18.198452781677247   61.295098976135257  -11.602460918426514  -11.262636203765869  -1.1937883758544923   1.6200306472778321 -0.24130246353149415,  36.805277894706521   2.9304608921508981   20.511858224609458  -9.1862047239693077   1.8385866989231237   1.2382643136677813 0.082357371530874079,  0.55721801519393921 -0.030980527400970459   0.21291795372962952, -0.70202153921127319 -0.019253650680184364  0.013377186842262745     0.711769700050354, 0.019242813810706139   0.18791863322257996 -0.021214410662651062,-0.013672312721610069    1.5126951932907104 0.0068564102984964848,  0.24468386173248291  0.028320856392383575  0.066887937486171722  0.028320856392383575   0.23253451287746429 -0.020332334563136101  0.066887937486171722 -0.020332334563136101   0.18801523745059967,   -1.0474869128929143   -0.32917298259960148    -1.0515421614574194    0.66227363745863244    0.54153097672315909   0.093232072090998486 2.6157193744325014e-05,0.13152170181274414
IIWA_7,1715021084.5528295,-0.45187478741934961   1.1296927210445056 0.043858128645867078  -1.2988506547940066  -1.9564110058823023  -1.8609499912101632 -0.90855207320486897,   0.036704121501408338   -0.029571450686445424      0.5372672039549613    -0.34054875574696686   0.0010607676995430561     0.56864108043702211 -0.00023657012454784238, -19.240246318817139   61.929584846496581   -11.17547908782959   -10.58298677444458  -0.5784063148498535   1.1397619819641114 -0.28068516159057616,   36.470021607750027    2.6971579406884696    20.034755413591515   -9.0484839693594523     1.932078099546394    1.0434994027534172 0.0052263831612256451,  0.55739349126815796 -0.029451912268996239   0.21269534528255463, -0.70178323984146118 -0.018992191180586815  0.013315185904502869   0.71201282739639282, 0.021925423294305801   0.21172179281711578 -0.025412997230887413,-0.014110097661614418    1.5131499767303467 0.0071955709718167782,  0.24465484917163849  0.027930667623877525  0.066997222602367401  0.027930667623877525   0.23278069496154785 -0.019999125972390175  0.066997222602367401 -0.019999125972390175   0.18790753185749054,  -1.0308731043906505   -0.3229522093013415   -1.0333506012303317   0.65477213732290096   0.53783640803661825  0.092930084245601563 2.612331950757607e-05,0.14827045798301697
IIWA_7,1715021084.5578291,-0.45173672914843988   1.1294784430452474 0.047491445999590626  -1.3012744043254758  -1.9563851198569686  -1.8569199360828519 -0.90855452997395725,   0.034885628037516089   -0.032228280519485009     0.57514645731291103    -0.36938898585634056   0.0018840551729828487     0.61611506944207206 -0.00028752686316935703, -17.334100208282472   61.527654178619386  -11.006447105407714  -10.761702880859374   -1.147128505706787   1.8693431510925294 -0.22461487960815429,   36.160298355300412    2.4547421755315413    19.583722972596732   -8.8957548193327707     2.034168927810442   0.86158190912972754 -0.078584573509026756,  0.55756312608718872 -0.027833528816699982   0.21245265007019043, -0.70153564214706421 -0.018698187544941902  0.013268348760902882    0.7122654914855957, 0.023744836449623108   0.23439545929431915 -0.029501466080546379,-0.014619653113186359    1.5136367082595825  0.007590805646032095,  0.24463072419166565  0.027517074719071388  0.067107602953910828  0.027517074719071388   0.23303760588169098 -0.019646251574158669  0.067107602953910828 -0.019646251574158669   0.18779055774211884,   -1.0133719390070794   -0.31640758715401063    -1.0141916537405038    0.64680838984187972    0.53394755775748592   0.092613053859658123 2.6084913784529817e-05,0.16417095065116882
IIWA_7,1715021084.5628293,-0.45157823776256167   1.1292441514645397 0.051280438432278121  -1.3038508329691649  -1.9563778334564073  -1.8526368340666908 -0.90856004270548274,   0.034248157865140919   -0.035154287643893861     0.61167686315782865    -0.39856833443263734    0.001798700160840563     0.66421613620010211 -0.00045053075155517138, -14.566290023803711    62.39738375091553  -10.413074417114258  -10.643732643127441 -0.91382915496826167   1.2659201164245606 -0.17722214126586913,  35.948705353421389   2.2096587663721969   19.201276688625292  -8.7529950057185619   2.1345622999496543  0.66330916018529851 -0.16836605037916649,  0.55773138999938965 -0.026187969371676445   0.21218499541282654, -0.70130008459091187 -0.018325941637158394  0.013186195865273476   0.71250855922698975, 0.025070250034332275   0.25365844368934631 -0.033700726926326752,-0.015174068510532379    1.5141440629959106  0.008042503148317337,  0.24461793899536133  0.027078656479716301  0.067216269671916962  0.027078656479716301   0.23329697549343109 -0.019281251356005669  0.067216269671916962 -0.019281251356005669   0.18766632676124573,-0.99501246290856216 -0.30974449271159443 -0.99433127072057204  0.63854739391455695  0.52973057943983548 0.091956931791870034 2.59767407584377e-05,0.17771562933921814
IIWA_7,1715021084.5678558,-0.45133022429419173   1.1289994336141298 0.055240805289634327  -1.3065430290839726  -1.9563614390551445  -1.8482666666280434 -0.90856339831913591,   0.037319065026910549   -0.037912144131511671     0.64775616482051124    -0.42654251213841565   0.0020947361791834873     0.70617960650597678 -0.00049464914737079721,  -13.75705168914795   61.498080684661865  -10.068847827911377  -11.034619102478027  -1.1277602577209473   1.9901612586975097 -0.23429367828369141,  35.807969865415387   1.9931531737944068   18.843394598661927  -8.6228665348543991   2.2221806768710124    0.483519709491393 -0.25880074457621055,  0.55789345502853394 -0.024515477940440178   0.21191726624965668, -0.7010420560836792 -0.01790936291217804 0.013081458397209644  0.71277493238449097, 0.025819789618253708   0.27018001675605774 -0.036989424377679825,-0.015740491449832916    1.5146558284759521 0.0085374675691127777,   0.2446119487285614  0.026621287688612938  0.067324690520763397  0.026621287688612938   0.23355861008167267 -0.018905185163021088  0.067324690520763397 -0.018905185163021088   0.18753689527511597,  -0.97601873057140409   -0.30298165613196204   -0.97389269893977115    0.63008202075831576    0.52529643367371648   0.091177547194121189 2.5847728402084158e-05,0.18926730751991272
IIWA_7,1715021084.5728297, -0.4509819627133288    1.128713250340434 0.059358405259561119   -1.309381552730603  -1.9563450446538817  -1.8437504114221792 -0.90856795231948662,   0.043785715256045632   -0.041777046253040684     0.68290893065348068    -0.45477495557594844   0.0023315649938578263     0.74559389343934879 -0.00057787933192501406, -13.521807987213135   62.342269512176514  -11.114733219146729  -11.190445461273193  -1.1295210075378417   1.4708436470031738 -0.23162366485595703,   35.66060992779181   1.7598195912293972   18.497858505967791  -8.4814547930671669   2.3232160674688789  0.29644444865104935 -0.35481709643238968,  0.55805301666259766 -0.022753840312361717   0.21162401139736176, -0.70079565048217773 -0.017457239329814911  0.012984521687030792   0.71303021907806396, 0.026223361492156982   0.28700393438339233 -0.040565803647041321,-0.016334017738699913    1.5151709318161011 0.0090895695611834526, 0.24461011588573456 0.026139413937926292 0.067433327436447144 0.026139413937926292   0.2338290810585022 -0.01850777305662632 0.067433327436447144 -0.01850777305662632  0.18740057945251465,  -0.95613883031475666   -0.29587814328380091   -0.95246777511448499    0.62112242465239831    0.52065203351858713   0.090305864540063396 2.5696862415713895e-05,0.20102490484714508
IIWA_7,1715021084.5778291,-0.45055142936585307   1.1284189776838216 0.063567804312155057   -1.312368680691065  -1.9563378540718965  -1.8391709395181433 -0.90857616158470655,   0.052249906103865533   -0.045192543266929168     0.71470310662654213    -0.48330508287924184    0.002152875274493162     0.77965399091291743 -0.00079067407433754599, -14.136130111694335   62.697151439666747  -10.870869369506837  -11.554040298461913  -1.0749377632141113   1.6510695533752442 -0.22928740310668946,  35.446433755821282   1.5543059051662742   18.098584307698033  -8.3233564457415312     2.42160842559431  0.16407902938500407 -0.44937827919608958,  0.55820178985595703 -0.020864583551883698   0.21134378015995026, -0.70050716400146484 -0.017035786062479019  0.012940617278218269   0.71332466602325439, 0.025996116921305656   0.30560752749443054 -0.042822640389204025,-0.016927365213632584    1.5157034397125244 0.0096567878499627113,  0.24460463225841522  0.025642374530434608  0.067544750869274139  0.025642374530434608   0.23411096632480621 -0.018086874857544899  0.067544750869274139 -0.018086874857544899   0.18725939095020294,  -0.93570330500369892   -0.28835804831484069    -0.9301411451376751    0.61169914113090584    0.51602231966985102   0.089784013754368175 2.5617960197621414e-05,0.213824063539505
IIWA_7,1715021084.5828295,-0.45006888455216942   1.1281087061393713 0.067886080057814602  -1.3155281418073705  -1.9563132145607145  -1.8344916989217432 -0.90858700727884456,  0.061101717430438414  -0.048564896391554986    0.74449351512761552   -0.51302251095561324  0.0027078806668758941     0.8108928165863345 -0.0010663670249902927, -14.478913791656494   62.846363159179688  -9.8830887222290045   -12.16678123474121  -1.2853473663330077    1.938763500213623 -0.15452702713012695,  35.176542703054054   1.3680325168379637   17.665002136566709  -8.1517115205448327   2.5233992110327019 0.065112080564171615 -0.54396983738858029,  0.55833971500396729 -0.018843287602066994    0.2110736221075058, -0.70019984245300293 -0.016635576263070107  0.012943827547132969   0.71363568305969238, 0.025241615250706673   0.32581391930580139 -0.044144041836261749,-0.017547572031617165    1.5162571668624878  0.010287008248269558,  0.24459622800350189  0.025128185749053955  0.067657880485057831  0.025128185749053955   0.23440359532833099 -0.017641030251979828  0.067657880485057831 -0.017641030251979828   0.18711459636688232, -0.91465490771280855  -0.28040317033894979  -0.90687535257583107   0.60174570697668628   0.51137221274544231  0.089513426897447346 2.558702316690642e-05,0.22759488224983215
IIWA_7,1715021084.5878575,-0.44952857577614636   1.1277949590989651 0.072366082920702457  -1.3188528055368607  -1.9562978746873856  -1.8297795016003271 -0.90860162801107158,  0.070493724985273482  -0.051401798729492361    0.77479492661760663   -0.54340455794409626   0.002779899466657207    0.83720214612571342 -0.0014379229090731136,  -14.32566932296753   63.404226795196536  -9.4446620178222656  -11.112092094421387 -0.89534128189086915   1.4891999893188477 -0.14851949691772462,   34.881883231643499     1.159822910909279    17.240922671403844   -7.9395951893753374    2.6428897802930176 0.0042327437886220398  -0.64612213523989925, 0.55844318866729736 -0.01672075130045414  0.21079714596271515, -0.69986581802368164 -0.016240319237112999  0.013020136393606663   0.71397095918655396, 0.023120352998375893   0.34606543183326721 -0.045383591204881668,-0.018146179616451263    1.5168325901031494  0.010907616466283798,  0.24459464848041534  0.024602871388196945   0.06776650995016098  0.024602871388196945   0.23470310866832733 -0.017178075388073921   0.06776650995016098 -0.017178075388073921   0.18695905804634094,  -0.89325208390267363   -0.27216633415605429   -0.88301089111020303    0.59139693792609194    0.50677363956097565   0.089542971300815566 2.5613603682472785e-05,0.24132736027240753
IIWA_7,1715021084.5928543,-0.44894524365231392   1.1274745608269456 0.077023152708697473   -1.322268369504453  -1.9562610592357428  -1.8250616717741655 -0.90861828608795103, 0.079728264941516247 -0.053937369864372371   0.80611873281388602  -0.57134620505897105 0.0036965376390378493   0.85847490994703657  -0.00181666140243649, -14.573011272430421   62.772429424285889  -9.4252937698364256  -11.068953723907471  -1.0133115196228026   1.9217421646118165 -0.22661738967895509,   34.584201972230865      0.93441707349781    16.825711627388674    -7.698387704870516    2.7702647702392831 -0.033648437617070703  -0.75657968526108299,  0.55851542949676514 -0.014504433609545231   0.21051578223705292,-0.69950330257415771 -0.01582719199359417 0.013148118741810322  0.71433305740356445, 0.020031072199344635   0.36605432629585266 -0.046495441347360611,-0.018722819164395332    1.5174217224121094   0.01152134221047163,  0.24460312724113464  0.024062087759375572  0.067870423197746277  0.024062087759375572   0.23500774800777435 -0.016697753220796585  0.067870423197746277 -0.016697753220796585   0.18679232895374298,  -0.87135728359921671   -0.26367206979216462    -0.8584896836341116     0.5806497627114382    0.50213425080336549   0.089752100284279379 2.5674578907342038e-05,0.25484725832939148
IIWA_7,1715021084.5978312,-0.44832505999215644   1.1271227638635166 0.081785384147362153  -1.3257756128905755  -1.9562210798512321  -1.8203208921773371 -0.90863428497578869,  0.088589958359512222  -0.057221774428658639    0.83538424379769605   -0.59736669949207744  0.0045564054916592545    0.87641111183076503 -0.0020932846354553437, -14.770615982055665   62.850395908355715  -11.653522663116455  -10.033632831573486  -1.2078743743896485   1.5452702713012696 -0.25532003402709963,  33.897355337299018  0.54181870870876458   15.860768192483865  -7.1422709040394308   3.0331579506030732  0.04611897310965607 -0.98658414821994977,   0.55855268239974976 -0.0097414655610918999    0.21000942587852478, -0.69859784841537476 -0.015077607706189156  0.013611637987196445   0.71522617340087891, 0.011196142062544823   0.40723329782485962 -0.045655876398086548,-0.019224386662244797    1.5180215835571289  0.012139236554503441,  0.24462930858135223  0.022942822426557541  0.068072028458118439  0.022942822426557541   0.23563691973686218 -0.015674982219934464  0.068072028458118439 -0.015674982219934464   0.18643507361412048,  -0.82640010647150319   -0.24577052020813284   -0.80729645097665781    0.55808018562508721    0.49306476552146705   0.091417631691292911 2.6049021606411316e-05,0.28247305750846863
IIWA_7,1715021084.6028302, -0.4476637105599291   1.1267490358562886  0.08654048493428472  -1.3293547016645257  -1.9561937558491276  -1.8155108437349894 -0.90865393912849546,  0.097325943976703494  -0.060726539832047455    0.85851142651505952   -0.62105691055166956   0.004738084477506543    0.89353082715851884 -0.0024607938166351442, -14.327013572692872   62.772429424285889  -11.687857284545899  -11.493294429779052  -0.7949785423278809   2.1690521583557127 -0.16153581237792969,  33.913002794698528  0.52928909948269742    15.87631253448089  -7.1502856801630541   3.0322981312666757 0.035189342773280119 -0.98658414821994977,   0.55855268239974976 -0.0097414655610918999    0.21000942587852478, -0.69859784841537476 -0.015077607706189156  0.013611637987196445   0.71522617340087891, 0.011196142062544823   0.40723329782485962 -0.045655876398086548,-0.019663715735077858    1.5192722082138062  0.012765170074999332,  0.24462930858135223  0.022942822426557541  0.068072028458118439  0.022942822426557541   0.23563691973686218 -0.015674982219934464  0.068072028458118439 -0.015674982219934464   0.18643507361412048,  -0.82640010647150319   -0.24577052020813284   -0.80729645097665781    0.55808018562508721    0.49306476552146705   0.091417631691292911 2.6049021606411316e-05,0.28247305750846863
IIWA_7,1715021084.607861,-0.44693626812692261   1.1263454071955648 0.091355267036813084  -1.3330773614409113  -1.9561323007117697  -1.8106378182499927 -0.90870043797226097,  0.10695845250162227 -0.064726378294592116   0.87940042531318219  -0.64575191949675681 0.0062486730763208695   0.90974568112668253 -0.003828588803928429,  -13.172303058624268    64.011827671051023   -10.524001655578614   -12.645705184936523   -1.5036803436279296    1.5569515800476075 -0.099124248504638676, 33.587139220516747 0.38588498262752857  15.377364027542985 -6.8909200560777801  3.1478295362092181 0.11841248943639071 -1.0958424638618081,  0.55853664875030518 -0.007237275131046772    0.2098032534122467, -0.69808220863342285 -0.014747057110071182  0.013906665146350861   0.71573060750961304,0.0065078772604465485   0.42659196257591248 -0.043435096740722656,-0.020190363749861717    1.5192559957504272  0.013836930505931377, 0.24464128911495209 0.022370496764779091 0.068170823156833649 0.022370496764779091  0.23595298826694489 -0.01513837743550539 0.068170823156833649 -0.01513837743550539  0.18625625967979431,  -0.80363039956665716   -0.23649601737929515   -0.78097323836878729     0.5464444023761672    0.48863635350304691   0.092696994318686166 2.6324492807816569e-05,0.295379638671875
IIWA_7,1715021084.6128557,-0.44611379077081575   1.1259543619224153 0.096293606669410198  -1.3370035732956367  -1.9560678734532286  -1.8057684479207818 -0.90873776881963186,   0.11846585624557199  -0.067422913561652975    0.90105392555443031   -0.67365000978642209  0.0075760288026989146    0.92257135806978063 -0.0045561049379786531, -12.388605468750001   64.080384407043454  -9.1664635467529294  -13.111423511505127   -1.312638988494873   1.8356342315673828 -0.14985450363159181, 33.326173330036809 0.22839987437814424  14.966868781505166  -6.641714406451567  3.2718518283984679 0.18693167715863668 -1.2058275179447566,   0.55849778652191162 -0.0046991519629955292    0.20958995819091797,-0.69758695363998413 -0.01440656092017889 0.014232700690627098   0.7162138819694519,0.0017261354951187968   0.44344654679298401   -0.0419008769094944,-0.02019878663122654   1.5198897123336792  0.01384270191192627,  0.24466028809547424  0.021794429048895836  0.068262308835983276  0.021794429048895836   0.23626302182674408 -0.014593927189707756  0.068262308835983276 -0.014593927189707756   0.18607629835605621,  -0.78088522081820599   -0.22716253931687191   -0.75454771372562845    0.53467726812606031    0.48425153878373095    0.09398481567313155 2.6595262880846349e-05,0.30667290091514587
IIWA_7,1715021084.6178541,-0.44519909479852288   1.1255619384936553  0.10137977165357734  -1.3410634091941411  -1.9558313528907165  -1.8008867937461295 -0.90878312905422654,   0.13136052388817271  -0.069635267999722486    0.92428973981022988    -0.7013134437693157   0.015521645542643544    0.93332325344191902 -0.0054592933341697757, -13.352432521820068   63.232162830352785  -10.587388648986817  -11.336587696075439  -1.5027999687194824   1.2926202507019042 -0.19858224868774413,   33.02253309825641 0.047993035378795429   14.548494407863435  -6.3663713469446792   3.3989157194001329  0.26237319691037397    -1.31743833336608,   0.55842655897140503 -0.0020804281812161207    0.20938467979431152, -0.69707149267196655 -0.014066474512219429  0.014598938636481762   0.71671497821807861,-0.003549183951690793   0.46016758680343628 -0.040295619517564774,-0.020341165363788605    1.5205056667327881  0.014271851629018784,  0.24468892812728882  0.021208755671977997  0.068347208201885223  0.021208755671977997   0.23657134175300598 -0.014034858904778957  0.068347208201885223 -0.014034858904778957   0.18589012324810028,  -0.75792433365862166   -0.21764914308342043   -0.72771082272371501    0.52262961874482983    0.47989012712879031   0.095436632737033733 2.6896709748314152e-05,0.31791552901268005
IIWA_7,1715021084.6228552,-0.44422987059524066   1.1251271507970448  0.10648882641271822  -1.3451586585867499  -1.9554178491352683  -1.7959307175322583  -0.9088494018239186,   0.14385738724182678  -0.073099722264195116    0.94379398221381905   -0.72486073071980239   0.028957466652044486    0.94490165130838222 -0.0070183454550184687, -13.181712806701659   62.976755382537839  -11.325142822265624  -10.266051807403564  -1.2184388732910156   2.2191149101257324 -0.18923720169067382,  32.670477319977095 -0.15942538784408905   14.096070522221618  -6.0146716296666325    3.554026944149788  0.40082462056688861  -1.4486815304561209,   0.55828732252120972 0.00066720059840008616    0.20917908847332001, -0.69648915529251099 -0.013732616789638996  0.015090023167431355    0.7172771692276001,-0.010693604126572609   0.47871610522270203 -0.038933534175157547,-0.020429600030183792    1.5211185216903687  0.014703879132866859,   0.2447325736284256  0.020612049847841263  0.068422645330429077  0.020612049847841263   0.23688431084156036 -0.013454665429890156  0.068422645330429077 -0.013454665429890156   0.18568633496761322,  -0.73465831380836732   -0.20783841029281547   -0.70019965730772071    0.51018602097396837    0.47567470334097806   0.097412285632536566 2.7298211691118013e-05,0.33049303293228149
IIWA_7,1715021084.6278291,-0.44319203673548102   1.1246550921396732  0.11163329466596361  -1.3492724834095047  -1.9547876706071665  -1.7908522823931821 -0.90904953840199554,  0.15659926418384706 -0.077362124106222285   0.96081391590087117  -0.74444157748603379  0.048373114445706217   0.95905872660975555 -0.013620139487092259, -12.232672500610352   63.431111789703372  -10.669263515472412  -11.686976909637451  -1.5133644676208495   1.6430595130920409 -0.02970389938354492,  32.284921431901765 -0.33456475248961348   13.578206902343247  -5.6704341223766441   3.6642603589182494   0.5721232210619549   -1.576205490140399,  0.55813354253768921 0.0035408635158091784   0.20901750028133392, -0.69581490755081177 -0.013405432924628258  0.015609863214194775   0.71792632341384888,-0.017187541350722313   0.49859854578971863 -0.035987257957458496,-0.020424453541636467    1.5217423439025879  0.015096761286258698,  0.24478486180305481  0.019999366253614426   0.06849612295627594  0.019999366253614426    0.2371947169303894 -0.012853062711656094   0.06849612295627594 -0.012853062711656094   0.18547739088535309,  -0.71095988008629263   -0.19774939922001522   -0.67198381935096307    0.49743835604587616    0.47142486207096823    0.09969441110513344 2.7763344512266031e-05,0.34395638108253479
IIWA_7,1715021084.6328697,-0.44203501968617348   1.1241657163254635  0.11686279099704304  -1.3535341336929123  -1.9539435977904425  -1.7857242924479033 -0.90941991090465357, 0.17156009331937927 -0.08146473185336639  0.97783098596387408 -0.76601927332513253 0.072461404225527007  0.97236657909895419 -0.02571101169599517,  -11.591465381622314    64.861393497467034   -10.347046298980713    -13.11670576095581   -1.9016098022460937    1.7271649360656738 -0.057071537017822263,  31.959632566802238 -0.43588676187774172   13.083234996333898  -5.4039996214043136   3.7126931672433936  0.72842455031368436  -1.6857152329134431,  0.55800086259841919 0.0064608342945575714   0.20889781415462494, -0.69512361288070679 -0.013066129758954048  0.016077810898423195   0.71859169006347656,-0.021667838096618652   0.51634436845779419 -0.031912807375192642,-0.020235633477568626    1.5223639011383057   0.01543473731726408,  0.24484080076217651  0.019377382472157478   0.06856827437877655  0.019377382472157478   0.23749174177646637 -0.012241874821484089   0.06856827437877655 -0.012241874821484089   0.18527722358703613,  -0.68713056784819315   -0.18760138093210088   -0.64357699068828822     0.4846167724776862    0.46704879931880328    0.10182834583005729 2.8198928525569045e-05,0.35591450333595276
IIWA_7,1715021084.6378541,-0.44078740204997957   1.1237089375893607  0.12216245490912347  -1.3579612861316375  -1.9528920538458097  -1.7804939572679521 -0.91004548741403357,  0.18715278010325981 -0.083442934926802131   0.99425134525431669  -0.78990151620911231   0.10003088116573379   0.98710667047721123  -0.04559186973199611,  -12.626537670135498    65.015982215881351   -10.648134517669678   -13.393143482208252   -1.8514284324645995    1.3917444992065429 -0.030371402740478514,  31.682782342917932 -0.45552521355579551   12.594171477281158  -5.2311890730561954   3.6934386504349428  0.86057869340225368  -1.7601549110623949,0.55790746212005615 0.00943779107183218 0.20881952345371246, -0.69441795349121094 -0.012746193446218967  0.016431214287877083   0.71927136182785034,-0.023814333602786064   0.53280496597290039 -0.026965927332639694,-0.019971646368503571    1.5229606628417969  0.015664506703615189,  0.2448991984128952 0.018741918727755547 0.068640962243080139 0.018741918727755547  0.23777434229850769 -0.01161872036755085 0.068640962243080139 -0.01161872036755085  0.18508826196193695,  -0.66302186395983398   -0.17735567274712594   -0.61484142283418919    0.47168870045055655    0.46247260830867276    0.10372443943129639 2.8594943302095999e-05,0.36693757772445679
IIWA_7,1715021084.6428554,-0.43947806553536123   1.1232642629297869  0.12750586124466509  -1.3624912033385539  -1.9516204797330363  -1.7751281403593995 -0.91099290034673663,  0.20209568466734154 -0.084541334324396658     1.009137329625118  -0.81311790124394678   0.13088766944352079    1.0043180127238749 -0.074370013093719378,  -12.571423431396484    63.975532928466798   -10.414835166931152   -11.605102043151856   -1.4306092262268066    1.8873657417297363 -0.088110443115234374,  31.367227208313651 -0.46037407212838194   12.060849527051847  -5.0507975059122803   3.6497581618825792   1.0232258767439157  -1.8173295111688783, 0.55780255794525146 0.012535308487713337  0.20877739787101746, -0.69364070892333984 -0.012460906058549881  0.016746042296290398   0.72001862525939941,-0.026190020143985748   0.55077868700027466 -0.021501179784536362,-0.019730476662516594    1.5235289335250854  0.015820614993572235,  0.24497149884700775   0.01809067465364933  0.068708352744579315   0.01809067465364933   0.23804967105388641 -0.010976738296449184  0.068708352744579315 -0.010976738296449184   0.18489387631416321,  -0.63850801508191779   -0.16688449967361407    -0.5854980575499269    0.45846083712319796    0.45780999229805275    0.10578109803027758 2.9029211923159437e-05,0.37903240323066711
IIWA_7,1715021084.6478655,-0.43809274905700041   1.1227908860034148   0.1329210531905074  -1.3669901412784966  -1.9500957028516948  -1.7695606889439393 -0.91228491959543367,  0.21708920686830607 -0.086568144514399731    1.0239175415337867  -0.83045183859286609   0.16570121080847905    1.0261524667975088  -0.11117678042285713,  -12.383228469848634    63.565536762237549   -10.327678050994873   -10.037154331207276    -1.677114200592041     1.516567626953125 0.0030037651062011718, 31.043248941370074 -0.5046966395177428  11.527505054433014 -4.8512960050545217   3.600497687699685  1.1832207394969938 -1.8582620868495061, 0.55767899751663208 0.015738019719719887  0.20873060822486877, -0.69280248880386353 -0.012192755006253719  0.016995580866932869   0.72082394361495972,-0.029040426015853882   0.56934523582458496 -0.017250576987862587,-0.019559299573302269    1.5240823030471802  0.015919405966997147,  0.24506860971450806  0.017419362440705299   0.06876557320356369  0.017419362440705299   0.23831592500209808 -0.010317092761397362   0.06876557320356369 -0.010317092761397362   0.18468557298183441,  -0.61344625681680753   -0.15622553368110914   -0.55549373256980061    0.44492330179668471    0.45297635085717047    0.10786027055598169 2.9476452390042596e-05,0.39162048697471619
IIWA_7,1715021084.6528325,-0.43664613323373419   1.1222913236841088  0.13842121310940764  -1.3714963896390946  -1.9483305702213427  -1.7638557784509183  -0.9139576178432709,  0.23153599842529357 -0.089237008383761182    1.0391404299830389  -0.84461140529821233   0.20316627386086528    1.0491183931588435  -0.15584935425177465, -12.734077648162842     64.3357918548584  -10.859424495697022  -12.121001739501953  -1.3055959892272948   1.3480230293273925 0.011013805389404297,  30.756745382693271 -0.53287483973889604   11.010434100684703  -4.6957442250103023   3.5216218588802191   1.3201944890307455   -1.865194692801019, 0.55756247043609619 0.019010972231626511  0.20868885517120361, -0.69193071126937866 -0.011960391886532307  0.017106588929891586   0.72166210412979126,-0.031210765242576599   0.58698183298110962 -0.013602627441287041,-0.019325839355587959    1.5246192216873169  0.015925146639347076, 0.24518457055091858 0.016729693859815598 0.068815067410469055 0.016729693859815598   0.2385680228471756  -0.0096437968313694 0.068815067410469055  -0.0096437968313694  0.18447306752204895,   -0.5879198935128116   -0.14545981359948001   -0.52499084262436213     0.4311837434798349    0.44790561934071604    0.10975107391519856 2.9896632725012751e-05,0.40358668565750122
IIWA_7,1715021084.6578305,-0.43514672698199824      1.1218162090643  0.14393964913448704  -1.3761517816202629  -1.9463473248415664  -1.7579743403395292 -0.91599559517759332,  0.24520504880967273 -0.090394191499359289    1.0520497849896071  -0.86190480348530052   0.24186283427974598    1.0745522389826425   -0.2061985767743168, -13.418300758361816   65.188046180725095  -11.734517154693604  -13.837732810974121  -2.0239819145202635   1.6153581237792969 0.067751590728759761,  30.520169979238695 -0.44183921969266476   10.475094455139043  -4.6783618020811915   3.3691669188308393    1.418188274293712  -1.8137769288991921, 0.55751299858093262 0.022351652383804321  0.20869137346744537, -0.6910552978515625 -0.01181336771696806 0.016991935670375824  0.72250556945800781, -0.030413387343287468     0.6037716269493103 -0.0088853845372796059,-0.019049445167183876    1.5251281261444092  0.015924502164125443,   0.24529847502708435   0.016020825132727623   0.068867310881614685   0.016020825132727623    0.23880180716514587 -0.0089542511850595474   0.068867310881614685 -0.0089542511850595474    0.18427926301956177,  -0.56191307361341813   -0.13455156096053855   -0.49392722816676837    0.41731667482913792     0.4425348391396966    0.11127215124240308 3.0255344896090719e-05,0.41487696766853333
IIWA_7,1715021084.6628306,-0.43361034931163422   1.1213849567502556  0.14944903704547488  -1.3809617101803078  -1.9441670588418434   -1.751818523379757 -0.91841329267079819,  0.25761914586229895 -0.089565445761263227    1.0620153444311995  -0.88192098519003714   0.28070090741271625    1.1058744695770015  -0.26166676114764797,-12.126476772308349  64.433922084808344  -10.91136661529541 -12.275947723388672 -1.4702260971069336  1.5169013786315917 0.14017570495605469,  30.318595156606836 -0.25543069441465183   9.9100959013676686  -4.7529285428233727   3.1653637414955833   1.5105996542760556  -1.7117306580709384, 0.55750727653503418 0.025760862976312637  0.20874446630477905, -0.69015079736709595 -0.011765067465603352  0.016667578369379044   0.72337794303894043, -0.028172019869089127    0.61991125345230103 -0.0030557832214981318,-0.018789224326610565    1.5255999565124512  0.015918726101517677,    0.2454141229391098    0.01529482938349247   0.068919524550437927    0.01529482938349247    0.23901833593845367 -0.0082496274262666702   0.068919524550437927 -0.0082496274262666702    0.18409937620162964,  -0.53548478451936887   -0.12352413254479444   -0.46234586779902997    0.40332281752775145    0.43691986688809692    0.11257506952055962 3.0579797360985594e-05,0.42570486664772034
IIWA_7,1715021084.6678588,-0.43200362429135619   1.1209379450948134  0.15504243430742895  -1.3857690023114342  -1.9417640778339915  -1.7454700000357828 -0.92118560343434641,  0.27036431750096046 -0.089532822826700706    1.0733481660231226  -0.89782847339708605   0.32067996624424727    1.1386405094205685  -0.32022583946004735,  -11.490646652221679    62.444432491302493   -9.7800848579406736    -10.11286657333374    -1.448216724395752    1.4438097610473632 -0.050396503448486327,  30.146740207572371 -0.13439600257093121    9.398602823021724  -4.8040380704923269   2.9751463243581693    1.577006182659304  -1.5978211212165325, 0.55749422311782837 0.029233504086732864  0.20877651870250702, -0.68922543525695801 -0.011724554933607578  0.016202108934521675   0.72427088022232056, -0.026842266321182251    0.63532406091690063 0.00079328886931762099,-0.018663989380002022     1.526036262512207  0.015872407704591751,   0.24555829167366028   0.014548570849001408    0.06895795464515686   0.014548570849001408    0.23921889066696167 -0.0075325616635382175    0.06895795464515686 -0.0075325616635382175     0.1839081346988678, -0.50851159260201229  -0.11241906109926703  -0.43023624364746382   0.38907617069927625   0.43101166639569755    0.1136072687391021 3.085194233420907e-05,0.4361082911491394
IIWA_7,1715021084.6728308,-0.43030803626854525   1.1204290350101997  0.16072876926122096  -1.3905313535233188  -1.9391479696097238  -1.7388743020723103 -0.92430911185889164,   0.2841149749132062 -0.091982661645905489    1.0861319309701782  -0.90875682719305362   0.36118830196610668    1.1747403260753542  -0.38112100854984704,   -12.2084760055542   62.580201713562012  -11.029336853027344  -11.304894199371338  -1.4050783538818359   1.3463542709350587 0.046725234985351562,  30.024803737671821 -0.10903880290972395   8.9807884654237444  -4.8349096269936194   2.8102862047501853   1.5795511177211177  -1.4767929315938766, 0.55747789144515991 0.032754182815551758  0.20874990522861481, -0.68831777572631836 -0.011657299473881721  0.015579898841679096   0.72514832019805908,-0.026076452806591988   0.64954090118408203   0.00153815106023103,-0.018605891615152359    1.5264405012130737  0.015750007703900337,    0.2457364946603775   0.013778591528534889    0.06897938996553421   0.013778591528534889     0.2394019216299057 -0.0068032816052436829    0.06897938996553421 -0.0068032816052436829    0.18370217084884644,  -0.48087155338016885   -0.10124520204168874   -0.39753773824724448    0.37453842404833182    0.42471795209753083    0.11415601146502752 3.1029746772048838e-05,0.44572240114212036
IIWA_7,1715021084.6778316,-0.42856936490223191   1.1199134736939731  0.16642295383332381  -1.3954193592783684  -1.9363468247197524  -1.7319975141422319 -0.92776044885841447,  0.29683883458309845 -0.094208581965790544    1.0966729276602569  -0.92252569195642498   0.40099643717174166    1.2148637780634193  -0.44295028682079063, -12.06732978439331  64.085761405944822 -11.572528171539307 -13.364971485137939 -1.4975177192687987  1.6273731842041015 0.11347557067871093,   29.920899225415347 0.0080951309806938099    8.5281232905781525   -4.9533185143509684    2.6028596907032764    1.5719171303638317   -1.3176889445499127, 0.55750775337219238 0.036347281187772751  0.20875780284404755, -0.68740308284759521 -0.011667495593428612  0.014759249985218048   0.72603243589401245,-0.023773862048983574    0.6637694239616394 0.0035334101412445307,-0.018547642976045609    1.5268092155456543  0.015668977051973343,  0.24591696262359619  0.012989995069801807  0.068998709321022034  0.012989995069801807    0.2395661473274231 -0.006056993268430233  0.068998709321022034 -0.006056993268430233   0.18351069092750549,   -0.4527378793426351  -0.089927379009147046    -0.3642054924304361    0.35983329832500743    0.41815541493139818    0.11442791992610779 3.1152038282300509e-05,0.4553183913230896
IIWA_7,1715021084.6828301,-0.42677304934679905   1.1194425535366892  0.17213032109543314  -1.4004873681477423  -1.9333614105853494  -1.7249022538594536 -0.93151402790608051,  0.30932368988379311 -0.094203671863988203    1.1056330326125785  -0.94074090834009905    0.4402137151135137     1.255701433761867  -0.50450339136327438,   -11.03494599533081     63.57225801086426   -10.611158771514893   -12.290914096832275   -1.9333032989501953    1.3236591567993163 0.0056737785339355468, 29.834111836209299 0.25100138890872159  8.0343593246250968 -5.1870372194112404  2.3468423512881129  1.5469428275832131 -1.1132440587220194, 0.55760657787322998 0.040018383413553238  0.20882007479667664, -0.68650996685028076 -0.011778183281421661   0.01371169276535511   0.72689568996429443,-0.019338585436344147   0.67823398113250732 0.0073090400546789169,-0.018533581867814064    1.5271381139755249  0.015718169510364532,   0.24608868360519409   0.012182368896901608   0.069020383059978485   0.012182368896901608    0.23971043527126312 -0.0052917576394975185   0.069020383059978485 -0.0052917576394975185    0.18334555625915527,  -0.42408912067326554  -0.078438038544348387   -0.33017937942059206    0.34495600597317377    0.41131312127085096    0.11434080416883319 3.1203259531764616e-05,0.4650636613368988
IIWA_7,1715021084.6878576,-0.42487924220826062   1.1189631245720528   0.1779317046628581  -1.4055792855189579  -1.9302221187993125  -1.7175901389260257 -0.93555582757209466,  0.32321123744857161 -0.094540096076645555    1.1165617687870613  -0.95626942152070393   0.47774264353228663    1.2970457443466086  -0.56527469973118527, -10.95966801071167  61.597555164337159 -10.728248634338378 -9.2368935394287099 -0.7712084197998047  1.6433932647705078 0.10246176528930664,  29.785491339718408  0.43007126119800032   7.6140200091070591  -5.4008677138612775   2.1161080273568471   1.4797592765866177 -0.90782059641916013, 0.55771219730377197 0.043739333748817444   0.2088538259267807, -0.68564909696578979 -0.011871318332850933  0.012510772794485092   0.72772783041000366,-0.015688139945268631   0.69175624847412109 0.0091774044558405876,-0.018607046455144882    1.5274263620376587  0.015730187296867371,    0.2462838888168335   0.011353709734976292   0.069027721881866455   0.011353709734976292    0.23983559012413025 -0.0045133586972951889   0.069027721881866455 -0.0045133586972951889    0.18317654728889465,  -0.39484115752497217  -0.066870921565431729   -0.29555049727658655    0.32980071310451109    0.40411390097361277    0.11378370444425912 3.1157759039501798e-05,0.47420132160186768
IIWA_7,1715021084.6928301,-0.42290376260554124   1.1184256920986368  0.18377898777161666  -1.4106058889607394  -1.9268992288479414  -1.7099434844084802 -0.93983173915898677,  0.33758817406763236 -0.097129375797955553    1.1271407393799917  -0.96607967488781954   0.51510971288067287    1.3435027761791083  -0.62325622326063268,-11.317238437652588  61.602932163238528 -11.270559577941894 -10.117268447875976  -1.478149471282959  1.5215739021301269 0.09979175186157227, 29.736870776520298 0.49452482008973864  7.2543111693012952 -5.5350939106954105  1.9317039792960899  1.3950569341665204 -0.7182977907113155, 0.55779081583023071 0.047529123723506927  0.20883852243423462, -0.68478703498840332 -0.011924361810088158  0.011222978122532368   0.72855919599533081,-0.014051677659153938   0.70527160167694092  0.008708135224878788,-0.018810175359249115    1.5276755094528198  0.015680573880672455,   0.24651399254798889   0.010505133308470249   0.069014370441436768   0.010505133308470249    0.23994322121143341 -0.0037201154045760632   0.069014370441436768 -0.0037201154045760632    0.18299055099487305,  -0.36501615210315919  -0.055199528265603703   -0.26025420951292233    0.31432417006538316    0.39662820622599071    0.11296239099056749 3.1049664173110614e-05,0.48336383700370789
IIWA_7,1715021084.6978302,-0.42086224988865267   1.1178840650536133  0.18964322849938758  -1.4157543719075965  -1.9234429782884253   -1.702143551585366 -0.94430359275234776,  0.35173104792964877 -0.099368582439307851    1.1362822206148302   -0.9788030577845398   0.55033779268518423    1.3867995338678545  -0.67747912234294605, -10.736522556304932   63.296686817169189  -11.313697948455811  -12.544462070465087  -1.5371345901489257   1.1908259887695312 0.017021335601806641,  29.666452072053644  0.60285679981057361   6.8602249224975322    -5.69926705448513   1.7456190814993287   1.3121282900795128 -0.51218566812085276, 0.55789047479629517 0.051413334906101227  0.20883914828300476, -0.68393552303314209 -0.012037276290357113 0.0098080756142735481   0.72937721014022827,-0.012120225466787815   0.71980953216552734 0.0089777624234557152,-0.019058637320995331    1.5278878211975098  0.015701962634921074,   0.24674879014492035  0.0096391700208187103   0.068993769586086273  0.0096391700208187103    0.24003231525421143 -0.0029056624043732882   0.068993769586086273 -0.0029056624043732882    0.18281590938568115,  -0.33469276988995489  -0.043331619835385027   -0.22415100609318728     0.2986063597827382    0.38896376897934459    0.11198470965911866 3.0902432612833763e-05,0.49324271082878113
IIWA_7,1715021084.7028313,-0.41873469047614542   1.1174013404710166  0.19555558599114056  -1.4210843558976087  -1.9198886489515934  -1.6940944069071844 -0.94895958392686508,  0.36648721484400909 -0.098803849255313603    1.1455200761619833  -0.99624180582812294   0.58244340762142199    1.4314054142215489  -0.72822294485504946, -10.108757934570313   62.968689884185792  -10.899921741485596  -10.714162635803223   -1.485192470550537   1.9364272384643555 -0.13717193984985351,  29.643436780676577  0.79882603004389885   6.4825532747111687   -5.971682437038794   1.5231952448631065   1.1804797541874041 -0.28117053747996679, 0.55806463956832886 0.055352687835693359  0.20886322855949402, -0.68315756320953369 -0.012179856188595295 0.0081979995593428612   0.73012340068817139,-0.0077637908980250359    0.73359835147857666    0.01009687315672636,-0.01928228884935379   1.5280625820159912 0.015810376033186913,   0.24697715044021606  0.0087542561814188957   0.068971894681453705  0.0087542561814188957    0.24009816348552704 -0.0020750525873154402   0.068971894681453705 -0.0020750525873154402    0.18266823887825012,  -0.3038157001817865 -0.031347067698916931  -0.18735771807776302   0.28272379937455128   0.38095730282261542    0.1104381819141409 3.064553233400602e-05,0.50261330604553223
IIWA_7,1715021084.7078311,-0.41652779548624258   1.1169268849311667  0.20152678594962761  -1.4263963635417409  -1.9162109300726333  -1.6858031208118178 -0.95377059110038753,  0.38146557147132093 -0.098021300998247976    1.1552640592690686   -1.0094737504277864   0.61306348125554033    1.4767757751919015  -0.77501864282493771,  -12.221918502807616    61.128412010192868   -11.251191329956054   -7.9453835487365723  -0.86012628555297854    1.4871974792480469 -0.034710174560546876,   29.611623733850948   0.93560826475689496    6.1380509182651579    -6.175975623637445    1.3414962583182781    1.0654185082472392 -0.067925509763032466, 0.55821222066879272 0.059354092925786972  0.20887631177902222, -0.68238794803619385 -0.012304229661822319 0.0065426048822700977   0.73085737228393555,-0.0055517442524433136    0.74704796075820923   0.010525613091886044,-0.019548511132597923    1.5281903743743896  0.015901682898402214,   0.24722665548324585  0.0078586069867014885   0.068932674825191498  0.0078586069867014885    0.24014532566070557 -0.0012313791085034609   0.068932674825191498 -0.0012313791085034609    0.18251609802246094,  -0.27264291276818398  -0.019292969724027387   -0.15004207391822177    0.26662938679145043    0.37281332748140272     0.1087675139794797 3.0351539948014761e-05,0.51178425550460815
IIWA_7,1715021084.7128556,-0.41430861665089802   1.1163974818449749   0.2075166213339536  -1.4316694825230616  -1.9124014805485166  -1.6773620320159222 -0.95867243873448549,  0.39393961059083915 -0.099593164246268781    1.1638046627882943   -1.0185037595950555    0.6428287659691031    1.5190641719893481  -0.81608881962386848, -11.630448623657227   61.046412776947022   -11.90619026184082  -9.8126587295532222 -0.96577127456665035   2.0025100708007812  0.24530748367309571, 29.537883875053573 0.92535228951178849  5.8429048405657475   -6.25738005725667  1.2394385803795118 0.93571153620408909 0.11121979144616478, 0.55831050872802734 0.063452593982219696  0.20882418751716614, -0.68163806200027466 -0.012372184544801712 0.0048902733251452446   0.73156857490539551,-0.0060291686095297337    0.76162642240524292  0.0082535212859511375,-0.019996408373117447    1.5282778739929199  0.016008090227842331,    0.24750986695289612   0.0069449609145522118     0.06886899471282959   0.0069449609145522118     0.24017471075057983 -0.00036554792313836515     0.06886899471282959 -0.00036554792313836515     0.18234701454639435,  -0.24090684198974088 -0.0070428498624153235   -0.11180255018850005     0.2501532841687748    0.36450788893471753    0.10697954929561604 3.0023983299543033e-05,0.52173233032226562
IIWA_7,1715021084.7178614,-0.41204150082048435   1.1158725727634407  0.21351586447928014  -1.4370997145164837  -1.9085069909037942  -1.6686782627142687 -0.96362258268331225, 0.40583632168921807 -0.10067089465838469   1.1710134560436973  -1.0320122874129274  0.67004259856417803   1.5626021096576181 -0.85087681365216516,  -10.884390026092529    63.328948810577394   -10.720325260162353   -10.879673118591308   -1.5873159599304199    1.2759326667785644 -0.096120483398437498, 29.479107541842943 0.94110347481229972  5.5560724045139853 -6.3724541969235657   1.135608317891502 0.78730705097405451 0.29358063833534476, 0.55843180418014526 0.067617215216159821  0.20876812934875488, -0.68093103170394897  -0.01244170218706131 0.0031541835051029921   0.73223501443862915,-0.0057095987722277641    0.77587234973907471   0.006256589200347662,-0.020387882366776466    1.5283305644989014  0.016115643084049225,    0.2477986216545105  0.0060174167156219482   0.068795241415500641  0.0060174167156219482    0.24018190801143646 0.00051764532690867782   0.068795241415500641 0.00051764532690867782    0.18219086527824402,  -0.20874313056218341  0.0053306506071493232   -0.07283079003173043    0.23350749153561168    0.35601666015061539    0.10492019598817848 2.9640912835304789e-05,0.53146988153457642
IIWA_7,1715021084.7228329,-0.40969636779075885   1.1154159139096409  0.21958922990352653  -1.4426576983934163  -1.9045377198347433  -1.6599414032238466 -0.96861113620207084, 0.41847437854039443 -0.09880306987869783   1.1797453818048134  -1.0479291850076469  0.69480492161337737   1.5995560673429754 -0.88024359167207611, -10.987897254943848   61.445654945373533  -11.614786167144775  -8.7333190917968757 -0.62506618499755862   1.6377194862365723 -0.15652953720092774, 29.491934761415141  1.0414921893468274  5.2872377608661516 -6.5572588533704002 0.99983290012477033 0.64196637739939577  0.4811690900550798, 0.55858200788497925 0.071788132190704346   0.2087494432926178, -0.68026304244995117 -0.012499954551458359 0.0013222831767052412     0.732860267162323,-0.0044256625697016716    0.78745549917221069  0.0061019673012197018,-0.020708117634057999    1.5283384323120117  0.016328345984220505,  0.24808554351329803 0.0050844005309045315  0.068714790046215057 0.0050844005309045315   0.24016581475734711 0.0014061685651540756  0.068714790046215057 0.0014061685651540756   0.18205522000789642,  -0.17642770761394644   0.017658944406306887  -0.033582961017408763    0.21685522697456605    0.34734012610915244    0.10253022792650057 2.9190272421431018e-05,0.53940826654434204
IIWA_7,1715021084.7278333,-0.40731522218266303   1.1149353464449168  0.22567529870673358  -1.4481614536905756  -1.9004461135769652  -1.6509505980000103 -0.97361371115062445, 0.43002532715614855 -0.09826515449192369    1.187239057572133  -1.0584935598924894  0.71950818760182378   1.6392770628278335 -0.90429787127980521, -10.259313903808593    60.33664892196655  -11.480969181060791  -7.3352837371826167 -0.87421228408813478    1.906055835723877 -0.10379677200317383, 29.428160232969532 0.93540914762610028  4.8601444608664535 -6.5995922916268235 0.91159305936081747 0.37307645112545851 0.74099752783083139, 0.55872803926467896 0.080328859388828278  0.20859697461128235,  -0.67899519205093384  -0.012375431135296822 -0.0022018400486558676    0.73403513431549072,-0.0091085368767380714     0.8114398717880249  0.0015516339335590601,-0.021098894998431206    1.5282983779907227  0.016573285683989525,  0.24874061346054077 0.0031905232463032007  0.068483717739582062 0.0031905232463032007   0.24007326364517212 0.0032323608174920082  0.068483717739582062 0.0032323608174920082   0.18175438046455383, -0.11086181560493458  0.042639581040226915  0.046997814327376375   0.18277867358929001   0.32971167490636333  0.097497919753664064 2.821591493784581e-05,0.55591565370559692
IIWA_7,1715021084.732856,-0.40484353565612469    1.114420084670823  0.23179390470143788  -1.4536852226782677  -1.8962507721042985  -1.6418854906192579  -0.9786126310524752,   0.4428877227864525 -0.099222594557290086    1.1945354858458781   -1.0677456074216769   0.74342020898812933    1.6740259454923625  -0.92339509309787426,-8.8975889320373529    61.0329702796936 -10.899921741485596 -10.995882606506347 -1.4816709709167479  1.2759326667785644 0.11481057739257812, 29.429994489582747 0.93122989222371688  4.8637157604966665 -6.6045468403915386 0.90952272680941304 0.36761751041920698 0.74099752783083139, 0.55872803926467896 0.080328859388828278  0.20859697461128235,  -0.67899519205093384  -0.012375431135296822 -0.0022018400486558676    0.73403513431549072,-0.0091085368767380714     0.8114398717880249  0.0015516339335590601,-0.021538158878684044    1.5281044244766235  0.016758335754275322,  0.24874061346054077 0.0031905232463032007  0.068483717739582062 0.0031905232463032007   0.24007326364517212 0.0032323608174920082  0.068483717739582062 0.0032323608174920082   0.18175438046455383, -0.11086181560493458  0.042639581040226915  0.046997814327376375   0.18277867358929001   0.32971167490636333  0.097497919753664064 2.821591493784581e-05,0.55591565370559692
IIWA_7,1715021084.73786,-0.40224493631311364   1.1139186047800844  0.23795948874187037  -1.4594627576304611  -1.8920157387028489  -1.6327339768959779  -0.9835111230729201,  0.45825415194960373 -0.099437271275374689    1.2022517502940022   -1.0852978840250755   0.76413750324848728    1.7052813053250919  -0.93465575529609546, -7.5842569503784176   61.675521648406985  -11.785578899383545  -9.6964492416381827 -0.76768692016601559   2.1350094871520997 -0.16987960433959962, 29.403849233045396 0.87094704240972498  4.4786814583842176  -6.661220227173855 0.82520937459607913 0.10189114356831119 0.95750565125226705, 0.5588575005531311 0.08905523270368576 0.20845696330070496,  -0.67786002159118652  -0.012076777406036854 -0.0057412143796682358    0.73506933450698853,  -0.013215277343988419     0.83308267593383789 -0.00086898478912189603,-0.022103535011410713    1.5280909538269043  0.017261778935790062,  0.24943073093891144 0.0012737615033984184  0.068197086453437805 0.0012737615033984184   0.23988915979862213 0.0051072947680950165  0.068197086453437805 0.0051072947680950165   0.18149159848690033,-0.044434011327254552  0.067813072319289347   0.12981927881927646   0.14828361573826498   0.31168454682983793  0.091805876928141572 2.711183277881446e-05,0.57091611623764038
IIWA_7,1715021084.7428548,-0.39951564889737484   1.1134375580043143  0.24412435381573414  -1.4652387345490478    -1.88770228067679  -1.6234831140138528 -0.98834999355528597,  0.47577481818923506 -0.098791688051103749    1.2083960031897525   -1.0992773839635315   0.78384832364114465    1.7342595595450763  -0.94127942353151095, -9.3264045944213869   59.934718254089354  -11.185163211822509  -6.8413934135437007  -1.2272426223754882   1.4414734992980958 -0.19424347686767579,  29.400941310411579  0.86807330655824821   4.4783101230718252  -6.6678490871211888  0.82144971076847106 0.095516548386725297  0.95750565125226705, 0.5588575005531311 0.08905523270368576 0.20845696330070496,  -0.67786002159118652  -0.012076777406036854 -0.0057412143796682358    0.73506933450698853,  -0.013215277343988419     0.83308267593383789 -0.00086898478912189603,-0.022098196670413017    1.5277217626571655  0.017257608473300934,  0.24943073093891144 0.0012737615033984184  0.068197086453437805 0.0012737615033984184   0.23988915979862213 0.0051072947680950165  0.068197086453437805 0.0051072947680950165   0.18149159848690033,-0.044434011327254552  0.067813072319289347   0.12981927881927646   0.14828361573826498   0.31168454682983793  0.091805876928141572 2.711183277881446e-05,0.57091611623764038
IIWA_7,1715021084.7478328,-0.39671409666937263    1.112905877917947  0.25033793473784571  -1.4709688119263009  -1.8832895931778395  -1.6141499194785049 -0.99314050761814687, 0.49268194367147661 -0.10030055389557424   1.2152600394362651  -1.1086250022609478  0.80358615887093654   1.7607354290499757 -0.94464410133964505, -9.2161761169433589   60.473762393951418  -11.660565662384034  -8.4480776214599604 -0.26235172271728513   2.2998828163146974 0.089779201507568365,  29.248493465746925  0.69953755205314949   4.2720355385800515  -6.4891752625129859   0.8758828255513782 0.027371800176566374  0.99824761960138297, 0.55879271030426025 0.093570210039615631  0.20836979150772095,  -0.67729383707046509  -0.011823991313576698 -0.0072945794090628624    0.73558139801025391, -0.020282551646232605    0.84658354520797729 -0.0025441467296332121,-0.022611573338508606     1.527708888053894  0.017723016440868378,    0.2498147040605545 0.00031475047580897808   0.068015329539775848 0.00031475047580897808      0.239765465259552  0.0060737971216440201   0.068015329539775848  0.0060737971216440201    0.18134646117687225, -0.011124998055223045   0.080596812826350117    0.17232624217466963    0.13070871371123616    0.30286004030255498   0.089311162717820025 2.6606318925814776e-05,0.58035826683044434
IIWA_7,1715021084.7528541, -0.3938420172134604   1.1123929530306385  0.25654839981091015  -1.4768371872299868  -1.8787980974309104  -1.6047487144800283 -0.99780386920901232, 0.50902873317367026 -0.10075743860880282   1.2206266344715897  -1.1216350139561939   0.8225287569739127   1.7846365431790459 -0.94224974470633382,-9.9595462150573724  62.292532272338867 -12.265383224487305 -9.9006962203979487 -1.3460932350158692  1.1991697807312012 0.11380932235717774,    29.05852881808115   0.52767157151968336    4.0654418457925088   -6.2810521508449222   0.94550223168893233 -0.026532722270310671    1.0247451378421808, 0.55869841575622559 0.098156355321407318  0.20827339589595795, -0.67676055431365967 -0.011531501077115536 -0.008771122433245182   0.73606067895889282, -0.027387496083974838    0.86014002561569214 -0.0043119816109538078,-0.022607902064919472    1.5274609327316284  0.017720138654112816,    0.25021117925643921 -0.00064161414047703147    0.067815862596035004 -0.00064161414047703147      0.2396177351474762   0.0070536364801228046    0.067815862596035004   0.0070536364801228046     0.18120718002319336,  0.022165007635521761   0.093418777502130013     0.2153936953108726    0.11310786679796792     0.2941187959013547   0.086853893507488067 2.6108344819419926e-05,0.58990037441253662
IIWA_7,1715021084.757829,-0.39091654813572968   1.1119244297558331  0.26271883750290942  -1.4828477553804973  -1.8742619243967229  -1.5953899936317053  -1.0023253973817958, 0.52424174964816528 -0.09934688187925822   1.2233188152572425  -1.1377307371853747  0.83946992694663092   1.8020580684761571 -0.93466092267640732,-10.837341285705566  60.946938297271728 -11.929960384368897 -8.1637165260314948 -0.7474382972717285  2.6199506759643554 -0.2012522621154785,   28.904141312445478   0.44093745270975782    3.8423472648905976   -6.1443605516515687    0.9789875508086876 -0.070743579270925672    1.0581358898850433,0.55860400199890137 0.10278793424367905 0.20822738111019135, -0.67625057697296143 -0.011230511590838432 -0.010235759429633617   0.73651492595672607, -0.033293474465608597    0.87271982431411743 -0.0037672137841582298,-0.022501168772578239    1.5271646976470947  0.017865089699625969,   0.25060474872589111 -0.0015963098267093301   0.067607268691062927 -0.0015963098267093301    0.23944480717182159  0.0080428402870893478   0.067607268691062927  0.0080428402870893478    0.18109002709388733,  0.055490805141999999    0.10623291430267301    0.25894701893047767   0.095534052126033941    0.28539196488797103   0.084359316845805665 2.5603576148114371e-05,0.59879380464553833
IIWA_7,1715021084.76283,-0.38797166445173209   1.1114435627489758  0.26889904238465201   -1.488775872104565  -1.8696039917833955  -1.5859107713248339  -1.0067467374377796,  0.53718874707843578 -0.098712185777695902    1.2258632474754978   -1.1473092587110068   0.85789324609039941    1.8208153470557806  -0.92458234038047893, -9.2833886032104491   60.450910148620608  -11.617427291870117  -6.7093371772766108 -0.29052371978759767    1.215857364654541 -0.15586203384399414,   28.715975521474345   0.26567602340818319    3.6481826779087614   -5.8887059287146615    1.0600169554034267 -0.092792908138767949    1.0467166435505937,0.55843085050582886 0.10747335851192474 0.20815682411193848, -0.67575359344482422 -0.010814771056175232 -0.011557483114302158   0.73695766925811768, -0.041444938629865646     0.8848300576210022 -0.0043780901469290257,-0.02231859415769577   1.5268188714981079 0.018003605306148529,  0.25102657079696655  -0.00254663429223001  0.067371673882007599  -0.00254663429223001   0.23924805223941803 0.0090436497703194618  0.067371673882007599 0.0090436497703194618   0.18096326291561127,  0.088777556845442973    0.11906648170256773    0.30304276440062949   0.077858072742742479    0.27672821586577356   0.081935546786482405 2.5106576373445932e-05,0.60748541355133057
IIWA_7,1715021084.7678311,-0.38493701902971983    1.110946876623194  0.27510195738153853  -1.4947398815246999  -1.8648455833575577  -1.5764855379422129  -1.0110524896824746,  0.55113681454323915 -0.098837193653428634     1.228807197855859   -1.1564077837742044   0.87665093390583382    1.8336616129494656  -0.91189596209218249, -7.7684191627502441   61.351557464599608  -10.936017112731934  -10.582106399536134  -1.7149703216552734   2.6102718772888185 0.022027610778808594,   28.503531235017427 -0.022020933483444027    3.5039519560471621   -5.5024556275295469    1.1949143592514808 -0.087559779537121685   0.98888364555566777,0.55815321207046509 0.11218942701816559 0.20805458724498749, -0.67525225877761841 -0.010286987759172916 -0.012696864083409309   0.73740583658218384, -0.052384771406650543    0.89562875032424927 -0.0062017282471060753,-0.022086815908551216    1.5264273881912231  0.018018173053860664,   0.25148078799247742 -0.0034832525998353958   0.067106053233146667 -0.0034832525998353958    0.23902852833271027   0.010050586424767971   0.067106053233146667   0.010050586424767971    0.18082056939601898,   0.12171689956907983    0.13184808771615764     0.3474044431097667   0.060188426521889937    0.26824863435415125   0.079732951390631968 2.4637431650376129e-05,0.61546021699905396
IIWA_7,1715021084.7728314,-0.38177294402645351   1.1104797315039994  0.28133345465383719  -1.5009078624476109  -1.8600334856368685   -1.567003499328427  -1.0152273741946118,  0.56747245176524408 -0.097755559690529167    1.2323056491766335   -1.1718454639358007   0.89380465595223246      1.84621083491101  -0.89651215015923447,   -7.1218350448608403     61.167395252227784      -11.4941748046875    -8.6945825958251959   -0.84515991210937502     1.5612903518676757 -0.0070087852478027341,  28.376096874321433 -0.23635849026651279   3.3821051311309152  -5.2154000314942222   1.2765514169729317 -0.11437103666893389  0.93694467501132062,0.55789458751678467 0.11690309643745422 0.20797328650951385,  -0.67479497194290161 -0.0096870940178632736  -0.013838900253176689    0.73781192302703857, -0.060511879622936249    0.90407794713973999 -0.0069048628211021423,-0.021657239645719528    1.5259933471679688   0.01801481656730175,     0.251935213804245 -0.0044182189740240574    0.06683022528886795 -0.0044182189740240574     0.2387831062078476   0.011060463264584541    0.06683022528886795   0.011060463264584541    0.18069766461849213,   0.15475294077926804    0.14455184987394176     0.3921592092801518   0.042583381190119951    0.25963547609908488   0.077231857108728263 2.4126963538151358e-05,0.62179780006408691
IIWA_7,1715021084.7778308,-0.37848345402646205   1.1099847829625709  0.28755272807638727  -1.5070132258656987  -1.8551267605274597  -1.5575364410937773   -1.019291464551334, 0.58555756141185356 -0.09800238940956367     1.23461545624331  -1.1816909078721554  0.91131272913813866   1.8556509973147945 -0.87977333439627448, -6.6016104011535646   58.847220226287838  -11.565485172271728  -7.2789397430419918 -0.37063783645629883   2.5965880584716796 -0.19190721511840819,   28.202582802376348  -0.42069954519587149    3.2075833629147663   -4.8964069413202145    1.3552761026178808 -0.084496725511007398   0.87180609118390251,0.55757820606231689 0.12167063355445862 0.20793071389198303,  -0.67431819438934326 -0.0090480688959360123  -0.014865347184240818    0.73823577165603638, -0.069542326033115387    0.91288453340530396 -0.0059802872128784657,-0.02097431942820549   1.5255112648010254 0.017986854538321495,   0.25240135192871094 -0.0053413771092891693   0.066536009311676025 -0.0053413771092891693    0.23851238191127777   0.012077695690095425   0.066536009311676025   0.012077695690095425    0.18058168888092041,  0.18754931772502204   0.15721120145784084   0.43731509722011452  0.025052651867696341   0.25119544061258381  0.074985394760140878 2.364699280832383e-05,0.62848687171936035
IIWA_7,1715021084.7828333,-0.37507124556343974    1.109425958643012  0.29377967145741823  -1.5130854528989404   -1.850071430929686   -1.547986751554689  -1.0232577037871247, 0.60493438765037544 -0.10075488431000665   1.2367701002358868  -1.1882418076273891  0.93126336722146186   1.8665083794153678 -0.86246823694864549, -7.9982858657836911    62.28177827453613  -11.414941062927246  -9.2087215423583988   -1.564426212310791   1.5038850631713867 -0.16687583923339844,   27.909788378693314  -0.73702221526198097    3.0280274562088332   -4.4027869965631572    1.5146412148592097 -0.030065564742442596   0.75966490227257744,0.55713725090026855 0.12654228508472443 0.20785504579544067,  -0.67384457588195801 -0.0083114765584468842  -0.015679020434617996    0.73865997791290283,-0.082114942371845245   0.92395532131195068 -0.006617251317948103,-0.020338272675871849    1.5249775648117065  0.017927534878253937,   0.25290349125862122 -0.0062556690536439419   0.066207543015480042 -0.0062556690536439419    0.23821502923965454   0.013115120120346546   0.066207543015480042   0.013115120120346546    0.18045037984848022,   0.22023064278808846    0.16997558050935169     0.4833372029766636  0.0073787493848342933     0.2429787858968524    0.07304575836197813 2.3214657751680079e-05,0.63702255487442017
IIWA_7,1715021084.7878325,-0.37159240490198248   1.1089524019477268  0.29998971699696375  -1.5192799189750843  -1.8449600151763994  -1.5385220300977416   -1.027151138685747,  0.62310113657859079 -0.099546175259411285    1.2378179017705302   -1.1983720891476688   0.94946732390863164    1.8717955618101918  -0.84571198550381133, -8.9527031707763669   62.448465240478512  -12.939750404357911  -9.8663615989685063 -0.26763397216796875   2.4584148635864258  0.11614558410644531,   27.60807139688243 -0.98236117064742878   2.8234307398541363  -3.9512832791063697   1.6468427864888477 0.046324084109675034  0.65525876033884445,0.55666995048522949 0.13146066665649414 0.20781920850276947,  -0.67338752746582031 -0.0075644734315574169    -0.0164139773696661    0.73906874656677246, -0.09344840794801712   0.93456834554672241 -0.005616901908069849,-0.019525708630681038    1.5243945121765137  0.017718946561217308,   0.25340789556503296 -0.0071556777693331242   0.065866120159626007 -0.0071556777693331242    0.23789145052433014   0.014157054014503956   0.065866120159626007   0.014157054014503956    0.18033629655838013,   0.25262584788521281    0.18263084426806131    0.52972253828276195   -0.01009496845938429    0.23493684040065688   0.071228061489847505 2.2804430344081084e-05,0.64528030157089233
IIWA_7,1715021084.7928317,-0.36807869005315963   1.1084939454047977  0.30612054695049978  -1.5254832533964067  -1.8396916540062529  -1.5288888705144257  -1.0309756044991489,  0.63902950321578644 -0.097975201924692501    1.2354875195578656     -1.20683104817103   0.97030830593276562    1.8827628327807895  -0.82954822093912517, -9.0777183952331537   61.277623729705809  -11.519705677032471  -6.8924551582336422  -1.3108782386779785   1.3600380897521973 -0.11214056396484375, 27.311228317539687 -1.1547205227819779  2.5989865174915181 -3.5597276742807304  1.7395543675696721 0.12243205664269219 0.55856574303778483,0.55619162321090698 0.13643369078636169 0.20782895386219025,   -0.6729627251625061 -0.0067834695801138878    -0.0171060711145401    0.73944747447967529,  -0.10320232808589935    0.94512605667114258 -0.0030985171906650066,-0.018447831273078918    1.5237616300582886   0.01747702993452549,   0.25391402840614319 -0.0080484133213758469   0.065512433648109436 -0.0080484133213758469    0.23754025995731354   0.015206106007099152   0.065512433648109436   0.015206106007099152    0.18024227023124695,  0.28500530815289693   0.19520648893411874   0.57670297019907224 -0.027461981058962692   0.22692081962993882  0.069338021890352763 2.239176843943369e-05,0.65348535776138306
IIWA_7,1715021084.797832,-0.36451679866282777   1.1080065470486304  0.31228774891114885  -1.5315548811272164  -1.8342949179355028  -1.5193756129781433  -1.0347489575818247,  0.65369925818590369 -0.097876095786445613    1.2350780940722554   -1.2083299477692127   0.99211608757621594    1.8867405676759279  -0.81457270005833182,  -7.1675395355224607    60.934840049743656   -10.535446529388427   -10.027470207214355   -0.7949785423278809    2.3155691452026366 0.0023362617492675782, 26.968484168444874 -1.4501489415350606  2.4010140159918079 -3.0267789376835301  1.8936509379119792 0.22245546725558007  0.4266154387431258,0.55559498071670532 0.14144641160964966 0.20780426263809204,  -0.67251402139663696 -0.0059218541719019413   -0.01761946827173233    0.73985093832015991,  -0.11598387360572815     0.9550136923789978 -0.0025176317431032658,-0.017309533432126045    1.5230748653411865  0.017121726647019386,   0.25445520877838135 -0.0089216399937868118   0.065125256776809692 -0.0089216399937868118    0.23716288805007935   0.016262460500001907   0.065125256776809692   0.016262460500001907    0.18013216555118561,  0.31695126197828216   0.20772493057652497   0.62410697334414067 -0.044753115567175428   0.21914678249412844  0.067781233391350781 2.201905324739073e-05,0.66157060861587524
IIWA_7,1715021084.8028312,-0.36083560430972811   1.1075223244281203  0.31847843994920361  -1.5377706192762834  -1.8287722994688538  -1.5097012875136746  -1.0384844404013076,  0.67020718067270935 -0.097669781449563592    1.2356901167799945   -1.2152934841780527    1.0145976087269339    1.8963654727194892  -0.80107747282598085,-6.2480727233886721  62.569447715759274 -12.267143974304199 -9.7448698616027833  -1.359298858642578  1.1604545860290527 0.09244921493530274, 26.719181370139324 -1.7868402481416035  2.3195216277193298 -2.5280131214514281   2.026561877437894  0.2437107971887178 0.28641551715559421, 0.5549856424331665 0.14644259214401245 0.20773912966251373,  -0.67213898897171021 -0.0049251196905970573  -0.018110523000359535    0.74018710851669312,  -0.12687015533447266    0.96212798357009888 -0.0038141028489917517,-0.016151208430528641    1.5223358869552612   0.01665777713060379,   0.25501412153244019 -0.0097878985106945038   0.064716950058937073 -0.0097878985106945038    0.23676091432571411   0.017319368198513985   0.064716950058937073   0.017319368198513985    0.18002356588840485,   0.34892319231261126    0.22011200244165252    0.67195787418938835  -0.061992338907579381    0.21117456575048266   0.065744037478943085 2.1596733290607517e-05,0.66772127151489258
IIWA_7,1715021084.8078308,-0.35703282999368535   1.1070629690406262  0.32462436994601251  -1.5439889339676589   -1.823153711280757  -1.5001170234384364  -1.0421783381333678,  0.68827671717987771 -0.096510040659414362    1.2343892932963518   -1.2209673749974606     1.036421614505419    1.9004629411851177   -0.7886178875431924, -6.6513476409912107   59.606721321105958  -11.722191905975341  -7.5958747100830077 -0.52558382034301754   2.6826959915161135 0.047392738342285155,  26.50140788543839 -1.9665050813448619    2.14826728675048 -2.1377702256204252   2.091942208954793 0.32070710315782591 0.17214128816282281,0.55437397956848145 0.15144599974155426 0.20776061713695526,  -0.67173320055007935 -0.0039515434764325619  -0.018587250262498856    0.74054938554763794,  -0.13576187193393707     0.9680098295211792 -0.0014623631723225117,-0.014809505082666874     1.521548867225647  0.016187120229005814,   0.2555651068687439 -0.010638201609253883  0.064302146434783936 -0.010638201609253883   0.23633286356925964  0.018372336402535439  0.064302146434783936  0.018372336402535439   0.17994230985641479,     0.380623887672904    0.23230672257579243    0.72002344788923978  -0.078934060562474428      0.203312157056601   0.063871698162465407 2.1184307641419764e-05,0.6729312539100647
IIWA_7,1715021084.8128302,-0.35313813660358934   1.1065163685708159   0.3307413580205002  -1.5500655951189484  -1.8173420333032548  -1.4903000258160972   -1.045876130567654,  0.70640910934774281 -0.099072051319941679    1.2321909576165888   -1.2198403460495471    1.0616044107044211    1.9130502578416635  -0.77880600740600403, -6.5384306640625001   61.139166007995605  -12.285631847381591  -8.0563107872009283  -1.0344405174255371   1.3126453514099121 -0.11981685256958008,  26.205162395908033  -2.2389270612915237   1.9876938600800758  -1.6438149710178609   2.2070009871518934  0.37773917768141718 0.033215801579359994,0.55367743968963623 0.15653181076049805 0.20775400102138519,  -0.67136621475219727 -0.0028886729851365089  -0.018951121717691422    0.74087780714035034,   -0.14659634232521057     0.97584682703018188 -0.00080688606249168515,-0.013546622358262539    1.5207060575485229  0.015820417553186417,  0.25614446401596069 -0.011481028981506824  0.063856370747089386 -0.011481028981506824   0.23587499558925629  0.019442737102508545  0.063856370747089386  0.019442737102508545   0.17985652387142181,  0.41238739890570031   0.24454240526328164   0.76915000415578305 -0.095962365064039545   0.19548252269441235  0.061956007152197401 2.078231098323613e-05,0.6797524094581604
IIWA_7,1715021084.8178322,-0.34915464020665338   1.1059984103721108  0.33681550251609144  -1.5561406383500214   -1.811423551996572  -1.4805682959271149  -1.0495965733395571,  0.72446714335563267 -0.099975969004159282    1.2287185459169208   -1.2188740060825576    1.0860227808308498    1.9197094018326228  -0.77186251680092677,  -7.0976385498046879    63.146130847930905   -12.824421291351317   -11.021413478851319  -0.63210918426513674      2.29020401763916 -0.036712684631347657,  25.863672551519816   -2.527035175994647   1.8196399893366859  -1.1030864108567986   2.3374787220658466  0.46517164557660795 -0.11087392015531861,0.55290764570236206 0.16165517270565033 0.20775368809700012,  -0.67099505662918091 -0.0018064806936308742  -0.019203279167413712           0.7412109375,   -0.15840017795562744     0.98347318172454834 -0.00012987210357096046,-0.012280561961233616    1.5198041200637817  0.015270767733454704,  0.25674080848693848 -0.012299997732043266  0.063387736678123474 -0.012299997732043266   0.23539140820503235  0.020514847710728645  0.063387736678123474  0.020514847710728645   0.17977264523506165,   0.44363093667865172      0.256599065493468    0.81862227498952223   -0.11271288018654957    0.18789743018032823   0.060281768195835639 2.0414811174873648e-05,0.68663156032562256
IIWA_7,1715021084.8228335,-0.34510954481359601   1.1055374970600933  0.34283086432247556  -1.5622741647281686  -1.8053270329690188  -1.4706276809971801  -1.0533851463478088,  0.74137753040680066 -0.098417307684026414    1.2235893089889016   -1.2204402599919355    1.1126789857668102    1.9333921186634908  -0.76903293377080706,-7.0855403022766117  62.890723400115967 -11.053987350463867 -8.3239447593688958 -1.4490970993041992   1.347355525970459 -0.1712146110534668,  25.622324636241512  -2.7033615995810192   1.6958416003963794 -0.73727735784349746   2.3898250516623176  0.48136180767441772 -0.21935944040737843,0.55219393968582153 0.16678538918495178 0.20778529345989227,   -0.67072093486785889 -0.00069398153573274612   -0.019546037539839745      0.7414519190788269, -0.16574795544147491   0.98974156379699707 0.0015121086034923792,-0.010951848700642586    1.5188499689102173  0.014747945591807365,   0.2573263943195343 -0.013116751797497272  0.062915213406085968 -0.013116751797497272   0.23488281667232513  0.021587029099464417  0.062915213406085968  0.021587029099464417   0.17972029745578766,   0.47514945544691045    0.26846639282318563    0.86877748664715426   -0.12928460837180467     0.1800642140059594   0.057997894190364718 1.9998648070895797e-05,0.69218158721923828
IIWA_7,1715021084.8278298,-0.34097996064944347   1.1050622026713717  0.34888547454766311  -1.5682251113406001  -1.7990852651976537  -1.4607456688784566  -1.0572664172832922,  0.75828539089154234 -0.097745621696086152    1.2210558561986233   -1.2143900724908065    1.1398138994680518    1.9419941796797338   -0.7704771844359819, -5.6001443557739261   60.921397552490234   -11.02757610321045  -9.9922552108764648 -0.32133684158325193   2.2458150444030762  0.15085575866699219,  25.352788835280769  -2.8993992595905729   1.5675656383658083 -0.32509107244294155   2.4589626440512036  0.52636779791654931 -0.33046261666375554,0.55141407251358032  0.1719338446855545 0.20782090723514557,  -0.67044240236282349 0.00043257651850581169  -0.019815621897578239    0.74169677495956421, -0.17443285882472992    0.9953492283821106 0.0028711161576211452,-0.0095808124169707298     1.5178446769714355   0.014193031936883926,  0.25792810320854187 -0.013910152949392796   0.06242046132683754 -0.013910152949392796   0.23434989154338837  0.022658342495560646   0.06242046132683754  0.022658342495560646   0.17966972291469574,   0.50619214269165269    0.28012699767643312    0.91926436008549217   -0.14557083901411971    0.17240754017855409   0.055871154564179903 1.9605301382341622e-05,0.69749873876571655
IIWA_7,1715021084.8328292,-0.33672837709791192   1.1045523937421933   0.3549726817418748  -1.5742256127592342  -1.7926652678937334  -1.4506536931053025  -1.0612206722157742,  0.77669165477449575 -0.098588854524004982    1.2203329727273662   -1.2115321147380123     1.168651011731253    1.9572743746699521  -0.77455194484806666,  -5.9604032821655277    62.961968635559082   -12.378951587677001   -10.887596492767333   -1.7880414390563966    1.0229488945007323 -0.043053966522216797,  25.117636734189105  -3.2109782167219265   1.5527095495151215  0.12814399511870395   2.5498797640157664  0.48647607493273703 -0.45475313628492231,0.55059522390365601 0.17709100246429443 0.20778334140777588,  -0.6702384352684021 0.0016777882119640708 -0.020071785897016525   0.74187242984771729,  -0.18313780426979065     1.0000244379043579 0.00086609384743496776,-0.008379119448363781    1.5167882442474365  0.013644200749695301,   0.2585563063621521 -0.014694817364215851  0.061896346509456635 -0.014694817364215851   0.23379199206829071  0.023736562579870224  0.061896346509456635  0.023736562579870224   0.17961232364177704,   0.53730773061300141    0.29169435303177949     0.9705895460196956   -0.16184349998482617    0.16454273730914792   0.053262531742426233 1.9177303300921267e-05,0.70225018262863159
IIWA_7,1715021084.837832,-0.33238469481249727   1.1040698489285097  0.36095850254167194  -1.5802041830249864  -1.7861187172893498  -1.4406363192493634  -1.0652980651448059,   0.7951006152361827 -0.098172876166547754    1.2156992101737789   -1.2083685024204984    1.1967828335603459    1.9665144539735233  -0.78273727303971907, -7.0465570602416996   61.420114200592039   -13.11670576095581  -10.104062824249267 -0.53086606979370121   2.7217449378967284 -0.16921210098266601,  24.902788091091576  -3.3648693919091093   1.4433797443335994  0.45648599643089205   2.5828943503061872  0.49022948681949785 -0.53762472070921929,0.54979079961776733 0.18226787447929382 0.20781956613063812, -0.67002290487289429 0.0028532939031720161  -0.02037956565618515   0.74205517768859863, -0.18962381780147552    1.0044598579406738 0.0021108943037688732,-0.0071619567461311817     1.5156806707382202   0.013088096864521503,  0.25917434692382812 -0.015464616939425468  0.061366822570562363 -0.015464616939425468   0.23320810496807098  0.024811353534460068  0.061366822570562363  0.024811353534460068   0.17958618700504303,   0.56829572795979999    0.30301945724087176     1.0223974181240436   -0.17775301869615845    0.15673189367326756   0.050710915350471453 1.8753390840231532e-05,0.70662850141525269
IIWA_7,1715021084.8428335,-0.3279909784098341  1.1035521903810206  0.3668640289238157 -1.5860170114798982 -1.7793699687203262 -1.4303344997040821 -1.0695465327382072,  0.81182914829547315 -0.099244642832801655    1.2087804234247734   -1.1992079401328672     1.227376209609222    1.9852843449900712  -0.79612852216782981, -5.5409973678588864   61.502113433837891  -12.794488544464111  -8.1091332817077628 -0.17695535659790038   1.0503165321350099 -0.02870264434814453,  24.642105418013109  -3.5419129653739434   1.3318693688142318  0.81410698060573761   2.6336990097236712  0.46764824898289703 -0.62220121007508689,0.54894471168518066 0.18751253187656403 0.20785239338874817, -0.66986727714538574 0.0040691830217838287    -0.020676264539361   0.74218177795410156, -0.19677431881427765    1.0105606317520142 0.0028196708299219608,-0.0060215266421437263     1.5145180225372314   0.012720645405352116, 0.25980651378631592 -0.01622728630900383 0.060813948512077332 -0.01622728630900383  0.23259459435939789 0.025899400934576988 0.060813948512077332 0.025899400934576988  0.17957031726837158,   0.59947715848984728    0.31427552436458228      1.075419738981509   -0.19361155732244839    0.14883286154976361   0.047883296435458078 1.8324372241806941e-05,0.71228080987930298
IIWA_7,1715021084.8478315,-0.32349491666341557   1.1030154768741736  0.37275787076294969  -1.5916910625882486    -1.77241777619611  -1.4201076416138416   -1.073937852367475, 0.82930578849311987 -0.10086425454012256   1.2027780123051786  -1.1863283964403097   1.2599886686560255   1.9973017996016766 -0.81255560290497408,   -4.9145769958496093     63.019771373748782    -10.784592628479004    -12.291794471740722    -2.2863336372375489      2.627293212890625 -0.0093450469970703127, 24.379807858439023 -3.7453902207972956  1.2639223135834001  1.2012452560838915  2.6979497481685102 0.45373580649774059 -0.6998641571743901,0.54804259538650513 0.19275009632110596 0.20787049829959869, -0.66973119974136353 0.0052841687574982643 -0.020951218903064728   0.74228918552398682, -0.2048589289188385   1.0150184631347656 0.002642687177285552,-0.0049490313977003098     1.5132957696914673   0.012253539636731148,  0.26045310497283936 -0.016962369903922081  0.060239732265472412 -0.016962369903922081   0.23196125030517578  0.026981296017765999  0.060239732265472412  0.026981296017765999   0.17955401539802551,   0.63006287840661201    0.32521249161820975     1.1286549169264859   -0.20906443011181608     0.1410571136419847   0.045043463057226063 1.7906436333703368e-05,0.71699517965316772
IIWA_7,1715021084.8528326,-0.31887326026044199   1.1025195696015704  0.37869233906741462  -1.5974768665831887  -1.7653539862723235  -1.4097003608757579  -1.0785004864257184, 0.84831088691343881 -0.10052769453622525   1.1996011420227397  -1.1804948769498522   1.2905425318762773   2.0141326692046904 -0.83254984465371606, -4.4723188362121586    62.96734563446045  -12.115719490051269  -11.340109195709228  -0.7474382972717285   1.1384269752502441 0.038715194702148438, 24.268498198530168 -3.8987820473494006  1.3203432377161572  1.4188150082609114  2.7002984215616563 0.32770297059460329  -0.738391739802293,0.54721218347549438 0.19794967770576477 0.20786625146865845,  -0.6697232723236084 0.0065292664803564548 -0.021393226459622383   0.74227380752563477, -0.20853191614151001    1.0169774293899536 0.0013854915741831064,-0.0039078397676348686      1.512032151222229   0.011835789307951927, 0.26109132170677185 -0.01769498735666275 0.059660371392965317 -0.01769498735666275  0.23131060600280762 0.028058400377631187 0.059660371392965317 0.028058400377631187  0.17956081032752991,   0.66098203852593684    0.33587211770136349     1.1825664318818596   -0.22428679559993725     0.1328730517977661   0.041275057776957169 1.7425644927016037e-05,0.71945041418075562
IIWA_7,1715021084.8578315,-0.31414758070688648   1.1020309128630126  0.38457203948536739  -1.6031476220735787  -1.7581242389240843   -1.399314951403946  -1.0832264056347969,  0.86767589167297177 -0.099968425171292286    1.1948689303363027   -1.1712261211754855    1.3216239194305908    2.0267225142362273  -0.85507664408611284, -5.2775244216918944   60.758743335723878   -12.72053705215454  -8.6989844703674315 -0.24650497436523436   2.4497373199462888 0.040383953094482422,  24.154252345694999  -3.9443746705057041   1.3022564321024497   1.5685355528341363   2.6609274439362514  0.25541888438938898 -0.75057232544755081,0.54638576507568359 0.20316219329833984 0.20792071521282196,  -0.6697039008140564 0.0077254809439182281 -0.021892508491873741   0.74226522445678711, -0.21139633655548096     1.018967866897583 0.0025742973666638136,-0.0028831679373979568     1.5107325315475464   0.011499267071485519,  0.26172494888305664 -0.018409401178359985  0.059072501957416534 -0.018409401178359985   0.23063790798187256  0.029128726571798325  0.059072501957416534  0.029128726571798325   0.17959018051624298,   0.69168824466281364    0.34618531123964402     1.2369172792832117   -0.23906968916875826    0.12469324854347263   0.037490056312705633 1.6941508640400116e-05,0.72184842824935913
IIWA_7,1715021084.8628316,-0.30935071495454519   1.1014844321664221  0.39039235812984729  -1.6085958305219643  -1.7506364952604863  -1.3887596655453793  -1.0881434133078607, 0.88601534343202881 -0.10183396800065254   1.1887078900482384  -1.1549092348758108    1.356808882088395   2.0435894457316497 -0.88074162219144236, -5.9765342788696287    62.39738375091553  -12.017997875213624  -9.3020412826538088  -1.7044058227539063   1.3937470092773439 -0.03637893295288086,   23.91342386931256  -4.1213798964276016   1.2832130718739458    1.882345781784714   2.7179606958316085  0.16264770970282783 -0.78082424940332384,0.54545879364013672 0.20845462381839752 0.20792402327060699, -0.66974025964736938 0.0089386245235800743 -0.022335844114422798   0.74220561981201172, -0.21804112195968628    1.0235722064971924 0.0013416500296443701,-0.0020007069688290358     1.5093866586685181   0.011300798505544662, 0.26238614320755005 -0.01910773292183876 0.058449286967515945 -0.01910773292183876   0.2299349308013916  0.03021726943552494 0.058449286967515945  0.03021726943552494  0.17961627244949341,   0.72232415271766826    0.35643864713641449     1.2926661031897879   -0.25374721093740504    0.11657714224000415   0.033595864824320643 1.6483732601102474e-05,0.72659897804260254
IIWA_7,1715021084.8678336,-0.3044817640497704  1.1009589238915389 0.39618792920544771 -1.6139863947812301 -1.7430360040253408  -1.378236078029438  -1.093258520105266, 0.90357031093661488 -0.10248750539584922   1.1827891550626073  -1.1395499582712791   1.3894667550765361   2.0558150572229712 -0.90919756964936771,   -3.7800302276611326     62.464596237182619    -13.354406986236572    -12.540940570831298   -0.40233133316040037     2.4747686958312989 -0.0016687583923339843,  23.691375648816845  -4.2554721856040851   1.2684967862930403   2.1519904023335581   2.7548554714271298 0.078844371782759382 -0.79103191457929078,0.54452073574066162 0.21374918520450592 0.20793965458869934, -0.66980147361755371  0.010118318721652031 -0.022824626415967941   0.74212038516998291,   -0.2239207923412323     1.0272293090820312 0.00068857357837259769,-0.0011521423002704978     1.5079798698425293   0.011045590043067932,  0.26304847002029419 -0.019784627482295036  0.057813018560409546 -0.019784627482295036   0.22921267151832581  0.031299754977226257  0.057813018560409546  0.031299754977226257   0.17965665459632874,   0.75263381637302729    0.36631497538142099     1.3488744505458783   -0.26794309816491335    0.10847056899709884   0.029553766466072773 1.6025551552445449e-05,0.73064225912094116
IIWA_7,1715021084.8728304,-0.29948769790856944   1.1004324568854813  0.40193610281088404  -1.6194107546143839  -1.7352467371056353  -1.3676149388256149  -1.0985595023954302, 0.92261889439733036 -0.10304868455898455   1.1761582682675393  -1.1286143599431759   1.4231440808494487   2.0694976139313024 -0.93939734732606139,  -3.9131109504699708    62.249516281127931    -11.84192289352417   -9.9429542160034181   -1.6823964500427246    1.1427657470703125 -0.028035140991210936,  23.612907543081725   -4.273028123345437   1.3139976361985211   2.2223214877524553   2.7015256311801186 -0.06083022123543369 -0.75819976845179982,0.54366987943649292 0.21901299059391022 0.20798182487487793, -0.66994470357894897  0.011289692483842373 -0.023499015718698502   0.74195313453674316, -0.22518754005432129    1.0288635492324829 0.0010100139770656824,-0.00023863896785769612      1.5065326690673828    0.010962738655507565,   0.2636931836605072 -0.020457226783037186  0.057178288698196411 -0.020457226783037186   0.22847576439380646  0.032372456043958664  0.057178288698196411  0.032372456043958664   0.17972803115844727,  0.78324907656757148   0.37578012608463496    1.4056917302562866  -0.28173472841519498  0.099978523100396899  0.024737603224522786 1.551291717305503e-05,0.7326585054397583
IIWA_7,1715021084.8778296,-0.29437942200260725   1.0998757297971846  0.40770357092211812  -1.6246026803334865  -1.7273050310346654  -1.3570555783868263   -1.104053969813892, 0.94242615175635192 -0.10470803117905494   1.1716253390633944  -1.1105685167186468   1.4561835075183545   2.0779725086965852 -0.97129657459932206,  -3.9507499427795412    61.065232273101806   -12.643064060211181   -9.6550716209411611   0.02024862289428711    2.6229544410705565 -0.032707664489746095,  23.501444276903364  -4.3010902947258618   1.3452236963911819   2.3346988290211286   2.6786980556780486 -0.17900381479113037 -0.71753799925791795,0.54277628660202026 0.22427946329116821 0.20802508294582367,-0.67010724544525146  0.01241767592728138 -0.02419591136276722  0.74176591634750366,-0.22801792621612549   1.0301740169525146 0.001171375741250813,0.00067693885648623109     1.5050550699234009   0.010940258391201496,  0.26434370875358582 -0.021106403321027756  0.056526072323322296 -0.021106403321027756   0.22771993279457092  0.033441867679357529  0.056526072323322296  0.033441867679357529   0.17980840802192688,   0.81347714026858142    0.38491317880229303     1.4630637220305331   -0.29507991512378595    0.09156182222902487   0.019863723625057617 1.5013992715751101e-05,0.73471188545227051
IIWA_7,1715021084.8828309,-0.28917251590436871   1.0993064790988405  0.41344275630007282  -1.6296521735502414  -1.7191281463848451  -1.3464232339510391  -1.1097508509196892, 0.9622171653346232  -0.106536452877009  1.1668676863689038 -1.0904345420451116  1.4920221920074936   2.087671784388756 -1.0049125039113431, -4.7008412895202634   63.088328109741212  -13.298943367004394  -10.509915657043457  -1.1392051315307616    1.044976505279541 -0.13383442306518556,  23.324939421417334  -4.4043086299023919   1.4060272906827311   2.5402133447773161   2.6991192349688196 -0.31147530029106196 -0.68479573725825138,0.54182338714599609    0.22957743704319 0.20803859829902649,-0.67032575607299805 0.013559750281274319 -0.02489483542740345  0.74152529239654541,   -0.23287792503833771      1.0323266983032227 -8.4801577031612396e-05,0.0015123096527531743    1.5035390853881836  0.010935604572296143,  0.26500910520553589 -0.021734494715929031  0.055848680436611176 -0.021734494715929031    0.2269437164068222  0.034515578299760818  0.055848680436611176  0.034515578299760818   0.17988958954811096,    0.8434232794147789     0.3937261779602963     1.5213540014888949   -0.30803696780168366   0.083119085632077372   0.014701685682183552 1.4521675417711322e-05,0.73767584562301636
IIWA_7,1715021084.8878303,-0.28388992949360364   1.0987763569369966  0.41912591551820777  -1.6346769194162831  -1.7108057253609525  -1.3358559040116367  -1.1156189266812422, 0.98107718869830129 -0.10643404877536294   1.1608205178205209  -1.0733374682777588    1.526514594561698   2.0928306250871032  -1.0386530335911952, -3.8096037216186525    63.00632887649536  -13.206504001617432  -11.701062908172608  -1.2193192481994628   2.4437297897338865 -0.10179426193237305,  23.159313386984643  -4.3601550353416485   1.3761657199532173   2.6285922748750492   2.6776545299277106 -0.39445533566534152 -0.61148558816360354,0.54089528322219849 0.23489420115947723 0.20812620222568512,  -0.6705443263053894  0.014587027952075005 -0.025691177695989609   0.74128097295761108, -0.23586100339889526    1.0347509384155273 0.0017551326891407371,0.0024126099888235331    1.5019811391830444  0.011008930392563343,  0.26565831899642944 -0.022345265373587608  0.055170625448226929 -0.022345265373587608   0.22614803910255432  0.035580556839704514  0.055170625448226929  0.035580556839704514   0.18000501394271851,   0.87323514403792046    0.40206131415310153     1.5802275442826641   -0.32034197184938051   0.074714133631026414  0.0095162737645537732 1.4036338313871966e-05,0.74057132005691528
IIWA_7,1715021084.8928301,-0.27849864615868591   1.0982624733185133  0.42478270935632972  -1.6396146597464485  -1.7023357545511619  -1.3253268036550867  -1.1216694622171248,  1.0005130843553502 -0.10570258375962066    1.154928167781295  -1.0561795878288216   1.5600105080409832   2.0954285143316813  -1.0729438483082618, -3.0729548721313478   61.524965679168702  -12.693245429992675  -9.2236879158020013 -0.79321779251098634   1.6600808486938476 0.061410308837890622,  23.036805433857161  -4.2829166288872615   1.3673861905834102   2.6539376307824116    2.626623040855808 -0.49658442750759768 -0.52145306888557796,0.53999048471450806 0.24021437764167786 0.20823036134243011, -0.67080318927764893  0.015597628429532051 -0.026589173823595047   0.74099445343017578, -0.23742856085300446    1.0367512702941895 0.0037152045406401157,0.0034294154029339552    1.5003819465637207  0.011237646453082561,  0.26630213856697083 -0.022943126037716866  0.054483532905578613 -0.022943126037716866   0.22533580660820007    0.0366404689848423  0.054483532905578613    0.0366404689848423   0.18014085292816162,   0.90307194739480678    0.40995249845110493     1.6398679809652705   -0.33214183639973527   0.066113775005760544  0.0039069528678936649 1.3529728448702372e-05,0.74298560619354248
IIWA_7,1715021084.8978584,-0.27299950485757041   1.0977144346973995   0.4304534647376369  -1.6443226026096467  -1.6936810350549942  -1.3148075303748903   -1.127880226832322,  1.0203761195289005 -0.10648361185225075   1.1507727494773232  -1.0332613847909853   1.5941971862794944   2.0971137426732018  -1.1067856632544979,  -3.8660622100830078    61.227886489868162   -12.848191413879395   -9.1294878005981452  -0.12589361190795897    2.0135238761901855 -0.059074047088623044,  22.878144211261379  -4.2761095832955061   1.3825907192079567   2.7695818219041284   2.6148268803438359 -0.59135485394574694  -0.4425984838182932,0.53902822732925415 0.24552875757217407 0.20831796526908875, -0.67107540369033813  0.016602538526058197 -0.027478748932480812   0.74069362878799438, -0.24108713865280151    1.0380115509033203 0.0044698361307382584,0.0044597769156098366    1.4987497329711914  0.011383239179849625,  0.26695573329925537 -0.023512739688158035   0.05377521738409996 -0.023512739688158035   0.22450850903987885  0.037695243954658508   0.05377521738409996  0.037695243954658508   0.18027815222740173,   0.93232223039496631    0.41740803386591807     1.6999878196024554   -0.34337550243090931   0.057579072419322586 -0.0017753345105120388 1.3033984558319389e-05,0.74524468183517456
IIWA_7,1715021084.9028618,-0.26742929702180601    1.097160583802627  0.43609234222557175  -1.6488779262472351  -1.6848175980912987   -1.304427813403517  -1.1342359407146483,  1.0391092090536964 -0.10734092527269841   1.1461732990992526  -1.0088220533363232   1.6298952275714162   2.0928796729934938  -1.1396570858966486,  -4.3123531188964845    61.559916172027584   -13.353526611328125   -10.966830234527588    -1.213156623840332    2.0932905273437501 0.0040050201416015627,  22.679951179790059  -4.2788384499097978   1.3834131093106627   2.9183619765942037    2.624257499352757 -0.67331333352057676 -0.35852530608786476,0.53802937269210815  0.2508586049079895 0.20841288566589355, -0.67136436700820923  0.017563462257385254 -0.028387799859046936   0.74037528038024902, -0.24560339748859406    1.0395448207855225 0.0052291825413703918,0.0055279075168073177    1.4970859289169312  0.011555526405572891,  0.26761150360107422 -0.024057457223534584  0.053051140159368515 -0.024057457223534584   0.22366431355476379  0.038745827972888947  0.053051140159368515  0.038745827972888947   0.18042759597301483,   0.96113086381954815     0.4243811045938628     1.7607493373086314   -0.35395970265028609   0.049111988477790192 -0.0075267736416861908 1.2552052730541163e-05,0.74785691499710083
IIWA_7,1715021084.9078603,-0.26178538622247455   1.0966063133743358  0.44169538679496628  -1.6534280968002071  -1.6758323057298876  -1.2940343146578717  -1.1407133543331376,  1.0570437992162156  -0.1080435573498091   1.1410604220551834 -0.98906446478793952   1.6633278765135771   2.0900436882206082  -1.1708222134568911,  -2.3470600204467775    62.280434024810788   -13.423956604003907   -11.491533679962158   -1.0388423919677734    1.7004648017883301 -0.082770416259765625,  22.515816199844309  -4.1616901892587048   1.3278941670955788   2.9505369229800404   2.5881635777984111 -0.73247602117865362 -0.24564981214312787,0.53706663846969604 0.25620204210281372 0.20857125520706177, -0.67166614532470703  0.018449695780873299 -0.029395746067166328   0.74004060029983521, -0.24785403907299042    1.0412886142730713 0.0082588614895939827,0.0067708897404372692    1.4953858852386475  0.011856347322463989,  0.26825025677680969 -0.024588320404291153   0.05232701450586319 -0.024588320404291153   0.22280380129814148  0.039787255227565765   0.05232701450586319  0.039787255227565765   0.18061061203479767,   0.98993716331641224    0.43079581151328483     1.8222141817245685   -0.36383328909295187   0.040570705890807801  -0.013472859635044188 1.2065088483836917e-05,0.75028735399246216
IIWA_7,1715021084.9128327,-0.25601642007332687   1.0960621696736137  0.44728902382152635  -1.6578804161231644   -1.666698025256742  -1.2838528766888357  -1.1473186396083572,  1.0763936853388798 -0.10820059390873082   1.1365938187065496 -0.96934434474864406   1.6960335201366847   2.0792924693379238  -1.2008691817742987,  -3.3660013122558592    61.069265022277833   -12.761914672851562   -10.095259075164794   -1.1673771286010741    2.6656746559143065 -0.085106678009033196,  22.379543549490151  -3.9938290308242159   1.2471246406696483   2.9423372478799452   2.5221013229063205 -0.75582489386550211 -0.12575496564380045,0.53610867261886597 0.26152923703193665 0.20878085494041443, -0.67194437980651855  0.019305447116494179 -0.030457567423582077   0.73972314596176147,-0.24948561191558838   1.0420002937316895 0.012608335353434086,0.0081832557916641235    1.4936504364013672  0.012229331769049168, 0.26888030767440796 -0.02509693056344986 0.051596876233816147 -0.02509693056344986  0.22193141281604767 0.040814206004142761 0.051596876233816147 0.040814206004142761  0.18081331253051758,    1.0183674607144866    0.43661495660618499     1.8839760352289403   -0.37297947397973985   0.031998114985221093  -0.019458174849162901 1.1568195290578842e-05,0.75194841623306274
IIWA_7,1715021084.9178307,-0.25016302503969401   1.0954978325134461  0.45288859289496475  -1.6621191765225154  -1.6573814889509899  -1.2736556194917923  -1.1540143459197167,  1.0952507496164183 -0.10913396153368754   1.1332578179027755 -0.94502589177295548   1.7294882683394333   2.0713242633520772  -1.2285235978738198, -3.7343257369995118   60.577269622802731  -13.888794555664063   -7.976196670532226  0.33190134048461911   1.6704271507263184 0.015352577209472655,   22.191066269325084   -3.9178909243890239    1.2049713441335435    3.0452744878096283    2.5104845294648368  -0.79884115568075131 -0.022156324964454743,0.53509008884429932 0.26685738563537598 0.20897340774536133,  -0.6722646951675415  0.020164262503385544 -0.031498298048973083   0.73936557769775391, -0.2533397376537323   1.0425106287002563 0.015266535803675652,0.0096345851197838783    1.4918901920318604  0.012509694322943687,  0.26951602101325989 -0.025579554960131645  0.050847381353378296 -0.025579554960131645    0.2210455983877182  0.041838780045509338  0.050847381353378296  0.041838780045509338   0.18102063238620758,    1.0462794951591192      0.441954699083702      1.946430153604517   -0.38148098687607046   0.023476117131160379  -0.025648619115692384 1.1087612605820141e-05,0.7538522481918335
IIWA_7,1715021084.9228311,-0.24425636004837947   1.0949165976208761  0.45843183626645045  -1.6661271208371149  -1.6478581525964262  -1.2636501100568589  -1.1607667375799378,   1.112467199345716 -0.11055656492975019   1.1283359891816487 -0.91633848600234435   1.7645240688540949   2.0572797880789975  -1.2529145447078964,  -3.535376777648926   60.367566665649413  -13.473257598876954  -10.200904064178467  -1.4957569694519042   2.4787737159729004 -0.14685073852539063,  21.917332671034242  -3.8200132844936374   1.0755593163804527   3.1995404919072428   2.5178210615899941 -0.77229129210918313 0.080927535249515126,0.53401482105255127 0.27221158146858215 0.20921701192855835, -0.67254030704498291  0.020957747474312782 -0.032512132078409195   0.73904889822006226,-0.25878709554672241   1.0438950061798096 0.019343007355928421,0.011180257424712181   1.4901013374328613 0.012732052244246006,  0.27015164494514465 -0.026029396802186966  0.050083968788385391 -0.026029396802186966   0.22014299035072327  0.042853221297264099  0.050083968788385391  0.042853221297264099   0.18124301731586456,    1.0734191076924304    0.44664040688857654      2.009278689672378   -0.38907149820488485    0.01518867049821182  -0.031496037091294227 1.0630229141384007e-05,0.75667399168014526
IIWA_7,1715021084.9278314,-0.23826754328183819   1.0943297301144777   0.4639523095270992  -1.6701146319276627  -1.6382244657055101  -1.2536869047850001  -1.1675936711616806,  1.1295264301382242 -0.11191995219973894   1.1234877217712689 -0.89257123242378933    1.796966730719922   2.0443520413375493  -1.2754089790360292, -1.9962108421325684   61.887913105010988    -13.6995139503479  -11.842803268432617  -1.2783043670654297   2.0188639030456543 0.018356342315673829,  21.657958909551898  -3.3908956362362663   0.8419955217720112   3.1507568953313259   2.3634874879287824 -0.72068794723126661  0.32109435104333284,0.53197568655014038  0.2828807532787323 0.20986071228981018, -0.67309939861297607  0.022480808198451996 -0.034741707146167755   0.73839342594146729,-0.26249921321868896   1.0443227291107178 0.030852194875478745,0.013010355643928051   1.4882735013961792 0.013078104704618454,  0.27137148380279541 -0.026883633807301521  0.048559259623289108 -0.026883633807301521   0.21830837428569794  0.044839970767498016  0.048559259623289108  0.044839970767498016   0.18177299201488495,    1.1273401132756433    0.45401955324919641     2.1363860690923886   -0.40181609720324474 -0.0017233724181053844  -0.043830054651472494  9.674463008479961e-06,0.75966435670852661
IIWA_7,1715021084.9328308,-0.23216355812844403    1.093791937994153  0.46945660413099743  -1.6740684075490988  -1.6284755383892764  -1.2438911791265013  -1.1744738147054121,  1.1477805502463458  -0.1110476465727782   1.1189619615729445 -0.87220801079647403   1.8275304772252845   2.0273106594099932   -1.295532924978086,-2.6172542152404783   60.86762756347656 -13.139595508575439 -10.658699016571045 0.39528833389282225  2.2094361114501955 0.19023845672607423,  21.574699130623053  -3.4150377598656529  0.80166320681196623   3.2088325097019714   2.3892507604580433 -0.71463537976495317  0.32109435104333284,0.53197568655014038  0.2828807532787323 0.20986071228981018, -0.67309939861297607  0.022480808198451996 -0.034741707146167755   0.73839342594146729,-0.26249921321868896   1.0443227291107178 0.030852194875478745,0.015093781985342503    1.484572172164917 0.013387379236519337,  0.27137148380279541 -0.026883633807301521  0.048559259623289108 -0.026883633807301521   0.21830837428569794  0.044839970767498016  0.048559259623289108  0.044839970767498016   0.18177299201488495,    1.1273401132756433    0.45401955324919641     2.1363860690923886   -0.40181609720324474 -0.0017233724181053844  -0.043830054651472494  9.674463008479961e-06,0.75966435670852661
IIWA_7,1715021084.9378304,-0.22599581686105605   1.0932545652982641  0.47492590477431007  -1.6778141968650639  -1.6184892276197482  -1.2342782727801578  -1.1813136912125557,  1.1649340908925958 -0.11033302509377564   1.1139415949908611 -0.84759798127578501   1.8614768125613541    2.006364781381734  -1.3100214002682118, -4.2895008735656734   58.618697772979736  -15.070257682800293   -6.371273212432861   -2.350601005554199   1.2422237472534179 -0.60242177963256838,   21.36175959332509  -3.2611592746479898  0.67086035601551863   3.2910610136179614   2.3547683193626843 -0.67679854796557848  0.42731084246662882, 0.5309104323387146 0.28820228576660156 0.21021713316440582,-0.67338377237319946 0.023231405764818192 -0.03584100678563118  0.73805826902389526,-0.26580676436424255   1.0439910888671875 0.036029048264026642,0.019585803151130676   1.4845166206359863  0.01374354399740696,  0.27197429537773132 -0.027272433042526245   0.04778192937374115 -0.027272433042526245   0.21737666428089142   0.04581737145781517   0.04778192937374115   0.04581737145781517   0.18205823004245758,    1.1534576709060218    0.45673173884530627     2.2005427758013951   -0.40690442151003481  -0.010094991104381279  -0.050074779238684641 9.2079170954662004e-06,0.76108044385910034
IIWA_7,1715021084.9428535,-0.21981722979044696   1.0926087954385215  0.48020968957177279   -1.681152702255436  -1.6085565103264954  -1.2248135514322935  -1.1882706535689014,  1.1790907555384402 -0.11409721446472566   1.1025046678911976 -0.81161860063551039   1.8864901417791973   1.9836806790199573  -1.3262956144683968,-6.0746645088195796  54.482441368103025 -20.698494472503661 -5.7303602790832517   -4.27245943069458  3.0504903411865234 0.39416073226928711, 20.979729245121582  -3.191471951630398 0.46471692693526467  3.5258951254147233   2.381573739092504 -0.6112220371065229 0.50943597705077115,0.52975529432296753 0.29354977607727051 0.21057996153831482, -0.67364263534545898  0.023971525952219963 -0.036847099661827087   0.73774874210357666,-0.27215147018432617   1.0446802377700806 0.040343396365642548,  0.0195611622184515   1.4826488494873047 0.013726253062486649,  0.27258476614952087 -0.027624329552054405  0.046982631087303162 -0.027624329552054405   0.21642947196960449  0.046788562089204788  0.046982631087303162  0.046788562089204788   0.18234926462173462,    1.1785765804166459    0.45875279260876312     2.2651886315285807   -0.41099857978643684  -0.018204716558223311  -0.056015237791307015 8.7688052374801373e-06,0.76375389099121094
IIWA_7,1715021084.9478302,-0.21370815132996315   1.0917797866240215  0.48498714093601331  -1.6842611106367085  -1.5989193718724504  -1.2153152142794541  -1.1950350295324312,  1.1876357428501045 -0.12443812415178003   1.0731017888825787 -0.77363121575930693   1.8946776515851584   1.9668780293295431  -1.3316115301159117,-9.5724022941589357  54.497228115081789 -27.553973884582518 -12.466108703613282 -8.9771829414367676 0.88744571304321285  1.1441007537841796,  20.719483613340024  -3.0744365389425821  0.28677996268358363   3.7239363692984018    2.364979845417122 -0.50519233789909546  0.58323812244138051,0.52863240242004395 0.29887127876281738 0.21100673079490662, -0.67385619878768921  0.024751521646976471 -0.037862490862607956   0.73747652769088745, -0.2759038507938385   1.0442090034484863 0.046264629811048508,0.022214239463210106    1.480710506439209 0.013873543590307236,  0.27317869663238525 -0.027956685051321983  0.046183817088603973 -0.027956685051321983   0.21547657251358032  0.047739677131175995  0.046183817088603973  0.047739677131175995   0.18266473710536957,    1.2033153328312451    0.45997988765211772     2.3299474994882274   -0.41414983515775106  -0.026409518069314686  -0.061955034574623369 8.3055322619429717e-06,0.76525962352752686
IIWA_7,1715021084.9528332,-0.20775516737287919   1.0908312951869237  0.48901575802110414  -1.6876592375651596  -1.5897995683818513  -1.2061144454011874  -1.2015203527649243,  1.1882279525634423 -0.13749015680533816   1.0196261145096965  -0.7548300497454894   1.8805342608920885   1.9415331785943029  -1.3247021533924521,-9.1476193809509283  57.380643775939944 -28.002084712982178 -20.385081005096435 -7.6592617034912109  2.7844902534484861 0.66016082000732423,  20.730928915442426  -2.7292585786339743  0.21859104405632301   3.5092971846277248   2.2118272148844298 -0.44608475804870551  0.73092550314718441,0.52762311697006226 0.30407729744911194 0.21149303019046783, -0.67412906885147095  0.025371914729475975 -0.039062734693288803   0.73714339733123779,-0.27407470345497131   1.0393986701965332 0.053388744592666626,0.025404749438166618   1.4787464141845703 0.014084321446716785,  0.27372661232948303 -0.028277281671762466  0.045421119779348373 -0.028277281671762466   0.21454404294490814  0.048653189092874527  0.045421119779348373  0.048653189092874527   0.18301241099834442,    1.2277051637328285    0.46022714313842528     2.3937206277890866   -0.41607321833136979  -0.034598538753982666  -0.068283635169308354 7.8457302876699941e-06,0.76283800601959229
IIWA_7,1715021084.9577911,-0.20189961511229085   1.0898914323303985  0.49245025706575135  -1.6914567988008928  -1.5809443767026081  -1.1967700456338755  -1.2079947104209765,  1.1848044524742876 -0.14758663970527622  0.95308085339364568 -0.75576648922572243   1.8586350758833989     1.92700253356792  -1.3187360289560497, -7.1030155487060549    58.63751726913452  -25.448997478485108   -17.88833776473999  -3.8357934761047363   3.0124426498413084 -0.49862500762939455,  20.922901401262315  -2.5151829802635013  0.56826979082736262   3.3142644992406596   2.0890423022619009 -0.54903410732329672  0.89337434891811307,0.52669352293014526 0.30903333425521851 0.21186694502830505, -0.67465931177139282  0.025961993262171745 -0.040327567607164383   0.73656940460205078,-0.26891815662384033   1.0257492065429688 0.054531946778297424,0.028749637305736542   1.4768146276473999 0.014119462110102177,  0.27423214912414551 -0.028578506782650948  0.044700607657432556 -0.028578506782650948   0.21367199718952179  0.049525711685419083  0.044700607657432556  0.049525711685419083    0.1833454966545105,    1.2509203699639926    0.45945827277549256     2.4551952476921102    -0.4166826245004529   -0.04271995394056205  -0.076001651040158436 7.4358643686878168e-06,0.75349783897399902
IIWA_7,1715021084.9628627,-0.19607450292102038   1.0889465360533939  0.49553451718057623  -1.6952130743822531   -1.572058984718653  -1.1872147235900417   -1.214545886998726,  1.1808480496302487 -0.15586516284440777  0.88583508730791172 -0.75486421463498876   1.8423237400649235   1.9238149086076881  -1.3170358862748202, -6.4900376739501953   56.610388683319094   -19.75913444519043   -10.29950605392456  -1.9729201698303223   3.2634239120483399 -0.86475059890747075,   21.09926383743629   -2.737152597550621   1.4269176473095877   3.5516538459307245   2.1299464356110587 -0.80509466740193858  0.98882126731438758,0.52559471130371094 0.31364843249320984 0.21197280287742615, -0.67545193433761597  0.026601424440741539 -0.041359242051839828   0.73576253652572632,-0.27086520195007324   1.0012036561965942 0.044576641172170639,0.031940769404172897   1.4750021696090698 0.013903692364692688,  0.27473971247673035 -0.028808711096644402  0.043987873941659927 -0.028808711096644402   0.21288308501243591  0.050357267260551453  0.043987873941659927  0.050357267260551453    0.1835845410823822,    1.2703463921290847     0.4577795313727151     2.5125634238039041   -0.41586728557696517  -0.050077150578253793  -0.084582531357568769 7.1410566349072724e-06,0.73749750852584839
IIWA_7,1715021084.9678578,-0.19026203400393446   1.0879128966561591  0.49856341021554013  -1.6985768665391605  -1.5630259471302244  -1.1775604717027155   -1.221082862159601,  1.1771771963876358 -0.16603770616491725  0.82982379124488537 -0.73844305798428733   1.8351804955890854   1.9252220023791971  -1.3151077154548576, -4.6403500518798833   56.976024608612057   -15.44441701889038  -5.9029137611389162 -0.12853473663330078   2.5214939308166504 -0.56671035003662107, 21.225882400532583 -3.4520764208935328  2.7540626257409757  4.2117131247533601  2.3285349052272806 -1.3140940552480291  1.0213317423615911,0.52432084083557129 0.31801488995552063 0.21171526610851288, -0.67656916379928589  0.027383076027035713 -0.042222708463668823   0.73465746641159058,-0.27899739146232605  0.97144824266433716 0.021825453266501427, 0.03518308699131012   1.4733465909957886 0.013836069032549858,  0.27526971697807312 -0.028984049335122108  0.043252423405647278 -0.028984049335122108   0.21215768158435822  0.051182892173528671  0.043252423405647278  0.051182892173528671   0.18372716009616852,   1.2868166908450718   0.45549685675894125    2.5677665792782634  -0.41408255781316683 -0.057178371534405414 -0.094787426686337994  6.92553125958284e-06,0.7188841700553894
IIWA_7,1715021084.9728296,-0.18440330589860596   1.0868585246018228  0.50172107364271612  -1.7015522499609199  -1.5537941631402845  -1.1680135384748482   -1.227566387812048,  1.1760908813232489 -0.17500504710538736  0.79016557008294808 -0.70976978325780604   1.8374157560688622   1.9220549310180481  -1.3114271984617629,  -3.3081985740661621    59.411805110931397   -12.198474731445312   -8.1469894027709966 -0.095080490112304683    2.1300032119750978   0.35711429595947264, 21.490206149866317 -4.2116611975429965  4.2619077137609027  4.7866377357608512  2.4714765349457259 -1.9593702890861571  1.0619377581513385, 0.5230865478515625 0.32221660017967224 0.21127443015575409, -0.67790043354034424  0.028246903792023659 -0.043162014335393906    0.7333417534828186,  -0.28356844186782837    0.94100195169448853 -0.0038665479514747858,0.039610378444194794   1.4717731475830078  0.01449101883918047,  0.27578508853912354 -0.029147518798708916  0.042523343116044998 -0.029147518798708916   0.21147659420967102   0.05199919268488884  0.042523343116044998   0.05199919268488884   0.18384015560150146,    1.3024075171701455    0.45252459223821262     2.6219327070640119   -0.41148337363594578  -0.064604022631087332   -0.10663125676657614 6.7066965314666049e-06,0.69951832294464111
IIWA_7,1715021084.9778311,-0.17847159401444529   1.0858280610493283  0.50509924687632757  -1.7044329579974047  -1.5443996813028029  -1.1587559044788069  -1.2338921410451851,  1.1781411804250259 -0.18122257978408893   0.7672593854108164 -0.68304414806563563   1.8457118783543536   1.9079493046560903  -1.3021718880948947, -3.4587545433044435   60.422680904388429  -14.251509017944336  -12.697647304534913  -1.6119664573669434   2.0836117286682128 0.084772926330566406, 21.938268029588222 -4.6344706856114151  5.6011173765748072  4.9630408401106116  2.4413711221686651 -2.5536673580072251   1.151823672984964, 0.5220332145690918 0.32634046673774719 0.21089161932468414, -0.67928498983383179   0.02909458801150322 -0.044297982007265091   0.73195838928222656, -0.27968105673789978   0.91365361213684082 -0.022102339193224907,0.045520767569541931   1.4702178239822388 0.016199022531509399,  0.27625221014022827 -0.029330616816878319  0.041830528527498245 -0.029330616816878319   0.21081404387950897  0.052797231823205948  0.041830528527498245  0.052797231823205948   0.18399104475975037,    1.3188268734367625    0.44886307583613672     2.6759602478563238   -0.40817909282964138  -0.072521770481337455   -0.11945909395816301 6.4425975665471924e-06,0.68088030815124512
IIWA_7,1715021084.9828312,-0.17249170547969259   1.0848168321160214   0.5085450711443249  -1.7073466826455157  -1.5349273499267007  -1.1498018309089926   -1.240075342002755,   1.181708485730129 -0.18542722115954521  0.75164047904854647 -0.66298430437694911   1.8554627577275733    1.884522386517447  -1.2890655487787146,  -4.4521550903320311    61.409360202789308   -16.682224140167236   -14.334264259338379 -0.070429992675781247    2.1697196617126466 -0.081101657867431634,  22.35113666383586 -4.7569576072993662  6.5652250416848634  4.9211953746029886   2.315108164124303 -2.9851857781301856  1.2648528869989675,0.52110159397125244 0.33048400282859802 0.21065309643745422, -0.68058192729949951   0.02990320697426796 -0.045532982796430588    0.7306441068649292, -0.27151915431022644   0.89271271228790283 -0.030852466821670532,0.051927566528320312   1.4686495065689087 0.018482699990272522,   0.2766832709312439 -0.029524100944399834  0.041159443557262421 -0.029524100944399834   0.21014247834682465  0.053580809384584427  0.041159443557262421  0.053580809384584427   0.18419505655765533,    1.3360138022076029    0.44452844330056251     2.7305073630978782    -0.4041103090814957  -0.080668817461493347   -0.13225864756449823 6.1421721042620447e-06,0.66570562124252319
IIWA_7,1715021084.9878314,-0.16651325498716044   1.0838291522558132  0.51200923118694508  -1.7102370978760508  -1.5252531083907523  -1.1411999737270431  -1.2461231211183332,  1.1845048082853893 -0.18784897133596423  0.73987878494364434 -0.64600405272296435   1.8713398676199913   1.8516921964919377  -1.2731636036460994,  -4.934740741729736   59.930685504913328  -18.242248477935792  -12.365745964050292  -1.5432972145080566   2.8632556495666504 -0.06574908065795898,  22.44957442924769 -4.7897746342676166  7.0752575780473972   5.033312263901176  2.2331493156125251 -3.2066775092205941  1.3377739851022421,0.52010947465896606 0.33471271395683289 0.21055784821510315, -0.68171560764312744    0.0307130366563797 -0.046632029116153717   0.72948336601257324,  -0.2673974335193634   0.87941384315490723 -0.032068632543087006,0.051927566528320312   1.4686495065689087 0.018482699990272522,  0.27711024880409241 -0.029697179794311523  0.040476169437170029 -0.029697179794311523   0.20944105088710785  0.054360233247280121  0.040476169437170029  0.054360233247280121   0.18443354964256287,    1.3528486607379264    0.43961943560599792     2.7859051893592834   -0.39917858869031875  -0.088558224116574991   -0.14413550310621304 5.8481761655571063e-06,0.65644192695617676
IIWA_7,1715021084.9928331,-0.16051844606896476    1.082785745668835  0.51547297180512952  -1.7129372037139454  -1.5155071531957018  -1.1330042619705989  -1.2520101918435511,  1.1873962033561385  -0.1920154405478999  0.73045265268229309 -0.62480747569415529   1.8869101018980132   1.8091822274513174  -1.2540137119255947, -3.3202968215942383   58.706074005126951  -19.556648216247559  -10.821568374633788 -0.46219682693481445   2.8993008308410646 0.081101657867431634, 22.298735948716125 -4.8585517532317901  7.3476686079931905  5.3549459844219918   2.215857292526147 -3.3091123529490059  1.3659804713214647, 0.5190092921257019 0.33896860480308533 0.21052512526512146, -0.68274801969528198  0.031541828066110611 -0.047557856887578964   0.72842192649841309, -0.26837840676307678   0.86985957622528076 -0.030528096482157707,0.051927566528320312   1.4686495065689087 0.018482699990272522,  0.27754062414169312 -0.029836785048246384    0.0397765152156353 -0.029836785048246384   0.20872646570205688  0.055132955312728882    0.0397765152156353  0.055132955312728882    0.1846792995929718,    1.3685153065150502    0.43408369362474275     2.8413500471664577   -0.39327080917495039  -0.096072453626305787   -0.15530281495923504 5.5771147700056645e-06,0.65072846412658691
IIWA_7,1715021084.997833,-0.15446269745277258   1.0817156742687941  0.51895462877350096  -1.7154299824354111  -1.5056207428036299  -1.1251535160679746  -1.2576936506038188,  1.1921469073325981 -0.19641520843995575  0.72362840088069202 -0.59955712941395201   1.9049844972012884   1.7613756180660238  -1.2305493199511821,  -3.4466562957763673    62.640692951202389   -17.839036769866944   -10.414835166931152  -0.48244544982910154    3.1459433212280272 -0.031372657775878908,-66.712135309847767 -9.7916911183159776 -52.423037380499601  16.787529551934892  7.9998455038368856 -3.8446721159732045  1.3560769493195148,0.51787042617797852 0.34320208430290222 0.21056418120861053, -0.68365824222564697  0.032455485314130783 -0.048377282917499542   0.72747349739074707, -0.27059316635131836   0.86135399341583252 -0.026441065594553947,0.051927566528320312   1.4686495065689087 0.018482699990272522,  0.27796483039855957 -0.029951497912406921   0.03906959667801857 -0.029951497912406921   0.20800857245922089   0.05589020624756813   0.03906959667801857   0.05589020624756813   0.18493388593196869,    1.3832582117609959    0.42792326105978162     2.8963847145551114    -0.3865642955647175   -0.10347781833797143   -0.16593754772831204 5.2955986262759325e-06,0.64594215154647827
IIWA_7,1715021085.0028338,-0.14839544384431741   1.0807532810660381  0.52253305846749243  -1.7176798408865135  -1.4955620472959021  -1.1177917265551243  -1.2631891367491483,  1.1964076702042852 -0.19562789486220622   0.7220399084642124 -0.56964004157525649   1.9263354180701411   1.7035720749668344  -1.2042589017741288, -2.1844058036804199   63.708027233123779  -16.164563694000243  -10.941299362182617 -0.59337268829345702   2.9964225692749022 -0.12482312774658202,-66.303242440318556 -9.3866649147797681 -52.247441356938388  16.441926360736357  7.8456520997655517 -3.6205622247265628  1.3504194824864757,0.51674753427505493 0.34741011261940002 0.21073755621910095, -0.68444406986236572  0.033338703215122223 -0.049158547073602676   0.72664177417755127, -0.27152132987976074   0.85366714000701904 -0.017721941694617271,0.051927566528320312   1.4686495065689087 0.018482699990272522,  0.27836593985557556 -0.030049810186028481  0.038378655910491943 -0.030049810186028481   0.20729179680347443  0.056620609015226364  0.038378655910491943  0.056620609015226364   0.18521381914615631,    1.3973947086283189    0.42098873485940658     2.9506009341062622   -0.37886051273972043   -0.11065706401058861   -0.17587161086396463 5.0166981679922173e-06,0.64137881994247437
IIWA_7,1715021085.0078335,-0.14324756009080894   1.0797124511304512  0.52501595011691171  -1.7191231609827367  -1.4851717243949967  -1.1109180544740929  -1.2685349399671684,   1.163041486303767 -0.19813551331323903  0.67694759274814131  -0.5134448371091318   1.9566812504923317   1.6378045432147237  -1.1772392501401043,  16.182078193664552   66.763506858825679 -0.91206840515136722  -23.599329795837402  -2.5381208610534669   1.7815664596557617  0.18456467819213868,-65.984113367129893 -8.8625532535050997 -52.251838726496494  16.019770591729365  7.6481156428560961 -3.3138085927123182  1.3340402137772951,0.51564645767211914 0.35162216424942017 0.21103473007678986, -0.68510717153549194  0.034237504005432129 -0.049883227795362473   0.72592538595199585,   -0.2712479829788208     0.8478095531463623 -0.0057253530248999596,0.051927566528320312   1.4686495065689087 0.018482699990272522,  0.27874723076820374 -0.030134055763483047   0.03769882395863533 -0.030134055763483047   0.20657123625278473  0.057328753173351288   0.03769882395863533  0.057328753173351288   0.18552172183990479,    1.4110868269670007    0.41321997564303103     3.0043651891231704   -0.37012337245379001   -0.11769562534258426   -0.18516358261688737 4.7363402089217743e-06,0.63784235715866089
IIWA_7,1715021085.0128326,-0.13833187079582882   1.0787786403121904  0.52700527159867938  -1.7208560798529184  -1.4746473698068492  -1.1049318742455529  -1.2736481294113073,  1.1270607608422187 -0.19586084338102433  0.62113093346921988 -0.48007262449457699   1.9863191839197649   1.5496908437133756  -1.1463189778776421,  44.338732940673829    67.03907805252075   17.241262207031248  -24.122272491455078  -3.5355856323242185   1.4037595596313477 -0.15052200698852539, -65.72877685193798 -8.2500739790136191 -52.460771772901658  15.532997869191547  7.4093997415754771 -2.9209756785511192  1.2939423533597272, 0.5145687460899353 0.35584196448326111  0.2114655077457428, -0.68556135892868042   0.03518977016210556 -0.050527807325124741   0.72540628910064697,  -0.2699228823184967   0.84359294176101685 0.0093089677393436432,0.051927566528320312   1.4686495065689087 0.018482699990272522,  0.27911466360092163 -0.030200347304344177  0.037021011114120483 -0.030200347304344177   0.20583650469779968  0.058011773973703384  0.037021011114120483  0.058011773973703384   0.18586297333240509,    1.4242851041332827    0.40476753246032615     3.0577527787949421   -0.36058593878340872   -0.12459491389638089    -0.1933035033054864 4.4434678159177565e-06,0.6353377103805542
IIWA_7,1715021085.0178316,-0.13269491077024342   1.0778651428356782    0.529564862287493  -1.7225192506756182  -1.4639974204530635  -1.0996809261817202  -1.2785686124712441,  1.1271270096971908 -0.19322857376530542   0.5992883743279207 -0.45058493250365095   2.0150533212872404   1.4497905975240106  -1.1138745046995839,  47.771946739196778   60.506024387359616   17.046699352264405  -20.679126224517823  -3.1218094253540039  0.30371402740478515 -0.23095616149902343,-61.939882669330849 -7.3128027089573386 -50.246821479115056  13.461920635909765  6.3196301164696278 -2.9208372756703209  1.3322583322254054,0.51434922218322754 0.35914111137390137 0.21178352832794189, -0.68610477447509766  0.036637075245380402 -0.051963161677122116   0.72471910715103149,-0.23274490237236023  0.80414527654647827 0.016887303441762924,0.051927566528320312   1.4686495065689087 0.018482699990272522,  0.27933058142662048 -0.030371624976396561   0.03651728481054306 -0.030371624976396561   0.20531155169010162  0.058569870889186859   0.03651728481054306  0.058569870889186859   0.18616959452629089,   1.4396925668371807   0.39663659406663498    3.1022210048172738  -0.35322913820312607  -0.13389829949073118  -0.20491717339421456 3.899099709769871e-06,0.60101723670959473
IIWA_7,1715021085.022835,-0.12654574515116751   1.0767685861733214  0.53223165197162858  -1.7238541733898216  -1.4532533231525033   -1.095206196394835  -1.2833433673017904,  1.1476682325207892 -0.19844512550651883  0.58610228682775989 -0.41386485457105815   2.0418065490521977    1.338821669494618  -1.0820897969815211,  33.311852443695066   56.832189888000485   0.9481637763977051  -18.148048362731934  -2.0213407897949218   2.3933332862854004 0.058072792053222654,-58.183257182615264 -6.7549334326061263 -47.805986372109871  11.866064793674379  5.3109975283538056 -2.9149785550574343  1.2627087308713341,0.51406729221343994 0.36213985085487366 0.21199610829353333, -0.68651765584945679  0.038370504975318909 -0.053199678659439087   0.72414851188659668,-0.20465041697025299  0.76063740253448486 0.018635602667927742,0.051927566528320312   1.4686495065689087 0.018482699990272522,  0.27954810857772827 -0.030490219593048096  0.036013789474964142 -0.030490219593048096   0.20485493540763855  0.059082917869091034  0.036013789474964142  0.059082917869091034   0.18639834225177765,   1.4517581738227037   0.38821819269418967    3.1418013989963356  -0.34577088405018941  -0.14293434776480041  -0.21581400167214326 3.356897870787634e-06,0.56590473651885986
IIWA_7,1715021085.0278351,-0.12047351811792571   1.0754784245003639  0.53404726203285924  -1.7249975883246869  -1.4423404879434591  -1.0910048866160749  -1.2879412350852255,  1.1610236673463032 -0.21036256732351424   0.5415062319114341 -0.37682848105145655   2.0699586476035252   1.2391097267460984  -1.0495865489226199,  21.552355846405028   58.192570610046388  -7.1134292602539064   -16.94193473815918  -1.7475441932678222    3.164967166900635 0.079432899475097657,-57.200172035266839 -6.0209957846889246 -47.582130719726187  11.089662203946309  4.7930078824070046 -2.3810755894339488   1.160417793319481,0.51340180635452271 0.36569079756736755 0.21258065104484558, -0.68651813268661499  0.039780985563993454 -0.053965095430612564   0.72401523590087891,-0.19788280129432678  0.74791032075881958 0.035056173801422119,0.051927566528320312   1.4686495065689087 0.018482699990272522, 0.27981230616569519 -0.03052678145468235 0.035448987036943436 -0.03052678145468235  0.20427629351615906  0.05960565060377121 0.035448987036943436  0.05960565060377121   0.1867021769285202,    1.4617287046787553    0.37795671206097836      3.184275161837391   -0.33532400944213947   -0.15022014603172096   -0.22243409066646791 2.9494344744307455e-06,0.55667442083358765
IIWA_7,1715021085.0328364,-0.11474751532089437   1.0741137807924945  0.53501552750496661  -1.7259722053771915  -1.4312329331565539    -1.08718018114715  -1.2923493325645927,   1.157859045758296 -0.22287580217358632   0.4719356044134424 -0.34044746694135242   2.1002691095590316   1.1442760001538741  -1.0159931383127845,   22.634476875305175    59.492460094451907    -2.780223960876465   -16.539603404998779   -1.4983980941772461    1.8700106544494628 -0.073759120941162104,-57.364909863345638  -4.907907151319808  -48.38452259724211   10.38951364574587  4.4141621348168361 -1.4994103430276531   1.098849240631139,0.51263189315795898 0.36951068043708801 0.21351516246795654, -0.68622022867202759  0.040877651423215866 -0.054604414850473404   0.72418862581253052,-0.1966768205165863 0.74863487482070923 0.06241946667432785,0.051927566528320312   1.4686495065689087 0.018482699990272522,  0.28006985783576965 -0.030523119494318962  0.034896533936262131 -0.030523119494318962   0.20365402102470398  0.060095790773630142  0.034896533936262131  0.060095790773630142   0.18706396222114563,    1.4704785182875213    0.36576777834529395     3.2263660155509299   -0.32233519358992879   -0.15641152703338435   -0.22614373210050331 2.5983117879491147e-06,0.55867111682891846
IIWA_7,1715021085.0378351,-0.10916789994229559   1.0727676527372441  0.53572780989900726  -1.7267556141924909  -1.4200056318532681  -1.0838043449094068  -1.2966099043436059,  1.1494718517505884 -0.23214576394888797  0.40603977929237961  -0.3036943261650567   2.1293073397786557   1.0504542496328266  -0.9832173818107548,  29.175596038818359   61.612341911315916   4.9741182327270508  -16.676941890716552  -2.6745789718627928   1.3777269287109375 -0.11647933578491211, -56.238621083677394  -3.9604786369707115  -47.906961950978022   9.3281936250426973   3.7784320353064738 -0.91115453392306067   1.0470488031074865,0.51211744546890259   0.372963547706604 0.21430987119674683, -0.68607610464096069  0.042164664715528488 -0.055458948016166687   0.72418642044067383,-0.18481239676475525   0.7347368597984314  0.07876279205083847,0.051927566528320312   1.4686495065689087 0.018482699990272522,  0.28027188777923584 -0.030535085126757622  0.034419175237417221 -0.030535085126757622   0.20315536856651306  0.060532446950674057  0.034419175237417221  0.060532446950674057   0.18736487627029419,    1.4782703186613233    0.35258555403139269     3.2628602704551923   -0.30885930450086363   -0.16318475264132104   -0.23150546807393368 2.2075541394883658e-06,0.54836833477020264
IIWA_7,1715021085.0428329,-0.10349300987599044   1.0714922914563436  0.53652500048857887  -1.7274631628172676  -1.4087223402130455  -1.0808549073341416  -1.3007490758195057,  1.1465730840526764 -0.23673106239512817  0.35671944701676839 -0.27125740592311465   2.1547775374318272  0.95834090271687034  -0.9521407644845965, 29.221300529479979  61.117658012390137  7.3053509902954099 -17.515939178466798 -1.7008843231201172 0.95619855880737303 0.25665504074096679, -53.566176444779131  -3.1886132316084854  -46.090241507334028   7.8580496529152475   2.8309740190135533 -0.61538792590527791  0.98386206626088768,0.51194030046463013 0.37591645121574402 0.21493181586265564,  -0.6860358715057373  0.043780513107776642 -0.056573349982500076   0.72404247522354126,-0.16087035834789276  0.70386099815368652 0.084977418184280396,0.051927566528320312   1.4686495065689087 0.018482699990272522,  0.28041115403175354 -0.030576080083847046  0.034022510051727295 -0.030576080083847046   0.20279507339000702  0.060908637940883636  0.034022510051727295  0.060908637940883636    0.1875968873500824,    1.4855114173988326    0.33920442753565538     3.2930283163956631   -0.29608911989509323   -0.17086786532427567    -0.2386444737636495 1.7633183801990526e-06,0.52363806962966919
IIWA_7,1715021085.0478334,-0.097811648456068156    1.0702408987820606   0.53729624534073961    -1.728117980900185   -1.3973236166848861   -1.0782448029988676   -1.3047521065959284,  1.1445129240390326 -0.23944055688742177  0.31622535169984411 -0.24319864805518537    2.179770971071838  0.87107689558445545 -0.92183384264458612, 24.923734157562254  57.544642242431642 0.71926630020141602 -15.460263767242431 -1.7792376899719238  1.2412224922180175 0.05840654373168945, -50.724346682566335  -2.4146516669015337    -44.2082235263724    6.317903833529769   1.8374800166959546 -0.33167727455941787  0.91233044352497938,0.51191508769989014 0.37868466973304749 0.21557962894439697, -0.68589967489242554  0.045522961765527725 -0.057768400758504868   0.72396969795227051,-0.13505549728870392  0.67193478345870972 0.091123104095458984,0.051927566528320312   1.4686495065689087 0.018482699990272522,  0.28051865100860596 -0.030624624341726303  0.033663038164377213 -0.030624624341726303   0.20247967541217804  0.061247233301401138  0.033663038164377213  0.061247233301401138   0.18782167136669159,   1.4925027558669868   0.32559201331405774    3.3203479033554473  -0.28349506299463201  -0.17876894365453921  -0.24553462870535725 1.314742092972665e-06,0.49822008609771729
IIWA_7,1715021085.0528345,-0.092304537545255708    1.0688900369575465   0.53760819469201626   -1.7286355196744541   -1.3858736005480048   -1.0757534624287055   -1.3086306212201908,  1.1358947756637241 -0.24558691849050385  0.26545825541094142 -0.21526046941491139   2.2018174223327245  0.79651513927404816 -0.89260765908616346,  19.660996482849121   53.651695037841797  -3.1059626770019531  -14.836958332061768  -2.0275034141540527   1.6377194862365723 -0.27868265151977539,  -47.03128368195194 -0.97969919003353823  -42.046437698372657   4.0097753172998409   0.2965066212156573  0.49235698529047722  0.69916265966739632,0.51173508167266846 0.38433197140693665 0.21713325381278992, -0.68516790866851807  0.049050774425268173 -0.059846062213182449   0.72426337003707886,-0.10188788920640945  0.63000583648681641  0.10976541787385941,0.051927566528320312   1.4686495065689087 0.018482699990272522,  0.28073430061340332 -0.030660940334200859  0.032931748777627945 -0.030660940334200859   0.20181503891944885  0.061881814152002335  0.032931748777627945  0.061881814152002335   0.18830999732017517,    1.5041135361757441    0.29682706817890647     3.3731450404470564   -0.25654621371984376   -0.19360011478308792   -0.25551948991342499 4.9731951889953052e-07,0.46705636382102966
IIWA_7,1715021085.057831,-0.087083789677051895    1.0673648046325366   0.53743286546034563   -1.7290152997199464   -1.3743369145020619   -1.0734101269790266   -1.3123871963436842,  1.1175457352591318  -0.2574788277927989  0.20535343506192799 -0.18739957735162227   2.2229213797038971   0.7309455294063949 -0.86434913220866549,  20.502496810913087   54.556375102996824  -2.5469246101379395  -13.727685947418212 -0.43050333023071291   1.6640858688354492 0.087442939758300781,  -47.03128368195194 -0.97969919003354533   -42.04643769837265   4.0097753172998498  0.29650662121565996  0.49235698529047545  0.69916265966739632,0.51173508167266846 0.38433197140693665 0.21713325381278992, -0.68516790866851807  0.049050774425268173 -0.059846062213182449   0.72426337003707886,-0.10188788920640945  0.63000583648681641  0.10976541787385941,0.051927566528320312   1.4686495065689087 0.018482699990272522,  0.28073430061340332 -0.030660940334200859  0.032931748777627945 -0.030660940334200859   0.20181503891944885  0.061881814152002335  0.032931748777627945  0.061881814152002335   0.18830999732017517,    1.5041135361757441    0.29682706817890647     3.3731450404470564   -0.25654621371984376   -0.19360011478308792   -0.25551948991342499 4.9731951889953052e-07,0.46705636382102966
IIWA_7,1715021085.0628181,-0.082055029226481321      1.06582638961752   0.53697740499324365   -1.7293967575722655   -1.3628487407553427   -1.0710426433719831    -1.316081872928923,  1.0951870062301285 -0.26751966283490369  0.14606432936546293 -0.16517797597406317   2.2378640536318848  0.67945576780685712 -0.83926636917648478,  23.980070850372314   52.769867218017581 0.013205623626708985  -10.869108619689941  -2.1930138969421384   1.5699678955078125  0.13650443649291993, -44.700519876986263 -0.37039948037632708  -40.486296449231546   2.7566696667450405 -0.55755365948500923  0.75567220262336088  0.59580337229939673,0.51184910535812378  0.3868788480758667 0.21785816550254822,-0.68483126163482666 0.050987433642148972 -0.06102650985121727   0.7243494987487793,-0.081309355795383453   0.60420143604278564   0.11435852944850922,0.051927566528320312   1.4686495065689087 0.018482699990272522,  0.28079640865325928 -0.030698381364345551  0.032622199505567551 -0.030698381364345551   0.20156261324882507  0.062160585075616837  0.032622199505567551  0.062160585075616837   0.18852618336677551,    1.5097204564540334    0.28213453628289642     3.3956656053666379   -0.24327680239100147   -0.20141782846394563   -0.26119715400252375 1.2260681359066439e-07,0.44753563404083252
IIWA_7,1715021085.0678635,-0.077085950091516545    1.0641595038615073   0.53643224267473699   -1.7296289519217107   -1.3515104176620742   -1.0686804927275522   -1.3197131530470771,  1.0749127703826939 -0.28069116050843113 0.095044970752104219 -0.14143015475705908   2.2438241666362453  0.63805064002272194 -0.81666430006735458, 27.053025722503662  53.925921981811527  2.7837454605102541 -12.056734371185302 -1.1753005027770995 0.92515965270996092 0.10813554382324218,-41.562925172810985 0.26184104925794094  -38.29285103053256  1.2196911805370261 -1.5910177180810221 0.90147339667699744  0.5140564733559283,0.51223450899124146 0.38909044861793518 0.21853736042976379, -0.68456929922103882  0.053087882697582245 -0.062458012253046036   0.72432422637939453,-0.053416769951581955   0.57026028633117676   0.11639954149723053,0.051927566528320312   1.4686495065689087 0.018482699990272522,  0.28080302476882935 -0.030776131898164749  0.032383352518081665 -0.030776131898164749   0.20140030980110168  0.062401484698057175  0.032383352518081665  0.062401484698057175   0.18871313333511353,     1.5159867834064755     0.26767521977699715      3.4143486350588503    -0.23091942218211869    -0.20987561572116675    -0.26814263027485907 -2.1388224524798716e-07,0.42178863286972046
IIWA_7,1715021085.0728347,-0.072097456568451054    1.0625185038472125   0.53585783878269311   -1.7298748083812914   -1.3402934706991088   -1.0663770048900254   -1.3232833134801558,  1.0594699572287749 -0.29019292897853655 0.053059820919928002 -0.12297838218887287   2.2437372118276162  0.60258002551924805 -0.79613785737703058,  28.390554199218752   57.875327674865723   2.8805867004394532  -11.459840183258056 -0.64707555770874026   1.1267456665039062 -0.14351322174072265,-38.335846462374015  0.6853656570609753 -35.880873228963146 -0.1778241315200767 -2.5849451632121094 0.90793989717326817 0.43001186988896833,0.51272237300872803 0.39109790325164795 0.21909905970096588, -0.68440830707550049   0.05530182272195816 -0.063971161842346191   0.72417867183685303,-0.026607111096382141   0.53496015071868896   0.11345567554235458,0.051927566528320312   1.4686495065689087 0.018482699990272522, 0.28078633546829224 -0.03086748905479908 0.032171670347452164 -0.03086748905479908  0.20129171013832092 0.062631689012050629 0.032171670347452164 0.062631689012050629  0.18887072801589966,     1.5221332924770792     0.25344568566065817      3.4309804799841359    -0.21906161644213995    -0.21858344964265086    -0.27602831999029576 -4.7363535315980698e-07,0.39517581462860107
IIWA_7,1715021085.0778325,-0.067080320774280305    1.0609927922111566   0.53520703539338788   -1.7301453521958923   -1.3292773793680557   -1.0639992746731095   -1.3268203976331643,    1.04826139754985 -0.29318280862506363 0.016415721163733112 -0.10920445833513426   2.2356334227042165  0.57717322909203439 -0.77839365202196298,   26.867519260406493    55.026862506866458    1.1841042518615723    -11.92203701019287   -2.2026980209350584    1.1861534652709962 -0.039382698059082032,-35.456570160092738  1.2003765296347233 -33.762463471335018 -1.5338860160470851 -3.4918598223537876 0.95662949939947683  0.3831394147729712, 0.5132911205291748  0.3930361270904541 0.21970590949058533, -0.68427789211273193  0.057435370981693268 -0.065580345690250397   0.72399187088012695,-0.0017073001945391297    0.50403475761413574    0.11316128820180893,0.051927566528320312   1.4686495065689087 0.018482699990272522,  0.28074327111244202 -0.030976902693510056  0.031994238495826721 -0.030976902693510056   0.20120362937450409  0.062849238514900208  0.031994238495826721  0.062849238514900208   0.18903854489326477,     1.5288741337844414      0.2391514127850769      3.4467184773587789    -0.20717929256441892     -0.2272325806007558    -0.28406613349574172 -6.5112626401742091e-07,0.37290301918983459
IIWA_7,1715021085.0828326,-0.062109683714791961    1.0594211809246843   0.53437580957440545   -1.7305286077373407   -1.3186339495171577   -1.0616199267541433   -1.3303366291376857,   1.0374346004194139  -0.29741069835894363 -0.020116455828310648  -0.10269378832604614    2.2142439321992908    0.5569125000322761  -0.76336418179842669,  23.774400642395019    54.01867521286011 -0.17871610641479491  -11.193086585998534 -0.32221721649169921   1.9227434196472168  0.22795239639282228,-33.201851767246445  1.5782208251672556 -32.021649957426675 -2.5641682319493007 -4.2205814497850378  1.0126676716882659 0.32398186674502749,0.51380747556686401 0.39497086405754089 0.22028577327728271, -0.68415659666061401  0.059539023786783218 -0.067120864987373352   0.72379529476165771,0.016262730583548546  0.47917121648788452  0.11196577548980713,0.051927566528320312   1.4686495065689087 0.018482699990272522,  0.28070166707038879 -0.031074117869138718  0.031814701855182648 -0.031074117869138718   0.20111918449401855  0.063067026436328888  0.031814701855182648  0.063067026436328888   0.18920102715492249,     1.5349671236606355      0.2246516783941388      3.4620094067241425    -0.19493205364007338    -0.23557473617685787    -0.29182336539790299 -7.5053829817761653e-07,0.35544866323471069
IIWA_7,1715021085.0878336,-0.057284714889001255    1.0578460343647287   0.53333270263864319   -1.7309552461644244   -1.3082582952359509   -1.0591227738012399   -1.3338146908368811,   1.0229464333671594  -0.30093442108537927 -0.057817442093138972 -0.099220567744184154    2.1864213170077047    0.5454161181419579  -0.74981381340655739,  20.912492977142335   53.589859550476078 -0.18223760604858399  -8.9208389472961418 -0.42522108078002929   1.1654608612060546 0.057071537017822263,-31.445145278131072  1.6871784179905971 -30.463756683721279 -3.2300331775331608 -4.7698036950597578 0.97801266939771758 0.25203245908587574,0.51425361633300781 0.39689463376998901 0.22074140608310699, -0.68411719799041748  0.061620429158210754 -0.068570718169212341   0.72352242469787598,0.027955180034041405  0.45885178446769714   0.1061091274023056,0.051927566528320312   1.4686495065689087 0.018482699990272522,   0.2806679904460907 -0.031154515221714973  0.031624909490346909 -0.031154515221714973   0.20104429125785828  0.063293531537055969  0.031624909490346909  0.063293531537055969   0.18934555351734161,      1.540090740616229     0.20993307231620406      3.4769123341309438    -0.18224489949325573    -0.24360415020474591    -0.29971213119406315 -7.6498629653087846e-07,0.34064248204231262
IIWA_7,1715021085.0928321,-0.05267851817620952   1.0562238496542689  0.53212457285860948  -1.7313247797091276  -1.2982091871708703  -1.0566392229627788  -1.3372787311062815,   1.0026050152053969  -0.30563492528669656 -0.094579144875859444 -0.094157795983473291    2.1511013762093896   0.53567492805200945  -0.73841266150126161,  18.832938652038575     51.8571216545105 -0.19104135513305665  -9.4085666465759275  -1.4094802284240722   1.1317519416809081 -0.12181936264038086,-29.948050614092423  1.6584005211776756 -28.941617736312789 -3.6394798923123379 -5.1790567650580499 0.89784910724357214 0.19463064427197246,0.51462078094482422 0.39873838424682617 0.22110013663768768, -0.68419373035430908  0.063583001494407654 -0.069972522556781769   0.72314590215682983,0.034351084381341934  0.43942403793334961  0.09767720103263855,0.051927566528320312   1.4686495065689087 0.018482699990272522,  0.28063508868217468 -0.031219920143485069  0.031443364918231964 -0.031219920143485069   0.20099653303623199  0.063518516719341278  0.031443364918231964  0.063518516719341278   0.18945856392383575,     1.5440624267704095     0.19516014421139261      3.4903612546255403    -0.16924502238424566    -0.25115201962666589    -0.30781388778411412 -6.9544903169571626e-07,0.32598400115966797
IIWA_7,1715021085.0978336,-0.048328783743447408    1.0545563645958242   0.53076622095361048   -1.7318191289481242   -1.2886242040417968   -1.0541290670887817   -1.3407602083057399,  0.97607338947480204  -0.31120734256714155  -0.12999739210064756 -0.095100206346642846    2.1042804261304529   0.52894617740148986  -0.72998921717934773,   17.026267021179198    54.335918148040768    0.4604360771179199   -7.8027628135681155  -0.16815160751342773   0.97021612930297851 -0.098790496826171872,-28.316233896833623  1.4896800269286008  -27.20768133130219 -3.9665163912997961 -5.5674384315564609 0.70722305318134415 0.14540192802637464,0.51500993967056274 0.40043556690216064 0.22132530808448792,-0.68441122770309448 0.065537281334400177  -0.0713992640376091   0.7226259708404541,0.040567923337221146  0.41803118586540222 0.085711196064949036,0.051927566528320312   1.4686495065689087 0.018482699990272522,  0.28059056401252747 -0.031289104372262955  0.031279616057872772 -0.031289104372262955    0.2009892463684082  0.063742205500602722  0.031279616057872772  0.063742205500602722   0.18954172730445862,     1.5476026496026307     0.18063594789463622      3.5023326643761621    -0.15648498091280771    -0.25860542217426286    -0.31673348664629231 -5.3670223820745377e-07,0.30951938033103943
IIWA_7,1715021085.1028337,-0.044276018500992151    1.0529244128047042    0.5293043852047683   -1.7323052091443738   -1.2794139916232798   -1.0516606762892864   -1.3442520518882908,  0.94296932127805189  -0.31424394569851644  -0.16247134363420515 -0.095523372927299385    2.0518328376450397   0.52189257390100574  -0.72366511704551162,   15.84467151260376   52.686523735046386 -0.34862846374511719  -7.5650615882873531  0.13293661117553709   1.0069288139343262  0.11447682571411133,-26.454620909117384  1.3878790383485775 -25.352044230619885 -4.3939655946224798 -5.9829195030462792 0.50113857671804407 0.13109126745570329,0.51547622680664062 0.40196600556373596 0.22150689363479614, -0.68470215797424316  0.067416675388813019 -0.072925731539726257   0.72202479839324951,0.048872556537389755  0.39429906010627747 0.074597127735614777,0.051927566528320312   1.4686495065689087 0.018482699990272522,   0.2805238664150238 -0.031373154371976852  0.031149700284004211 -0.031373154371976852   0.20101918280124664  0.063951738178730011  0.031149700284004211  0.063951738178730011    0.1896110326051712,     1.5513068315113898     0.16658852341056019       3.512631903286767    -0.14429645607627606    -0.26595779265559116    -0.32606133550050487 -2.9974245308039826e-07,0.2918936014175415
IIWA_7,1715021085.107832,-0.040513211570321568    1.0512251096304142   0.52766895791769208   -1.7328260435366032   -1.2706393339735798   -1.0492276389882027   -1.3477604936611109,  0.90488773424926494  -0.31936728353041366  -0.19539416639041288 -0.097252074031014935    1.9924525761040355   0.51483555116415203   -0.7192697645492161,   17.717211380004883    51.970038631439209   -1.9016098022460937   -7.7640263175964357   -1.0951863861083984    1.3466880226135254 -0.039048946380615235,-24.523017787332144  1.2169942883224609 -23.389490863024392 -4.7150202572477049 -6.3403594959229101 0.24440244955074913 0.14089866574925883,0.51592588424682617 0.40332332253456116 0.22159351408481598, -0.68511253595352173  0.069189749658107758 -0.074478365480899811   0.72130894660949707,0.055111698806285858  0.36840352416038513 0.062058031558990479,0.051927566528320312   1.4686495065689087 0.018482699990272522,  0.28044867515563965 -0.031457085162401199  0.031039616093039513 -0.031457085162401199   0.20108446478843689  0.064155124127864838  0.031039616093039513  0.064155124127864838   0.18964903056621552,    1.5544569146053178    0.15319137288472007     3.5212966911757348   -0.13266799947775354   -0.27298786134366537   -0.33584438190725763 1.1180389947185176e-08,0.27264696359634399
IIWA_7,1715021085.1128328,-0.036938137489983244    1.0494763715322244   0.52582021147161551   -1.7334096753116515   -1.2623500852010492     -1.04676458115132   -1.3512799010103724, 0.86691315061294505 -0.32544335075192138 -0.23026519095539338 -0.10114693022674302   1.9255320117844512   0.5103907544066304 -0.71619210560983226,  19.859945442199706   54.221656921386717  -1.6005215835571289  -8.7474050903320304 -0.29492559432983401   1.5589540901184082 -0.15285826873779296,   -22.39252430555484    1.0516735836266931   -21.330333920739911   -5.0795118771250021   -6.7140150092884552 -0.040822618189332915   0.17208109104138125,0.51643341779708862 0.40449890494346619  0.2216142863035202, -0.68557703495025635  0.070906832814216614 -0.076101444661617279   0.72053104639053345,0.062674403190612793  0.34044560790061951 0.049541942775249481,0.051927566528320312   1.4686495065689087 0.018482699990272522,  0.28035843372344971 -0.031550683081150055  0.030953887850046158 -0.031550683081150055   0.20118127763271332  0.064346276223659515  0.030953887850046158  0.064346276223659515   0.18966999650001526,    1.5575934871154828    0.14059147168055119     3.5284578684180445   -0.12193383373926281   -0.27988441355386584   -0.34587185588819125 3.8888270381676193e-07,0.25243866443634033
IIWA_7,1715021085.1178336,-0.03342897675059419   1.0477544181294005   0.5238162692576207  -1.7341384360136587   -1.254542027193952  -1.0443500593937722  -1.3548192021678633, 0.83389695006591835 -0.32923281671449245 -0.26436984132410679 -0.11006797226168342   1.8527479297114475  0.50489347382721439 -0.71452573078750203,   21.483799110412598    53.814349254608153   -1.8778396797180175   -8.3741261291503903      0.11268798828125    1.5148988685607909 -0.049395248413085936, -20.078987714681066  0.93106241792053335  -19.149823032208701  -5.4879300050223661  -7.0976988734910815 -0.33765571738528671  0.23519643781214741,0.51699292659759521  0.4054737389087677  0.2215813547372818, -0.68612819910049438   0.07251516729593277 -0.077818818390369415   0.71966230869293213,0.071068473160266876  0.31007415056228638 0.037576556205749512,0.051927566528320312   1.4686495065689087 0.018482699990272522,  0.28024968504905701 -0.031655587255954742  0.030901886522769928 -0.031655587255954742   0.20131887495517731  0.064522042870521545  0.030901886522769928  0.064522042870521545   0.18966667354106903,    1.5606509145635883    0.12877262207844353     3.5336784185444614   -0.11203277141191847   -0.28656798503146064   -0.35628353554173486 8.3257045702112009e-07,0.23119452595710754
IIWA_7,1715021085.122833,-0.029895188324628719     1.045998429606249    0.5216561127670063   -1.7349592955586319   -1.2472376900585362   -1.0420414782491558   -1.3583780375957579, 0.80846909709135351 -0.33362579429765432 -0.29790213268386168 -0.12088875960827636   1.7743718291857895  0.49625802484642778 -0.71397400174578529,  19.624701740264893   53.503827568054199  -1.1427266311645508  -8.0994491577148438 -0.50797632217407229   1.9380959968566895   0.1071342887878418, -17.813063791695054  0.75817401742146395  -16.914184872704311  -5.8052139651160664  -7.4294487914047549 -0.67533231457620557  0.32216873840817639, 0.5175517201423645 0.40628883242607117 0.22144918143749237, -0.68681222200393677   0.07398194819688797 -0.079579129815101624   0.71866738796234131,0.077988311648368835  0.27939805388450623 0.024227529764175415,0.051927566528320312   1.4686495065689087 0.018482699990272522,  0.28013145923614502 -0.031761575490236282  0.030875047668814659 -0.031761575490236282   0.20149649679660797  0.064689002931118011  0.030875047668814659  0.064689002931118011   0.18962995707988739,    1.5631316124498085    0.11744905017874174      3.537036977220076   -0.10252697798129873   -0.29289203154814203   -0.36718230383758765 1.3293979250761367e-06,0.21004079282283783
IIWA_7,1715021085.1278317,-0.026368949974841217    1.0441989983108522   0.51936634681714178   -1.7358928666122868   -1.2404949815504551   -1.0398639446060101   -1.3619390901372181, 0.78782481166458296 -0.33887788725399692 -0.32991234414167014 -0.13405384983281632   1.6892058036718764  0.48410776560297297 -0.71362130305503702,   16.475124633789061    52.709375980377196    -2.164841899871826   -8.4744888687133795  -0.31165271759033203    1.4167758750915527 0.0013350067138671875,-15.970583855104438 0.45301999304648977 -14.860209340018207 -5.8496103929253902 -7.6212240625766245 -1.0285976327047752  0.4096498672435096,0.51800024509429932 0.40702870488166809 0.22120030224323273, -0.68760120868682861   0.07528579980134964 -0.081266090273857117   0.71758794784545898, 0.079306162893772125   0.25184646248817444 0.0089970752596855164,0.051927566528320312   1.4686495065689087 0.018482699990272522,  0.28002458810806274 -0.031844642013311386  0.030848842114210129 -0.031844642013311386    0.2016962468624115  0.064853943884372711  0.030848842114210129  0.064853943884372711   0.18955433368682861,    1.5641303494717818    0.10628438869986212     3.5389017553457691  -0.092891990266075197   -0.29861113073081924   -0.37806616950852856 1.8408643498446509e-06,0.1905800849199295
IIWA_7,1715021085.132834,-0.02290449028100501   1.0423394659481644  0.51689651797542602  -1.7369564666587105  -1.2343099710137002  -1.0379064412400878  -1.3654734177608394, 0.76883823708511478 -0.34548360431070818 -0.36272302898196651  -0.1497870817232009   1.5987650644076976  0.46558634711926894 -0.71227014738888039,  12.250147747039795   52.718785728454591   -2.770539836883545   -8.265840015411376 -0.30108821868896485   1.4695086402893067 -0.15118951034545899,-14.634012223365572 0.14424878146250741  -13.10432337500162 -5.7060547420723458 -7.6765212827652665 -1.3318630493552248 0.51206230336686265,0.51832759380340576 0.40774056315422058  0.2208905965089798, -0.68847310543060303  0.076347656548023224 -0.082889072597026825   0.71645325422286987,  0.075685814023017883     0.2287125438451767 -0.0054587074555456638,0.051927566528320312   1.4686495065689087 0.018482699990272522,  0.27992898225784302 -0.031904164701700211  0.030827775597572327 -0.031904164701700211   0.20191165804862976  0.065012291073799133  0.030827775597572327  0.065012291073799133    0.1894475519657135,    1.5637238861501146   0.094998932400613967     3.5392861537832943  -0.082798901289926619   -0.30362147087181768   -0.38866396403047787 2.3365229750993421e-06,0.1737787127494812
IIWA_7,1715021085.1378357,-0.019573474971117784    1.0404230086901751   0.51422978817790022   -1.7381284039823779   -1.2286924375280706   -1.0362472253334729   -1.3689814999958339, 0.74831120206358093 -0.35304517376813771 -0.39684761508660532 -0.16670715832525601   1.5037133909513445  0.43883771396001059 -0.71013940731088177,  9.4070595779418937   53.627498542785645  -3.0434560585021972  -7.9524265480041505 -0.41377620697021483   1.4871974792480469 0.061744060516357419, -13.715353848962502 -0.14988531387877468  -11.613177845574896  -5.4059552682358936  -7.6087293495658015  -1.5829391907090515   0.6301517441141361,0.51852232217788696 0.40842044353485107 0.22053393721580505,  -0.6894184947013855  0.077149800956249237 -0.084436282515525818   0.71527653932571411, 0.067658886313438416   0.20895649492740631 -0.018744764849543571,0.051927566528320312   1.4686495065689087 0.018482699990272522,  0.27984640002250671 -0.031939424574375153  0.030811505392193794 -0.031939424574375153   0.20213945209980011  0.065162420272827148  0.030811505392193794  0.065162420272827148   0.18931008875370026,    1.5619353878131292   0.083705219176444245     3.5382153353502588  -0.072358953436157947   -0.30788912040069505   -0.39887640335134478 2.7927100632041402e-06,0.15891875326633453
IIWA_7,1715021085.1428356,-0.01640448642967483   1.0384764110140838  0.51142122518045896  -1.7393858488040082  -1.2236413263910988  -1.0349181148929281  -1.3724300206884423, 0.72540850330858297 -0.36030004605816174  -0.4298206119669345 -0.18366351952541524   1.4050151582399462  0.40423458878980228 -0.70605235355304463, 7.4296682319641114  54.489162616729736  -4.524246654510498 -8.0721575355529787 0.24914609909057617   1.710477352142334 0.22561613464355468, -12.981631858790296 -0.40828820307800368  -10.238417792592649  -5.0270639821837859  -7.4776886282607231  -1.7845777927003128  0.75931388422360224,0.51860851049423218 0.40902206301689148 0.22013756632804871, -0.69041907787322998  0.077716104686260223 -0.085924550890922546   0.71407186985015869, 0.057111125439405441   0.19004206359386444 -0.030797023326158524,0.051927566528320312   1.4686495065689087 0.018482699990272522,  0.27977338433265686 -0.031952742487192154  0.030806776136159897 -0.031952742487192154   0.20238864421844482  0.065296635031700134  0.030806776136159897  0.065296635031700134   0.18913573026657104,    1.5587494138147306   0.072568415017570942     3.5351005894348475   -0.06185366753808097   -0.31146774944090794   -0.40865687058477818 3.1995943672313842e-06,0.14472281932830811
IIWA_7,1715021085.1478615,-0.013421852473870453     1.036506204487367   0.50845992318418787   -1.7407410248642672   -1.2191202055999792   -1.0339191698050627   -1.3757945319210014, 0.69963216087904145 -0.36704829791520405 -0.46230856942439136 -0.20113785803069353   1.3048569582367389  0.36334547454645605 -0.69942233214479965,  7.1352775421142578   53.999855716705319  -5.8985118865966797  -8.6972237205505376 -0.22097410202026366   1.5736391639709473 0.064080322265625003,-12.231245738634822 -0.5917940683633558 -8.8766617895098179 -4.6628213960706901 -7.3347029760994786 -1.9362790101260319 0.90421957028586708,0.51862472295761108 0.40950298309326172 0.21971774101257324, -0.69144755601882935  0.078057646751403809 -0.087390154600143433   0.71286064386367798, 0.046109139919281006   0.17010331153869629 -0.041203022003173828,0.051927566528320312   1.4686495065689087 0.018482699990272522,  0.27970513701438904 -0.031949419528245926  0.030820963904261589 -0.031949419528245926   0.20266442000865936   0.06540708988904953  0.030820963904261589   0.06540708988904953   0.18892447650432587,   1.5543558955304349  0.061820805954404534    3.5295697972088647 -0.051643922492239369  -0.31443235272021752  -0.41791397813639719 3.553211058715533e-06,0.13038961589336395
IIWA_7,1715021085.1528382,-0.010578894818275463    1.0344797319271415   0.50532976352802939   -1.7421891387254469   -1.2151435523117911   -1.0332870618372896   -1.3790627498480696, 0.67342403492703284 -0.37469754074118239 -0.49505324178585242 -0.21883484087174332   1.2029516981169188  0.31596069834809015 -0.69026658279856845,   8.2012675743103021    54.405819133758548   -7.8177291870117189   -8.5220291137695305 -0.073071117401123042    2.3966708030700685 -0.068085342407226565, -11.469724704811915 -0.68968497426190911  -7.5711690078275771  -4.3326175432223453  -7.1866489464408954  -2.0311133964718326   1.0595778302531085,0.51857912540435791 0.40986895561218262 0.21929489076137543, -0.69247138500213623  0.078191064298152924 -0.088821791112422943    0.7116742730140686, 0.035051800310611725    0.1495886892080307 -0.049493368715047836,0.051927566528320312   1.4686495065689087 0.018482699990272522,  0.27964228391647339 -0.031930766999721527  0.030852174386382103 -0.031930766999721527    0.2029595673084259  0.065492257475852966  0.030852174386382103  0.065492257475852966   0.18868325650691986,    1.5489404321051836   0.051575995569486111     3.5218729359884904  -0.041883717848634205   -0.31681691856100258   -0.42647413058904959 3.8466136942361118e-06,0.11623775959014893
IIWA_7,1715021085.1578355,-0.0078114375972109474      1.032422759629154    0.50202097891315711    -1.7436984919358394    -1.2116760845211725    -1.0329114762543221    -1.3822271245025519, 0.64943751678420691 -0.38203692451244647 -0.52839397802357291 -0.23544200111309355    1.101060070118278  0.26779198199717069 -0.67878825241814567,   9.5616482963562017     55.27823720550537   -8.0140527915954589    -8.666410598754883 -0.058985118865966794    1.9948337821960449  0.059407798767089841,  -10.62957971881057 -0.73234115447248693  -6.2578281157594375  -4.0393693798164811  -7.0537413453444335  -2.0911832875901375    1.217318134039052,0.51848584413528442 0.41010200977325439 0.21886128187179565, -0.69348853826522827  0.078156642615795135 -0.090219601988792419   0.71051084995269775, 0.024508029222488403   0.12788410484790802 -0.056418128311634064,0.051927566528320312   1.4686495065689087 0.018482699990272522,  0.27958366274833679 -0.031898580491542816  0.030900876969099045 -0.031898580491542816   0.20327708125114441  0.065551348030567169  0.030900876969099045  0.065551348030567169   0.18841002881526947,    1.5425548352085983   0.041924150421479567     3.5119410943460494  -0.032725488987139784   -0.31869767005598959   -0.43441157414481069 4.0828771474821224e-06,0.10214559733867645
IIWA_7,1715021085.162832,-0.0050621964866325751     1.0303638697597342    0.49860223910082463     -1.745276394916099    -1.2087057224553044    -1.0328852907523052    -1.3852357641914601, 0.62951965785050046 -0.38798513438675009 -0.55946477491215774 -0.25146972010085944  0.99966253872934618  0.21528100567841416 -0.66337618949084409,  10.388361877441406   56.350948486328122   -7.761385192871094  -9.1647027969360355 -0.22713672637939453   2.5872430114746092 -0.03537767791748047,-9.8117496718863535 -0.6936771165725073 -5.0010542066330643 -3.7742310804247068 -6.9174234292054351 -2.0942188799061485  1.3809131782922215,0.51833218336105347 0.41022145748138428 0.21843773126602173, -0.69449138641357422   0.07792210578918457 -0.091577872633934021   0.70938241481781006, 0.013851405121386051   0.10600777715444565 -0.061408504843711853,0.051927566528320312   1.4686495065689087 0.018482699990272522,  0.27953043580055237 -0.031850781291723251  0.030968300998210907 -0.031850781291723251   0.20361502468585968  0.065581738948822021  0.030968300998210907  0.065581738948822021   0.18810541927814484,    1.5351400012200145   0.032730467672159591     3.4997012059356791  -0.024014927337390191   -0.32001532370085073   -0.44160397227077652 4.2506504982497972e-06,0.088703036308288574
IIWA_7,1715021085.1678321,-0.0022977354504783425     1.0283300868879366    0.49514736682781885    -1.7469451382478511    -1.2062477099944069    -1.0330425836424026    -1.3880606257279551, 0.61419416772656976  -0.3917394223813026 -0.58576671084995757 -0.26792550935077375   0.8980505294193768  0.16593308893883249 -0.64369541305247413,   9.0185714073181149    56.767665901184081   -6.8977374076843256   -9.4085666465759275  -0.14174036026000977    2.0492353057861328 -0.091781711578369146, -9.0861382380299318 -0.64271112938009645   -3.797136190709089  -3.4970532578269173  -6.7636386113120954  -2.0845362309004738   1.5471090694868632,0.51811832189559937 0.41025498509407043 0.21799308061599731, -0.69551378488540649   0.07750304788351059 -0.092886410653591156    0.7082555890083313,0.0030745323747396469  0.085086695849895477 -0.066107869148254395,0.051927566528320312   1.4686495065689087 0.018482699990272522,  0.27948367595672607 -0.031788002699613571  0.031050609424710274 -0.031788002699613571   0.20397263765335083  0.065589733421802521  0.031050609424710274  0.065589733421802521   0.18777041137218475,    1.5267510289760367   0.023808438426087264     3.4854934913441937  -0.015542003352742029   -0.32082011738943095   -0.44830764881620411 4.3457104581534622e-06,0.077515430748462677
IIWA_7,1715021085.172832,0.00044054008365898421     1.0263118834795406    0.49173018494000992    -1.7486844089165965    -1.2042847898464346    -1.0334160721031906    -1.3906704304120132, 0.60088635554674885 -0.39411967424088129 -0.60530064419232321 -0.28391123423043307  0.79695722945439273  0.11780693271954615 -0.61934851780430478,    7.7697634124755863     56.181573020935062    -7.3176762390136716    -8.5942198562622067   -0.28524147033691405      2.354284339904785 0.00066750335693359375, -8.6557256591758112 -0.56779672792691649  -2.8279943683470981  -3.1550271218700776  -6.5547286780485923  -2.0150836842016751   1.7020927482995531,0.51779824495315552 0.41025784611701965 0.21755750477313995, -0.69650501012802124  0.076895073056221008 -0.094078138470649719   0.70718967914581299,-0.0096692033112049103   0.067153275012969971  -0.069403968751430511,0.051927566528320312   1.4686495065689087 0.018482699990272522,  0.27945247292518616 -0.031700413674116135  0.031136913225054741 -0.031700413674116135   0.20433427393436432  0.065575413405895233  0.031136913225054741  0.065575413405895233   0.18741096556186676,    1.5171618433935663   0.014993892365033901     3.4696493125743189 -0.0070885428797851091   -0.32100715873983887   -0.45407448971168662 4.3555017370522364e-06,0.069759577512741089
IIWA_7,1715021085.1778357,0.0031254258868947263     1.024289245844014   0.48834739771035462    -1.750425836594131   -1.2028214681024507   -1.0339457148449056   -1.3930539130159774, 0.58810451656682883 -0.39620124481376784 -0.61955200454007031 -0.29678609448572613  0.69609865332286991 0.073059836507038359 -0.59081811840200982, 5.5571283645629883  55.553808399200442 -8.5105842399597158 -8.5299524879455557 0.38296308517456051  2.2811927223205566  0.1815609130859375, -8.6283777242577901 -0.55748267257510542  -2.1306804568141136   -2.662633846790865  -6.2504946780312425  -1.9344363035502719   1.8403466464072089, 0.5173346996307373 0.41027417778968811 0.21709977090358734, -0.69750607013702393  0.076111070811748505 -0.095098979771137238   0.70615053176879883,-0.025527115911245346  0.053356897085905075 -0.072874687612056732,0.051927566528320312   1.4686495065689087 0.018482699990272522,  0.27944287657737732 -0.031585611402988434  0.031215457245707512 -0.031585611402988434   0.20468972623348236  0.065551608800888062  0.031215457245707512  0.065551608800888062   0.18703071773052216,    1.5064217341862474  0.0061947473053436397     3.4530076537286902  0.0015481155797303359   -0.32057139272811952   -0.45916216508246066 4.2684025203243436e-06,0.067427605390548706
