DesiredFlux,1.12,HitTime,1714566728.3951247,DesiredPos, 0.5644301176071167 0.30840253829956055 0.21900847554206848
RobotName,RosTime,JointPosition,JointVelocity,JointEffort,TorqueCmd,EEF_Position,EEF_Orientation,EEF_Velocity,EEF_DesiredVelocity,Inertia,DirGrad,HittingFlux
IIWA_7,1714566727.8891304,-0.46497150796101994   1.1238752785935497 0.014828201369631644  -1.2607258392567429  -1.9633123854142749  -1.8776501284520613  -0.8851674948792686, 6.7631121313975091e-05 -6.3857891282011881e-05 -5.5845730116379821e-08   0.0026730816503102261  4.0115702040305937e-06  -4.002191846004196e-06   0.0037578447196082738,-0.32396418380737307   65.600730846405028  -1.8531891822814941  -16.737687759399414  -1.3108782386779785   1.7301687011718749 -0.26900385284423828,0.27289982693435411 0.43338419979807513  1.6185383521186216 -0.7292521081583111  1.6546396153099554 0.37898150638441941 0.49882672933551719,0.56268680095672607 -0.0490279421210289 0.21773850917816162, -0.71366024017333984 -0.015050603076815605 0.0088057238608598709   0.70027494430541992,  0.0007499821949750185 -0.00030938905547372997  0.00049572059651836753,0.00031517454772256315     1.6124111413955688  0.0002294449950568378,  0.24226070940494537  0.031043549999594688  0.067075967788696289  0.031043549999594688    0.2295832633972168 -0.022401994094252586  0.067075967788696289 -0.022401994094252586   0.19217804074287415,   -1.1778551120542602   -0.38112724002115073    -1.1875536285579358    0.74110979763730711    0.55275328453063821   0.035515817692122198 1.0307370068574073e-05,0.00066040566889569163
IIWA_7,1714566727.8941524,-0.46497150796101994    1.123874799282504 0.014828201369631644   -1.260713735180214  -1.9633123854142749  -1.8776501884477543 -0.88515137610912797, 5.4104897051180078e-05 -7.0258754855305193e-05  -4.467658409310386e-08   0.0026226283814022445   3.209256163224475e-06  -5.601581200012926e-06   0.0036510265813117131,-0.31993143463134766   65.595353847503659  -1.8523088073730469  -16.742089633941649  -1.3135193634033202   1.7258299293518067  -0.2686701011657715, 47.242499946308911  5.2090158048857536  22.038500632164698 -11.599411895257276  5.8629713501084328 -2.4543712713403631 -0.7579386878029688,  0.56269353628158569 -0.049031417816877365   0.21774294972419739, -0.71366459131240845 -0.015045112930238247 0.0088103655725717545   0.70027059316635132, 0.00072175514651462436 -0.00032321491744369268  0.00047730319784022868,0.00031267164740711451     1.6124100685119629 0.00022773389355279505,   0.2422577291727066  0.031044593080878258   0.06707705557346344  0.031044593080878258   0.22958225011825562 -0.022401807829737663   0.06707705557346344 -0.022401807829737663   0.19218109548091888,   -1.1779049090936411   -0.38112743489637779    -1.1875761525237394    0.74114172103811882    0.55276133533599392   0.035499807335526157 1.0299468833352421e-05,0.00064161239424720407
IIWA_7,1714566727.8991258,-0.46494400419000237   1.1238844465899445 0.014858461451870409   -1.260732550484049  -1.9633003052923903  -1.8776824858746455 -0.88515137610912797, 0.0011434347583436401 0.00032968529373429554  0.0012103675482833299  0.0013454905517232938 0.00048577228031391583 -0.0012963783406059306  0.0029208212650493706,-0.49468389892578124   65.423289882659915  -2.2924962615966797  -16.356485424041747  -1.4746279716491699   1.8673406410217286 -0.23829869842529297, 47.242463598310408   5.209071441264757  22.038457362820736 -11.599452170703977  5.8629376957002588 -2.4543746655801302 -0.7579386878029688,  0.56269353628158569 -0.049031417816877365   0.21774294972419739, -0.71366459131240845 -0.015045112930238247 0.0088103655725717545   0.70027059316635132, 0.00072175514651462436 -0.00032321491744369268  0.00047730319784022868,  0.000311459501972422     1.6124099493026733 0.00022689110483042896,   0.2422577291727066  0.031044593080878258   0.06707705557346344  0.031044593080878258   0.22958225011825562 -0.022401807829737663   0.06707705557346344 -0.022401807829737663   0.19218109548091888,   -1.1779049090936411   -0.38112743489637779    -1.1875761525237394    0.74114172103811882    0.55276133533599392   0.035499807335526157 1.0299468833352421e-05,0.00064161239424720407
IIWA_7,1714566727.9041262,-0.46450406329969224   1.1239490415528099 0.015347777379470252  -1.2610608582609892  -1.9631108587032655  -1.8779973115285296 -0.88523862119144436,  0.018512383419080149  0.0028475467496067541   0.020540931142620383  -0.012055918636231846   0.007966481389242594  -0.013630128827847808 -0.0011531462806160836, -9.1328326339721677   62.331515514373777  -8.5176272392272949  -10.984437732696533  -1.4024372291564942   2.5485278167724608 -0.40016826248168946,  47.242798160689404   5.2087756874649394   22.038822516671637  -11.599133025058945   5.8633429563862665  -2.4545326333548418 -0.75800527864783662,  0.56269675493240356 -0.049033064395189285   0.21774521470069885, -0.71366667747497559 -0.015043241903185844 0.0088119832798838615    0.7002684473991394, 0.00070798816159367561 -0.00032442688825540245  0.00047249405179172754,0.00031145909451879561      1.612407922744751 0.00022689082834403962,  0.24225625395774841  0.031045114621520042  0.067077592015266418  0.031045114621520042   0.22958177328109741 -0.022401709109544754  0.067077592015266418 -0.022401709109544754   0.19218261539936066,      -1.1779296329264   -0.38112731436346081     -1.187587170870863    0.74115708115840562    0.55276553060590317   0.035492461850417101 1.0295907237889423e-05,0.00063272815896198153
IIWA_7,1714566727.9091535,-0.46404135229854515   1.1239236350130548 0.015890902462407552  -1.2612896971058645  -1.9626968756804044  -1.8784293428048358 -0.88528961414895069,  0.033318346781147597  0.0012617758094800005   0.038157748231588295  -0.018798288703994852   0.022932506025838417  -0.028185354114526228 -0.0029622353247458241, -18.469991226196289   61.354245964050293  -12.621054687499999   -12.49868257522583  -1.8461461830139161    1.868008144378662 -0.12115185928344727, 47.208303411033249  5.2008528980205124  22.010578610148006 -11.580636088638753   5.864527341584477 -2.4345071231199125 -0.7584548123871957,  0.56269145011901855 -0.049004152417182922   0.21775016188621521, -0.71364200115203857 -0.015058532357215881  0.008833814412355423   0.70029300451278687, 0.0003540575853548944 0.00089700287207961082 0.00057578447740525007,0.00030906492611393332     1.6124069690704346 0.00022522969811689109,  0.24225565791130066  0.031044455245137215  0.067078717052936554  0.031044455245137215   0.22958602011203766 -0.022398751229047775  0.067078717052936554 -0.022398751229047775   0.19217930734157562,   -1.1778610191894856   -0.38104243194769793    -1.1874437281100825    0.74107744880080872    0.55280608600671854   0.035667505410508227 1.0337512179603436e-05,0.00078016106272116303
IIWA_7,1714566727.9141273,-0.46376583495007456   1.1239220170928383 0.016530920044184706  -1.2617726613439841  -1.9619484847803346  -1.8791047736625512 -0.88538722561435923,  0.037675371363741619 0.00094470383892528479   0.056126901856356798  -0.034357200487982492   0.048281640823464325  -0.049565517600240444 -0.0062742468761383587,  -21.702911815643311    61.971256587982175   -14.341307258605957   -11.692259159088135   -2.0142977905273436    2.7050573539733889 -0.020692604064941406,  46.265955285945878   5.3981175280111122   21.085317035908254  -11.373766422882323   5.6951549512800854  -1.8980363311555557 -0.71641353065272251,  0.56264692544937134 -0.048063300549983978   0.21804925799369812, -0.71291434764862061 -0.015625881031155586 0.0092473309487104416   0.70101600885391235,-0.0011584525927901268   0.034486331045627594   0.011648863554000854,0.00030791194876655936     1.6124069690704346 0.00022440377506427467,  0.24219965934753418  0.031012715771794319  0.067136079072952271  0.031012715771794319    0.2297130674123764 -0.022289907559752464  0.067136079072952271 -0.022289907559752464   0.19212275743484497,   -1.1753528499829358   -0.37810425384776636    -1.1825436393593236    0.73839004638198702     0.5536851659373454   0.040473013679154235 1.1518077158712003e-05,0.025292733684182167
IIWA_7,1714566727.919127,-0.46368002790997875   1.1239156055167479 0.017321878826579009  -1.2624671471610573  -1.9608566739954632  -1.8799856741700394 -0.88556213542159401,  0.033572578694825647 0.00049930002752052432   0.076539872780857582  -0.055265193073314373   0.082297744053628122  -0.074888434379717345  -0.012015789790301882, -20.743117511749269   60.467041145324707  -11.555801048278809  -11.247669830322266  -1.6251720809936523   2.2271249504089354 -0.15753079223632813,  45.987425851686076   5.5722391534385256   20.620844108990834  -11.290178544060042   5.4991561126768991  -1.5582427920125479 -0.69276954636888455,  0.56260311603546143 -0.047620832920074463   0.21831616759300232, -0.71231001615524292 -0.015835009515285492 0.0093490760773420334   0.70162403583526611,-0.0027068995404988527   0.045254595577716827   0.020006993785500526,0.00030791366589255631     1.6124159097671509 0.00022440501197706908,  0.24220483005046844   0.03098473884165287  0.067166224122047424   0.03098473884165287   0.22976851463317871 -0.022249642759561539  0.067166224122047424 -0.022249642759561539   0.19207529723644257,   -1.1737255153683179   -0.37703998008353778    -1.1803645644112848    0.73735565674404313    0.55376990242272939    0.04295256310982154 1.2226959889005684e-05,0.034412246197462082
IIWA_7,1714566727.9241264,-0.46366564683327466    1.123889719665947 0.018434134725557556  -1.2633555976356405  -1.9594052403871463  -1.8812017134549939 -0.88583986977454698, 0.027433306024024329 -0.000635994010018679   0.10572213418382796 -0.079750173441979155   0.12389553957557846  -0.10855231890195413 -0.020722005950360473, -16.359519157409668   59.429280357360838  -11.368281192779541  -10.648134517669678  -1.6947216987609863   2.3622943801879881 -0.22561613464355468,  45.987425851686076   5.5722391534385256   20.620844108990834  -11.290178544060042   5.4991561126768991  -1.5582427920125479 -0.69276954636888455,  0.56260311603546143 -0.047620832920074463   0.21831616759300232, -0.71231001615524292 -0.015835009515285492 0.0093490760773420334   0.70162403583526611,-0.0027068995404988527   0.045254595577716827   0.020006993785500526,0.00030911291833035648     1.6126886606216431 0.00022371213708538562,  0.24220483005046844   0.03098473884165287  0.067166224122047424   0.03098473884165287   0.22976851463317871 -0.022249642759561539  0.067166224122047424 -0.022249642759561539   0.19207529723644257,   -1.1737255153683179   -0.37703998008353778    -1.1803645644112848    0.73735565674404313    0.55376990242272939    0.04295256310982154 1.2226959889005684e-05,0.034412246197462082
IIWA_7,1714566727.929126,-0.46358709032722389   1.1238682678241108 0.019835929511884901  -1.2643900161042201  -1.9576343555006455  -1.8825392129296716 -0.88627369873998285,  0.025088905061250034 -0.0013668688814636436    0.14064949880015618   -0.10517687749676514    0.16995182712049436   -0.14034183410867376  -0.033930763377723078, -15.582542816162109   59.233019897460935   -11.35859706878662  -10.819807624816894    -2.14107177734375   1.8393055000305176 -0.11481057739257812,  45.835247181495689   5.7821645346987305    20.13381756832187  -11.210537692838621    5.229343386010342  -1.1695096252997987 -0.66463661483762759,  0.56253236532211304 -0.047204148024320602   0.21866416931152344, -0.71150141954421997 -0.015977708622813225 0.0093462932854890823   0.70244079828262329,-0.0050225495360791683   0.052803725004196167   0.029946766793727875, 0.0002986582403536886     1.6128075122833252 0.00016065471572801471,  0.24224229156970978  0.030940284952521324   0.06719689816236496  0.030940284952521324   0.22982017695903778 -0.022219840437173843   0.06719689816236496 -0.022219840437173843    0.1920061856508255,  -1.1715151278766101  -0.37631090112899557   -1.1782102761053181   0.73652890219122469   0.55348178303038509  0.045442548429086571 1.302482921516912e-05,0.0422968789935112
IIWA_7,1714566727.9341264,-0.46345921856141042   1.1238423819733099 0.021489932338190142  -1.2656089914693087  -1.9555174620569966  -1.8840667821414669 -0.88688723116852708,  0.025185994681538822 -0.0021289291372060138    0.17867971209233457   -0.13290051660095759    0.22063719944234944   -0.17337623575875141  -0.051685907843947582,  -15.979096485137939    58.698008506774904   -11.900027637481688   -10.540728778839112   -1.7642713165283204    2.5945855484008788 -0.021693859100341797,  45.631007320061578   6.1081920594838559   19.455458864567685  -11.139203631965758   4.8633983934103693 -0.65138702332210574 -0.61253755740395943,  0.56244206428527832 -0.046692889183759689   0.21916155517101288, -0.71040427684783936 -0.016191964969038963 0.0092853615060448647   0.70354628562927246,-0.0076732700690627098   0.062560923397541046   0.043892119079828262,0.00029499520314857364     1.6128075122833252 0.00011178287968505174,  0.24228709936141968  0.030882328748703003  0.067240454256534576  0.030882328748703003   0.22988496720790863 -0.022182868793606758  0.067240454256534576 -0.022182868793606758   0.19192127883434296,   -1.168662517182284  -0.37547542947624635   -1.1754673559618567   0.73563710537083438   0.55306601533011701  0.048690649534499642 1.407334693226403e-05,0.053329464048147202
IIWA_7,1714566727.9391272,-0.46331205228979916   1.1237840787042315 0.023357314210105687  -1.2670059327131524  -1.9530499581465608  -1.8856780012754859 -0.88765122548664266,  0.026035446609681673 -0.0040352740729011306    0.21763904455048944   -0.16219806303451439    0.27520991597131239   -0.20314975396775953  -0.071908498999781245,   -16.71977808380127    59.582524826049806   -11.723952655792235   -10.893759117126464   -2.1498755264282225    1.8910370101928711 -0.032707664489746095,   45.324168640988162    6.4733326414319592    18.637355632761629   -11.083917714950557    4.4353121503867898 -0.089634947780517837  -0.53031548487340807,  0.56237083673477173 -0.046027537435293198   0.21975451707839966, -0.70909595489501953 -0.016501855105161667 0.0091523155570030212   0.70485943555831909,-0.0090538142248988152   0.076450303196907043   0.058897119015455246,0.00029501543031074107     1.6129181385040283 0.00011179054854437709,  0.24233065545558929  0.030803652480244637  0.067300505936145782  0.030803652480244637   0.22996848821640015 -0.022126674652099609  0.067300505936145782 -0.022126674652099609    0.1918242871761322,   -1.1648393068997009    -0.3742098629073709    -1.1716251399764843    0.73436031614271258    0.55247752124998328   0.052515925983875889 1.5301673705891972e-05,0.06729453057050705
IIWA_7,1714566727.9441268,-0.46316542532492677   1.1237492645125589 0.025469414041514191  -1.2686001941190759  -1.9502980924534865  -1.8873702936803367 -0.88856939684580871,   0.02669343588264083 -0.0046207869252255585     0.2585952288967317   -0.19352890666454942    0.33024256050002132   -0.23021149936823979  -0.094253653566467144, -16.903940296173097   59.637639064788821  -10.646373767852783  -11.232703456878662   -1.620770206451416   2.0328814735412597 -0.10312926864624024,  44.953601366845312   6.8694011155912724   17.711400732806787  -11.029188972286672   3.9497559372397264  0.53301510760811777 -0.42200884565969154,  0.56230008602142334 -0.045225866138935089   0.22045062482357025, -0.70755678415298462 -0.016900492832064629   0.00894912239164114   0.70639771223068237,-0.010173140093684196  0.092906907200813293  0.075059600174427032,0.00030247675022110343     1.6132364273071289 5.4877877118997276e-05,  0.24238081276416779  0.030707383528351784  0.067373260855674744  0.030707383528351784   0.23006820678710938 -0.022056648507714272  0.067373260855674744 -0.022056648507714272   0.19171042740345001,   -1.1601934494693822   -0.37262662475079367    -1.1669303118848617    0.73275537996408957    0.55173625647952917   0.056950932752819483 1.6708670003140469e-05,0.083210408687591553
IIWA_7,1714566727.9491265,-0.46301142805278939   1.1237246968216754 0.027864401528658302  -1.2704117294910013   -1.947256208540201  -1.8889627573971304 -0.88965438862929258,  0.027514639591608065 -0.0046793371755179235    0.30267568260314981   -0.22728454020865818    0.38586940493143812   -0.24786774816633858   -0.11880259419252846,  -16.097390460968018    59.569082328796384   -10.372577171325684   -10.987078857421874   -1.8197349357604979    1.4034258079528807 -0.013683818817138671,  44.582247820455095    7.291605313600181   16.737255626950095  -10.998504533312378   3.4096067396413385   1.1707203834790896 -0.29282188723682334,  0.56224650144577026 -0.044321190565824509   0.22124044597148895, -0.70583099126815796 -0.017341237515211105 0.0086381072178483009   0.70811527967453003,-0.010418901219964027   0.11007407307624817  0.091774038970470428, 0.00037400738801807165      1.6134501695632935 -0.00013549637515097857,  0.24243913590908051  0.030590016394853592  0.067458018660545349  0.030590016394853592   0.23017852008342743 -0.021974831819534302  0.067458018660545349 -0.021974831819534302   0.19158482551574707,   -1.1546527652397387   -0.37080188723059848     -1.161459049074054    0.73085491110091994    0.55070214639396653   0.061626219055810338 1.8193089701412646e-05,0.099731124937534332
IIWA_7,1714566727.9541261,-0.46282459393793884   1.1237171467454976 0.030526876758883045  -1.2723885274718045  -1.9439748317686871  -1.8905155534888511 -0.89085682590888782,  0.029485076267308157 -0.0040454727875267032    0.34863955529150958   -0.26089955139905419    0.43995059480570475   -0.26040604220190144   -0.14313956653783222,  -15.737131534576417    58.785384738922119   -9.5124508857727044     -10.4474090385437   -1.5353738403320312    2.1436870307922362 -0.020358852386474609,  44.217102617309791   7.6725403858120966    15.73748358323202  -10.947537318364928    2.853551362348985   1.8223312542831431 -0.15654994988617887,  0.56218904256820679 -0.043310254812240601    0.2220882773399353, -0.70391124486923218 -0.017812931910157204 0.0082580680027604103   0.71001648902893066,-0.010810115374624729   0.12792283296585083   0.10751341283321381,  0.0004565368581097573       1.613450288772583 -0.00030910072382539511,  0.24251163005828857  0.030448455363512039  0.067551940679550171  0.030448455363512039   0.23030382394790649 -0.021880216896533966  0.067551940679550171 -0.021880216896533966   0.19143736362457275,   -1.1480608041605223   -0.36872087018124944    -1.1550430967748326    0.72861725839246105    0.54939909862383729   0.066634751638261491 1.9756142499716134e-05,0.11620299518108368
IIWA_7,1714566727.9591265,-0.46260348504723758   1.1237017470510087  0.03345348444578454  -1.2745292695743182  -1.9404261590439611  -1.8918426864713536 -0.89216963781037917,  0.032432416641896944 -0.0038523660095788771    0.39597595170926747   -0.29434932521979107    0.49390738483360508   -0.26141015306161802   -0.16702412928991983,  -15.585231315612793    59.004497444152832   -10.894639492034912   -10.678067264556885   -1.7871610641479492     1.360371841430664 -0.037046436309814454,   43.832689318955744    7.9979218828966818    14.706600584776288   -10.890239368044986    2.2799766829252928    2.4391969958790489 -0.011128704385771515,  0.56215387582778931 -0.042173817753791809    0.2229745090007782, -0.70183318853378296 -0.018290150910615921 0.0077661797404289246   0.71206414699554443,-0.010276160202920437   0.14709082245826721   0.12170162051916122, 0.00045660382602363825      1.6136868000030518 -0.00030914603848941624,  0.24259661138057709  0.030270405113697052  0.067658096551895142  0.030270405113697052   0.23044638335704803 -0.021765399724245071  0.067658096551895142 -0.021765399724245071   0.19127047061920166,   -1.139937831449167  -0.36624806909912877   -1.1472528653593272   0.72585811128789146    0.5476302669480404   0.07167679872743804 2.131671372751498e-05,0.13264879584312439
IIWA_7,1714566727.9641287,-0.46235834766330874   1.1237013276265728 0.036561892827056929  -1.2768723053727813  -1.9366806573364399  -1.8930244509804575 -0.89358737159793422,  0.035751428670671138 -0.0030986697850970651    0.44111709661830956   -0.32920089211435555    0.54494597616773177   -0.25639870281345045     -0.190328654934138,  -16.022112476348877    58.765220993041993   -10.417476291656493   -11.201890335083007     -1.46494384765625    1.6363844795227052 -0.080767906188964844, 43.430743382245687  8.2807825073803034  13.654518177542773 -10.825788499834275   1.699293217178798  3.0441120039682832 0.13913536639971902,  0.56213623285293579 -0.040911134332418442   0.22390551865100861, -0.69960147142410278 -0.018793428316712379 0.0072068297304213047   0.71424967050552368,-0.0092093925923109055    0.16733662784099579    0.13491193950176239,  0.0005722664063796401      1.6139553785324097 -0.00058493885444477201,    0.242686927318573   0.03006354346871376  0.067776411771774292   0.03006354346871376   0.23060627281665802 -0.021630117669701576  0.067776411771774292 -0.021630117669701576   0.19108812510967255,      -1.1305808591624   -0.36336309300644132    -1.1382174402205791    0.72262167639358665    0.54554781100524252   0.076919822924459424 2.2882638894827778e-05,0.14923962950706482
IIWA_7,1714566727.9691257,-0.46210733811911159   1.1237040240511842 0.039872774564108537  -1.2794085867531022  -1.9327819492309155  -1.8937518934134638 -0.89506089199886918,  0.038641524704423155 -0.0023710788436228395    0.48532894677671201   -0.36481196890432105    0.59190510515516126    -0.2342166595710154   -0.21120373998470873,  -16.838072059631347    58.486961299896244   -11.274961452484131   -10.248444309234619    -1.746663818359375    1.0666703643798827 -0.014017570495605468, 43.050871258956541   8.540548938796805  12.612172322612849 -10.791756506419272  1.0980227613137234   3.592435641371472 0.29691646197937072,  0.56217026710510254 -0.039523229002952576   0.22486567497253418, -0.69726663827896118 -0.019280867651104927 0.0065230862237513065   0.71652281284332275,-0.0063580218702554703    0.18842729926109314    0.14672268927097321,0.00072283495683223009     1.6142607927322388 -0.0009933573892340064,  0.24278135597705841   0.02981746569275856  0.067909084260463715   0.02981746569275856   0.23078079521656036 -0.021470319479703903  0.067909084260463715 -0.021470319479703903   0.19089670479297638,   -1.1196344935351377   -0.36000906731548099    -1.1276994511604244    0.71880429221593545    0.54292602718852834   0.081938791123725707 2.4350766736347396e-05,0.16567839682102203
IIWA_7,1714566727.9741256,-0.46187070954253551   1.1236940172059178 0.043332979908809931  -1.2820899372828549  -1.9287407726910775  -1.8941043494568517  -0.8965892401729264,  0.040378362826581776 -0.0022971368855550425    0.52667137120942531   -0.39910359631356535    0.63517114571765076   -0.20147156939232633   -0.23009691895005602, -16.953677536010741   58.012441146850584  -10.564498901367188  -10.164808692932128  -1.2642183685302735   1.4468135261535644 0.017355087280273438, 42.689407543900955  8.7124866951273852  11.618886063651445 -10.725889154044213 0.51723500495248587  4.1056424280395865 0.44590588604115422,  0.56221342086791992 -0.038038920611143112   0.22582599520683289, -0.69483500719070435 -0.019730249419808388 0.0057767727412283421   0.71887528896331787,-0.0037670184392482042    0.20904764533042908    0.15625390410423279,0.00089022400788962841     1.6146031618118286 -0.0015510909724980593, 0.24289214611053467  0.02953958697617054 0.068046450614929199  0.02953958697617054  0.23096811771392822 -0.02129400335252285 0.068046450614929199 -0.02129400335252285  0.19068542122840881,    -1.107405303583775   -0.35633659824796382    -1.1160699621290959    0.71446859018209352      0.539891844079321   0.086846943769813834 2.5724875563071237e-05,0.18097294867038727
IIWA_7,1714566727.9791253,-0.46164492676918051   1.1236976724707868 0.046968754031621818   -1.284932655282927  -1.9245642224803352  -1.8939792341113424  -0.8981518632319172,  0.041334001195465375 -0.0016914989136837576    0.56676806188001572    -0.4329915970537353    0.67519892500381096   -0.15617264169348921   -0.24658245751967672, -16.420010395050049   58.504436546325685  -10.565379276275635  -9.7158174896240226   -1.667430076599121   1.0883642234802247 -0.05006275177001953,  42.371533770926931   8.7556541311946336   10.721842735374413  -10.656261321966653 -0.03181053829355962   4.4872532467431263  0.57936941567714451,  0.56230789422988892 -0.036460090428590775   0.22673815488815308, -0.69240087270736694 -0.020067004486918449 0.0049199624918401241   0.72121715545654297,0.0002995922404807061   0.22928553819656372   0.16203987598419189,0.0010727870976552367    1.6153784990310669 -0.002290212782099843,  0.24301639199256897  0.029213340952992439   0.06819046288728714  0.029213340952992439   0.23116706311702728 -0.021093666553497314   0.06819046288728714 -0.021093666553497314   0.19046169519424438,    -1.093294841867376   -0.35224017650747896    -1.1028585180561379     0.7094451355111886    0.53613716887390694   0.091055894095859458 2.6874213077121567e-05,0.19461269676685333
IIWA_7,1714566727.984127,-0.46140715980159974   1.1237017470510087 0.050750915463783158  -1.2878991704685907  -1.9203755919731753  -1.8933471261435693 -0.89968937940236893,  0.042577879659602934 -0.0011902159220713616    0.60470090679046629   -0.46505388506953665    0.70770436028944461  -0.099653794643866089   -0.25876661283381042, -15.319069869995117   58.025883644104006  -9.0634596824646003   -9.682363243103028  -0.8301935386657715   1.1167331161499023 0.002670013427734375,  42.156233034476578   8.7760891229020412   9.9245509884240128  -10.618815972442833 -0.57286396550073571   4.7948959043016668  0.70567461429990974, 0.56244999170303345 -0.03482355922460556  0.22762109339237213, -0.68997067213058472 -0.020305562764406204 0.0039484561420977116   0.72354167699813843,0.0054033473134040833   0.24776020646095276   0.16557899117469788, 0.0014057140797376633     1.6153740882873535 -0.0043233172036707401,  0.24315126240253448  0.028848165646195412  0.068339027464389801  0.028848165646195412   0.23137122392654419 -0.020875683054327965  0.068339027464389801 -0.020875683054327965   0.19023178517818451,   -1.0777290574370824   -0.34786284155785552    -1.0884866756502021    0.70391867599628455    0.53174903727537526   0.094582417859534473 2.7802187219094776e-05,0.20653441548347473
IIWA_7,1714566727.9891293, -0.4611231935323864   1.1236992303953104 0.054761076782864924  -1.2910426925836687  -1.9161224385634315  -1.8922934131691918 -0.90120622269324624,  0.045420954496216054 -0.0010528389655883458    0.64416717819564373   -0.49778399265874762    0.73628962462131009  -0.037574516739992569   -0.26768702190214083, -14.942679946899414   58.439912559509274  -9.5150920104980461  -10.714162635803223   -1.541536464691162    1.074680404663086 -0.11848184585571289,  41.96692927552607  8.6660793796355708  9.2150972383942626 -10.570533836503337 -1.0845215540517907  4.9811998788021299 0.81713183849655069,  0.56264799833297729 -0.033113259822130203   0.22844527661800385,  -0.6875612735748291 -0.020410457625985146 0.0028659570962190628   0.72583383321762085,0.011673228815197945  0.26549574732780457  0.16615037620067596, 0.0014064663555473089     1.6162385940551758 -0.0043256310746073723,   0.2432996928691864  0.028435289859771729  0.068491585552692413  0.028435289859771729   0.23158252239227295 -0.020635845139622688  0.068491585552692413 -0.020635845139622688   0.18999241292476654,   -1.0603728574851701   -0.34312872820319029    -1.0726605218609464    0.69777151814598426    0.52660773553903084   0.097302125175779963 2.8485533043465239e-05,0.21712589263916016
IIWA_7,1714566727.9941294,-0.46077499194721649   1.1237046232445329 0.058853629641779426  -1.2943771832804289  -1.9119247000555701  -1.8907168285670157 -0.90266614097973885,   0.050264827003769046 -0.00062655720356993296     0.67903585691309498     -0.5316068219974095     0.75694124001150065    0.033003770695046869    -0.27254634898141716,  -14.230227592468262    57.918343666076659   -9.9077392196655278   -10.937777862548828   -0.7078214263916015   0.49395248413085935 -0.020025100708007813, 41.810674838494329  8.5161205107522502   8.588042621924302 -10.526739137335223  -1.557026481843554   5.088401232315368 0.90587741622907569,  0.56289541721343994 -0.031330231577157974   0.22919614613056183, -0.68522566556930542 -0.020387833938002586 0.0017265628557652235   0.72804337739944458,0.018608225509524345  0.28264531493186951  0.16376039385795593, 0.0015825006412342191     1.6162296533584595 -0.0068831350654363632,    0.243453249335289  0.027980847284197807  0.068646043539047241  0.027980847284197807   0.23180162906646729 -0.020372653380036354  0.068646043539047241 -0.020372653380036354   0.18974956870079041,   -1.0414613485290047   -0.33799842648996048    -1.0554552559129959    0.69098193605032776    0.52084500292348679   0.099281503129766691 2.8936129048418024e-05,0.2266002893447876
IIWA_7,1714566727.99913,-0.46035728175192131   1.1236946763949596 0.063010597803729598  -1.2979149864000064  -1.9077876497873933  -1.8884892008109284 -0.90401250879959527,   0.056920269414822616 -0.00089911974578950728     0.70950741200848289    -0.56679758238102407     0.77103500273627212     0.11550812679953004    -0.27189179197939051,  -14.72222299194336   58.093096130371094   -9.729023113250733  -10.948342361450194  -1.3425717353820801  0.83004042434692382 -0.12816064453125001, 41.654661381901491  8.2660887713322317  8.0138684228804138  -10.45410502607279 -1.9917351182325129  5.1422849472527616 0.97647830974086802,  0.56318020820617676 -0.029421910643577576   0.22990837693214417,  -0.68289715051651001  -0.020269811153411865 0.00055948924273252487    0.73023301362991333,0.025564737617969513  0.30140852928161621  0.16040776669979095, 0.0015829443000257015      1.616682767868042 -0.0068850643001496792,  0.24360997974872589  0.027483148500323296  0.068804889917373657  0.027483148500323296   0.23203513026237488 -0.020079778507351875  0.068804889917373657 -0.020079778507351875   0.18949921429157257,   -1.0208860739169268   -0.33233083074701852    -1.0366199891835848      0.683411295119285    0.51452135259211218    0.10086277255894061 2.9222036346254754e-05,0.23705558478832245
IIWA_7,1714566728.0041285,-0.45989319259516365   1.1236996498197462 0.067234677584243605  -1.3016120598677237  -1.9037547185320076  -1.8856129268924913 -0.90528601239567319,   0.064099781802164635 -0.00052035880516482539      0.7365691208273466    -0.60132100461351146     0.77814525240444699     0.20745745817710981    -0.26845357742662912,  -13.864591667175294    57.519101497650148   -8.5968609809875485   -9.8584382247924811  -0.75007942199707034   0.66149582672119145 -0.059741550445556638, 41.329268895670097  7.4017015420490422  7.2161143415180593 -10.149634153585042 -2.6409402052136688  4.9944749806501001 0.99695505663869044,    0.563820481300354 -0.025326058268547058   0.23098121583461761,  -0.67859512567520142  -0.019510069862008095 -0.0017082579433917999    0.73425137996673584,0.03803587332367897  0.3391701877117157 0.14262086153030396, 0.0015641116769984365     1.6171462535858154 -0.0082823922857642174,   0.2439657598733902  0.026363236829638481  0.069100856781005859  0.026363236829638481   0.23252964019775391 -0.019421420991420746  0.069100856781005859 -0.019421420991420746    0.1889624297618866,  -0.97514113832186666   -0.31968539857629708   -0.99483994403826159    0.66582655178049066    0.50016129738672532    0.10194252912665291 2.9172450233261316e-05,0.25593200325965881
IIWA_7,1714566728.0091302,-0.45934838981448289   1.1236873659743045 0.071630311449256204  -1.3054504273377008  -1.8997832422394467  -1.8820117871924391 -0.90647532687187193,   0.073071936668961834 -0.00090764086180059847     0.76508065126238123    -0.63459150248989404     0.78137525362599336     0.31001155454377416     -0.2623354409892531,-12.846994625091552  57.373922527313233 -8.2006922721862789 -8.9833455657958989 -1.0370816421508788 0.61744060516357424 0.02236136245727539,  41.20844748802206  6.7840767775500437  7.0263835612423149 -9.9459473493051185 -2.8605202012753121  4.7612958112210997 0.95278531432157609,  0.56419074535369873 -0.023151855915784836   0.23131194710731506,  -0.67668074369430542  -0.018837623298168182 -0.0028214796911925077    0.73603016138076782,0.044269740581512451  0.35765171051025391  0.12844711542129517,0.0014586540637537837    1.6176393032073975 -0.009682859294116497,  0.24416303634643555  0.025737380608916283  0.069235667586326599  0.025737380608916283    0.2327868640422821 -0.019054533913731575  0.069235667586326599 -0.019054533913731575   0.18868094682693481,  -0.94989813560619751   -0.31271992721570996   -0.97184312798237471    0.65582155606591641    0.49203780229944982    0.10121838806131933 2.8834592491477906e-05,0.26462236046791077
IIWA_7,1714566728.0141318,-0.45869944400091717   1.1236742432799911 0.076146686428340229  -1.3093833503106493  -1.8959252805906393   -1.877728924722718 -0.90754455942304113,   0.08441538187779854 -0.0012510204619771434    0.79271952017326608   -0.66499012090985765    0.77941866885309363    0.41932374242386306   -0.25263765483817036,  -13.747641941070556    56.689699417114255   -7.5412914657592776   -9.6656361198425298  -0.80114116668701174   0.46257982635498046 -0.065081577301025387,  41.20844748802206   6.784076777550081  7.0263835612422971 -9.9459473493051114 -2.8605202012753113  4.7612958112211281 0.95278531432157609,  0.56419074535369873 -0.023151855915784836   0.23131194710731506,  -0.67668074369430542  -0.018837623298168182 -0.0028214796911925077    0.73603016138076782,0.044269740581512451  0.35765171051025391  0.12844711542129517,0.0012770037865266204    1.6186907291412354 -0.011136178858578205,  0.24416303634643555  0.025737380608916283  0.069235667586326599  0.025737380608916283    0.2327868640422821 -0.019054533913731575  0.069235667586326599 -0.019054533913731575   0.18868094682693481,  -0.94989813560619751   -0.31271992721570996   -0.97184312798237471    0.65582155606591641    0.49203780229944982    0.10121838806131933 2.8834592491477906e-05,0.26462236046791077
IIWA_7,1714566728.019129,-0.45798086991308928   1.1236259468561793 0.080731910828507697  -1.3134579269327669  -1.8922208127955631  -1.8727467828891327 -0.90852438966493843,  0.096275269015354173 -0.0029326733220523824    0.81758459214531165   -0.69497516161258699    0.77171364688552135    0.53474466728250492   -0.24130333354642808, -14.543437778472901   57.648149471282956  -10.224674186706542  -10.645493392944335 -0.75888317108154291  0.61076557159423828 -0.11647933578491211,  41.09653794993406  6.1778851360620557  6.8867068053856126 -9.7767504817577393 -3.0658571948797206  4.4557541282157311 0.89014706838386459,  0.56462579965591431 -0.020845621824264526   0.23153522610664368,  -0.67491859197616577  -0.018005130812525749 -0.0039493772201240063    0.73766195774078369,0.051700957119464874  0.37786948680877686  0.11289075016975403,0.00068993528839200735     1.6192245483398438  -0.013549745082855225,  0.24435807764530182  0.025060689076781273  0.069369375705718994  0.025060689076781273   0.23305383324623108 -0.018650885671377182  0.069369375705718994 -0.018650885671377182   0.18840228021144867,   -0.9228152344116225   -0.30512185843889483    -0.9469974409768156    0.64487958197112505    0.48322489055330209   0.099690650027461913 2.8318535072457962e-05,0.2750103771686554
IIWA_7,1714566728.0241299, -0.4572465364838636   1.1235965256228122 0.085285556768352672  -1.3177386320664495  -1.8887055999524598  -1.8671213877424204  -0.9094042714455588,    0.1063935523813108 -0.0035229879923272208     0.8362135113100484   -0.72720833463737422    0.75797943123254907    0.65281153969449313   -0.22823793806195738,  -14.819008972167969    57.798705440521239   -10.381380920410155   -11.456318683624268   -1.0476461410522462   0.46057731628417969 -0.097789241790771489, 40.936819712449164  5.5119014808050713  6.8083091606310493 -9.5976183639590342 -3.2271598330470752  4.0704934876623815 0.80465454035698203,   0.5651172399520874 -0.018415298312902451   0.23164047300815582,  -0.67332905530929565  -0.017020741477608681 -0.0050494237802922726    0.73912972211837769,0.059737548232078552  0.39916309714317322 0.095788411796092987,0.00027923798188567162     1.6192178726196289    -0.0143525255843997,  0.24454879760742188  0.024341238662600517  0.069499284029006958  0.024341238662600517   0.23332823812961578 -0.018212690949440002  0.069499284029006958 -0.018212690949440002   0.18812800943851471,  -0.89422588750487364   -0.29692977277573362   -0.92052851645529898    0.63308559354169347    0.47387508235541276   0.097475298997728999 2.7662595769584186e-05,0.28671044111251831
IIWA_7,1714566728.0291302,-0.45648092424553138   1.1235667447425361 0.089861553285515594  -1.3222132420801149  -1.8853616176970782  -1.8608653826658481 -0.91018600245403158,    0.1157393314383372 -0.0040096256049039179    0.85201066973455564   -0.76075106825651728     0.7401428352013022    0.77248943481848709   -0.21385959078847736,  -13.403514011383058     58.14821036911011   -8.4850533676147464     -9.53357988357544  -0.50445482254028318   0.63312693405151366 -0.025031375885009765, 40.782557021104964  4.7203884550207382  6.8615316860408235 -9.3734415100441595 -3.3111348903440554  3.5935263453314459 0.69645499227016838,   0.5656467080116272 -0.015890927985310555   0.23161840438842773,  -0.67194193601608276  -0.015867438167333603 -0.0061275092884898186    0.74040848016738892,0.067515559494495392   0.4201216995716095 0.077053368091583252,0.00027933673118241131     1.6197903156280518  -0.014357602223753929,  0.24474120140075684  0.023581678047776222  0.069619700312614441  0.023581678047776222   0.23360684514045715 -0.017744863405823708  0.069619700312614441 -0.017744863405823708   0.18785625696182251,  -0.86426737272038423   -0.28826363115896925   -0.89267064337761326    0.62047749607785363    0.46398862989693868   0.094476307493707168 2.6871138203432565e-05,0.29877385497093201
IIWA_7,1714566728.0341311,-0.45562069661761778   1.1234960977414064  0.09455889011009877  -1.3267319540550673  -1.8821871402478541  -1.8540219107804456 -0.91089726623028755,   0.12700057026721381 -0.0060335805291150436    0.86950200877097161   -0.78934933360330783     0.7190933661300084    0.89173042327088825   -0.19953822368102053,  -12.509587944030761    58.618697772979736   -8.1910081481933599   -8.3239447593688958  -0.68933355331420898    1.1117268409729004 -0.058740295410156247, 40.705896460210454  3.8099623992578726   7.094724718465546 -9.0907876935115546   -3.31989374308184  3.0472494435032185 0.54399755703645392,  0.56616979837417603 -0.013324689120054245   0.23141419887542725,  -0.67076319456100464  -0.014475959353148937 -0.0071366042830049992    0.74149596691131592,0.073333464562892914  0.43871191143989563 0.054779596626758575,-0.00023324551875703037      1.6203736066818237   -0.014931407757103443,  0.24495849013328552  0.022786205634474754  0.069717921316623688  0.022786205634474754   0.23388580977916718 -0.017258716747164726  0.069717921316623688 -0.017258716747164726   0.18756790459156036,   -0.8331340238525442   -0.27935423649250168    -0.8638202860966615    0.60717731980819423    0.45359683810897167   0.090658849968505706 2.5955128712951137e-05,0.30952548980712891
IIWA_7,1714566728.0391304,-0.45466495464647488   1.1233971081203871 0.099375110363930777    -1.33130153899614  -1.8791965489432907  -1.8466291421097047 -0.91154129850567656,   0.13983013505948699 -0.0087864492640634482    0.88825041717005759   -0.81426286452555574    0.69489834508654125     1.0090950854463467   -0.18539186996037668,  -13.724789695739746    60.082585723876953   -9.3592656517028807   -9.8434718513488768  -0.59249231338500974   0.82236413574218747 -0.079766651153564447, 40.639560358103076  2.7975765862485105  7.4434375231896261 -8.7453281716194162 -3.2620807517924719  2.4481762621415308   0.359546506479959,0.56669414043426514 -0.0106919314712286 0.23105558753013611,  -0.66977536678314209  -0.012878802604973316 -0.0080813448876142502    0.74240809679031372,0.077848590910434723  0.45637243986129761 0.030780714005231857,-0.00082896731328219175      1.6215665340423584   -0.015239663422107697,   0.2451922595500946  0.021954817697405815  0.069797910749912262  0.021954817697405815   0.23416689038276672 -0.016748713329434395  0.069797910749912262 -0.016748713329434395   0.18726851046085358,  -0.80082233845946149   -0.27010449747688625   -0.83382238343521209    0.59314427697465533    0.44274019234435968   0.086144098506046873 2.4947220289561756e-05,0.32033777236938477
IIWA_7,1714566728.0441291, -0.4536666687476516   1.1232916469275847  0.10422033253577702  -1.3360517262448859    -1.87639789690709  -1.8388815204040143 -0.91218005759597998,  0.15179554400052087 -0.011247607123347322   0.90440922060989581  -0.84141778157027958   0.66786475751725971    1.1171809365846948  -0.17386385958043815, -14.335079071044921   61.742734134674073  -11.224780082702637  -12.206398105621338 -0.95520677566528323  0.93016592788696284 -0.10179426193237305, 40.583775320466415  1.9047807774745353  7.8041779025402604  -8.482725138829279 -3.2221296232668362   1.843199851556804 0.18075236231449332,   0.56726133823394775 -0.0079458281397819519    0.23061668872833252,   -0.6689644455909729  -0.011206219904124737 -0.0089971115812659264    0.74315547943115234, 0.082937330007553101   0.47514259815216064 0.0083843385800719261,-0.0020749371033161879     1.6215695142745972  -0.014796447940170765,  0.24540999531745911  0.021093843504786491  0.069874085485935211  0.021093843504786491   0.23445138335227966 -0.016203880310058594  0.069874085485935211 -0.016203880310058594   0.18698412179946899,  -0.76756374209008271   -0.26030923226549874   -0.80248744222366497     0.5784159610966455    0.43160494037675079   0.081198800194748344 2.3903145240922186e-05,0.33292484283447266
IIWA_7,1714566728.0491304,-0.45264627192703322    1.123204761274011  0.10904398309256708  -1.3410422570035208  -1.8738036477099731  -1.8307394979206046 -0.91284590114194808,  0.16225230802515211 -0.012473511841622684   0.91647339875951894  -0.87275545560161849   0.63806177389848484    1.2194256486041426  -0.16572482950307466, -13.041910835266114   63.018427124023439   -10.26076955795288  -11.143785591125487 -0.96665164947509763     1.58899174118042   -0.149520751953125,   40.439908696136655    1.0240476422695663     8.158516074762467   -8.2191861556408714   -3.1592873778344304    1.2236040984332179 0.0028282152820997553,   0.56785786151885986 -0.0050850408151745796    0.23009438812732697,  -0.66832119226455688 -0.0094651412218809128 -0.0098636951297521591    0.74374717473983765, 0.087925702333450317   0.49484014511108398 -0.012856057845056057,-0.0020757084712386131     1.6221722364425659  -0.014801949262619019,  0.24561432003974915  0.020205721259117126  0.069944672286510468  0.020205721259117126   0.23473910987377167 -0.015624447725713253  0.069944672286510468 -0.015624447725713253   0.18671154975891113,  -0.73345795541523984   -0.24998484228078155   -0.76986326038852582    0.56301463068919588    0.42027106933417713   0.075927406381737228 2.2845854097397478e-05,0.34684139490127563
IIWA_7,1714566728.0541298,-0.45154198552866853   1.1231459785848039  0.11395895331189537  -1.3461410054843455   -1.871385806270738  -1.8222336343929304 -0.91352612576462033, 0.17397330235470906 -0.01233011704158276  0.92977752778074707 -0.90215430371428285  0.60716307668819069   1.3157750599902838 -0.15978884850934991,  -11.85762682723999   61.313918472290041  -9.1558990478515625  -9.0467325592041021  -0.6849316787719727  0.88310694122314448 0.042386463165283203,   40.30910963850306  0.13119793423783133   8.5747626946671929  -7.8837092721842357  -3.0450162822290849  0.66553226415328526 -0.18943771760294836,   0.56840962171554565 -0.0021542233880609274     0.2294701486825943,  -0.66779714822769165 -0.0076330928131937981  -0.010630839504301548    0.74422824382781982, 0.089878089725971222   0.51347416639328003 -0.033939249813556671,-0.002634967677295208    1.6227885484695435 -0.014020951464772224,  0.24583178758621216  0.019300594925880432   0.06999620795249939  0.019300594925880432   0.23502838611602783 -0.015023280866444111   0.06999620795249939 -0.015023280866444111   0.18642647564411163,  -0.69889177381643464   -0.23937785152039481   -0.73648123851732805     0.5470651816157357    0.40889309837410792   0.070551700710019816 2.1804541283643175e-05,0.36024552583694458
IIWA_7,1714566728.0591307,-0.45032259063006091   1.1230206835794647    0.119043500484929  -1.3512389748938254   -1.869132580272294  -1.8134879066664127 -0.91424799557949143,  0.18795443782807195 -0.014875893846834159   0.94720390914594266  -0.92564221935062352   0.57585950128831342    1.4024491570529356  -0.15670587140232398, -12.297196487426758   61.709127891540525  -9.9649635887145998  -9.3108450317382818 -0.74831867218017578   2.0482340507507324 0.015686328887939454,   40.19240373855952 -0.86898665991303381   9.1039237978977656  -7.4633865592271702  -2.8677451812840893   0.1040779277086461 -0.40511926029668044,    0.5688968300819397 0.00082878308603540063    0.22870112955570221,  -0.66741102933883667 -0.0056680813431739807  -0.011294118128716946    0.74458235502243042, 0.088587544858455658   0.53053510189056396 -0.056633692234754562,-0.0032001000363379717     1.6234121322631836  -0.013120644725859165, 0.24607677757740021 0.018376624211668968 0.070021428167819977 0.018376624211668968  0.23531776666641235 -0.01440324354916811 0.070021428167819977 -0.01440324354916811  0.18611720204353333,  -0.66381225989786685   -0.22855257713150223   -0.70239554338602517    0.53055054559347781    0.39742222998739862   0.064948430535061163 2.0767468633664521e-05,0.37283959984779358
IIWA_7,1714566728.0641305,-0.44903260861693334   1.1228638101138031  0.12420558554622863  -1.3564514536101995  -1.8670541322432763  -1.8044827802524823 -0.91502283559174502,  0.20196283078756067 -0.018175653703932218   0.96424652976873937  -0.94901292413546257   0.54382552219135827    1.4821643821995631  -0.15635829761200262, -13.820231426239014   63.642158996582033  -11.291688575744629  -12.084906368255615  -1.0784592628479004    1.073011646270752 -0.16754334259033202, 40.022824879494486 -1.8490032361245319  9.6303355115000446 -7.0247632193583076 -2.6744916046965397 -0.4247199867440683 -0.6212499968735411,  0.56935751438140869 0.0039190668612718582   0.22783829271793365, -0.66713178157806396 -0.003660684684291482 -0.011866791173815727   0.74483621120452881,  0.08618452399969101   0.54853194952011108 -0.078539900481700897,-0.0037470355164259672     1.6240395307540894  -0.012118556536734104,  0.24632585048675537  0.017434597015380859  0.070032753050327301  0.017434597015380859   0.23560871183872223 -0.013752536848187447  0.070032753050327301 -0.013752536848187447   0.18580171465873718,  -0.62824366827740619   -0.21729852795804305   -0.66728110527058959    0.51347442425431211    0.38598020347002659   0.059358467503045631 1.9769265335867203e-05,0.38643324375152588
IIWA_7,1714566728.0691309,-0.44773621513679851   1.1226807510370416  0.12937522057462317  -1.3618846217928389  -1.8651560228026818  -1.7955752654130432 -0.91594801782943325,  0.21342600383544164 -0.021862886033606855   0.97818262495077324  -0.97653706661394579   0.51098479537686825    1.5420320993372136  -0.16209392759713118, -12.769028141021728   64.909786487579339  -10.970351734161376    -12.0734614944458 -0.60745868682861326   2.5014688301086427  -0.1385069465637207,  39.768637273732367  -2.6274397671579335   10.043636681658885  -6.6594681796374431   -2.522382857824593 -0.85829431941560763 -0.80190112082454146,  0.56981593370437622 0.0071393917314708233    0.2269895076751709, -0.66692787408828735 -0.001746864290907979 -0.012388496659696102   0.74501723051071167, 0.083865083754062653   0.56818306446075439 -0.095469899475574493,-0.0041753100231289864     1.6246670484542847  -0.010976424440741539,  0.24654920399188995  0.016485577449202538  0.070043846964836121  0.016485577449202538   0.23589964210987091 -0.013066885061562061  0.070043846964836121 -0.013066885061562061   0.18550729751586914,  -0.59259621698526388   -0.20555152461909643   -0.63124011472570629    0.49596771424020858    0.37479093404968467   0.054072668260296552 1.8847976512859077e-05,0.4010474681854248
IIWA_7,1714566728.0741291,-0.44636000665913927   1.1224769593031787  0.13461364513749116   -1.367385141358648  -1.8633939582866219  -1.7865748128817664 -0.91706854288024153,  0.22578914217472273 -0.025641978181400207   0.99208308247533838   -1.0012504359235208   0.47927041694388939    1.5936437807208428  -0.17449614411003636,   -12.227295501708985     65.348011898040767    -9.8910120964050297    -8.9041118240356436    -1.0388423919677734     1.6857797279357911 -0.0033375167846679686,  39.483683045221177  -3.3602098828720752   10.458752535548996  -6.2813927055986412  -2.3597050182999784  -1.2403211103473737 -0.97604601010870262, 0.57023149728775024 0.010451759211719036  0.22609284520149231,  -0.66681486368179321 0.00015850162890274078   -0.01283253263682127    0.74511289596557617,0.079978309571743011  0.58762949705123901 -0.11091884970664978,-0.0044399229809641838     1.6252990961074829 -0.0096345217898488045,  0.24677315354347229   0.01552798505872488  0.070041917264461517   0.01552798505872488   0.23618803918361664 -0.012354260310530663  0.070041917264461517 -0.012354260310530663   0.18521270155906677,  -0.55682646631982635   -0.19347228413657547   -0.59447068175533246    0.47803268202084581    0.36377760014527638   0.048922794761985244 1.7979843391913164e-05,0.41543117165565491
IIWA_7,1714566728.079128, -0.4449048820285203    1.122257168572395  0.13996352293573303  -1.3728678643474901  -1.8617804020912847  -1.7777076848521356 -0.91837212689872838,  0.23883629896453723 -0.029305211776468519    1.0076615779099454   -1.0203092682925012   0.44795858136859978    1.6296001457619085  -0.19174027602750299, -12.600996925354004   65.091260200500486  -11.142024841308594  -10.727368259429932 -0.84427953720092774   2.1520308227539062 0.077096637725830072, 39.181675579244882 -4.0573590158548125  10.868436099598547 -5.8264909239455447 -2.1717576823374971 -1.4794043667422989 -1.1457816557726035,0.57051658630371094 0.01380497682839632 0.22517579793930054, -0.66669750213623047 0.0020119408145546913 -0.013147761113941669   0.74520975351333618,0.071370400488376617    0.604866623878479 -0.12408170104026794,-0.0046084914356470108     1.6259300708770752 -0.0082583436742424965, 0.24701793491840363 0.014581810683012009 0.070016555488109589 0.014581810683012009  0.23647235333919525 -0.01163029856979847 0.070016555488109589 -0.01163029856979847  0.18489745259284973,   -0.5216555696341274   -0.18133950894938522   -0.55772825846212015    0.45992584361087552    0.35325233196026318   0.044393085770089158 1.7210813219037391e-05,0.42783209681510925
IIWA_7,1714566728.0841289,-0.44340241981434719   1.1220146078398574  0.14533976611398783  -1.3785009893392934  -1.8603101773955764  -1.7688301905484958 -0.91986014814958739,    0.251167527738554 -0.033146598722678375    1.0211789894581484   -1.0415724143061351   0.41717585292321363    1.6587798887551197  -0.21291307085636266,  -12.502866695404053    68.075494590759277   -11.922917385101318   -11.745962028503417   -1.1321621322631836    2.3022190780639646 0.0096787986755371095, 38.820531738538619 -4.6165503001306254  11.210749777693479 -5.4068314001420887 -2.0109957424147522 -1.6350132616239361 -1.2825216209105077, 0.57074874639511108 0.017243850976228714  0.22424675524234772, -0.66662400960922241 0.0037623282987624407 -0.013427209109067917   0.74526369571685791,0.062074080109596252  0.62211436033248901 -0.13506408035755157,-0.0047699999995529652     1.6271635293960571 -0.0070684794336557388,  0.24726173281669617  0.013637284748256207  0.069979950785636902  0.013637284748256207   0.23675021529197693 -0.010883253999054432  0.069979950785636902 -0.010883253999054432   0.18458437919616699,  -0.48673676712684966   -0.16895053154541984   -0.52053726139789092     0.4415827971495645    0.34307177614323336   0.040225803056515019 1.6514383638366326e-05,0.44009670615196228
IIWA_7,1714566728.089129,-0.44183200691457231   1.1217942779114181  0.15072218110372693  -1.3842282504096324  -1.8589619042652255  -1.7601986723685732  -0.9216271022491801,  0.26375053818183869 -0.035330476115716478    1.0322397911560828   -1.0623483742584656   0.38767160755260721     1.672284638200999  -0.24100862066879855, -11.793102840423584   67.367074985504146  -10.947461986541748  -11.528509426116944 -0.92087215423583979   2.1603746147155762 -0.14985450363159181, 38.410294972737717 -5.0498543894306076  11.475378829147797 -5.0242084815640293 -1.8762972605279344 -1.6757069715184905 -1.3783805681227617, 0.57091695070266724 0.020767705515027046  0.22336681187152863, -0.66653001308441162 0.0053205168806016445 -0.013644359074532986   0.74533432722091675,0.051830761134624481  0.63934892416000366 -0.14181850850582123, -0.004792703315615654     1.6277675628662109 -0.0048563708551228046,  0.24749355018138885   0.01270764134824276  0.069937773048877716   0.01270764134824276   0.23702020943164825 -0.010115797631442547  0.069937773048877716 -0.010115797631442547   0.18428193032741547,  -0.45253923754362546   -0.15635711951400566   -0.48317662433916553    0.42322193713051348    0.33351132828318697    0.03683945132859634 1.5931708396976774e-05,0.45184653997421265
IIWA_7,1714566728.0941308,-0.44018453554666037    1.121531284063912  0.15619447782286675  -1.3899874494781197   -1.857732418592831  -1.7517061113041252  -0.9236783222692021,  0.27689928526194835 -0.038784134792815367    1.0446837016904591   -1.0802466621462652   0.35931671293786371    1.6775301531387177  -0.27485569733591902,  -10.879013027191162    66.596819892883303   -10.908725490570069   -10.702717761993409  -0.77384954452514643    2.5161539039611815 -0.090112953186035155, 37.994525296227557 -5.4618859054357172  11.759017953435727 -4.6153924378458182 -1.7300575689665703  -1.657144681959257 -1.4655356909976813, 0.57099056243896484 0.024355009198188782   0.2224675714969635, -0.66646182537078857 0.0068018794991075993 -0.013788116164505482   0.74538064002990723,0.039574082940816879  0.65569823980331421 -0.14795704185962677,-0.0046851122751832008     1.6277705430984497 -0.0038840591441839933,   0.24773883819580078   0.011784510686993599   0.069877274334430695   0.011784510686993599    0.23728145658969879 -0.0093312617391347885   0.069877274334430695 -0.0093312617391347885    0.18397016823291779,  -0.41875805522018084   -0.14362821463986819   -0.44560386216030423    0.40469057310321688    0.32435556894672146   0.033881047432515743 1.5419279186801305e-05,0.46297499537467957
IIWA_7,1714566728.0991266,-0.43844220902456099   1.1212163986325012  0.16172166231082177  -1.3957733133596697  -1.8565973686720048   -1.743436097281682 -0.92604586576285552,  0.29121248909353392 -0.043622725090683614    1.0568343408705685   -1.0956318849790123   0.33285536718334091    1.6728246834087024  -0.31458629761487217,  -11.8804790725708  67.971987361907964 -11.351554069519043 -12.946793403625488 -1.6515833282470702  2.2244549369812012 0.20091851043701173, 37.509161745390585  -5.853716751627176  12.007791110703353 -4.1603465919366043 -1.5730646630637222 -1.5313833480854944 -1.5268213117670411, 0.57094550132751465 0.028000630438327789  0.22158040106296539, -0.66634780168533325 0.0081152180209755898 -0.013849521987140179   0.74546825885772705,0.024777699261903763  0.67112928628921509 -0.15232494473457336,-0.0046883914619684219     1.6289099454879761 -0.0038867779076099396,     0.247998908162117   0.010882485657930374    0.06979861855506897   0.010882485657930374    0.23753201961517334 -0.0085359951481223106    0.06979861855506897 -0.0085359951481223106    0.18364618718624115,  -0.38590684572969991   -0.13086031553388722   -0.40821535823098998    0.38622252679765268    0.31586927736526604   0.031765227040736477 1.5015101162418887e-05,0.47333630919456482
IIWA_7,1714566728.1041257, -0.4366416991156864   1.1208903677466531  0.16725963249722181  -1.4017306116615815  -1.8556067047787412  -1.7353637630682277 -0.92871067798894869,  0.30499038762981084 -0.047939415506472884    1.0669862801524563   -1.1147974400596832   0.30591084947721359    1.6611531152651349  -0.35826152713562415,  -11.535006893157959    68.270410800933831   -11.604221668243408   -12.805933418273925  -0.57664556503295894    2.4864500045776365 -0.037380187988281251, 36.952171850870499 -6.0679029910716986  12.141711382094595 -3.7603380120400027 -1.4559796625523695 -1.2988899881716165 -1.5444813108110138, 0.57082360982894897 0.031728439033031464  0.22074998915195465, -0.66621202230453491 0.0092150652781128883 -0.013889254070818424   0.74557608366012573,0.0096312891691923141   0.68677240610122681  -0.15346919000148773,-0.0043554054573178291     1.6294512748718262 -0.0022964549716562033,   0.24825367331504822  0.0099958060309290886    0.06971200555562973  0.0099958060309290886    0.23777081072330475 -0.0077225002460181713    0.06971200555562973 -0.0077225002460181713    0.18333113193511963,  -0.35377046090356856   -0.11794346308580117   -0.37071346190220567    0.36776565444895937    0.30797439595797726   0.030367427378941159 1.4705075379595201e-05,0.48358544707298279
IIWA_7,1714566728.1091268,-0.43476976313433702   1.1205370727453106  0.17282984033298621  -1.4076801801184025  -1.8546637859379624  -1.7273947329297032 -0.93169798582740682,  0.31886974935782397 -0.052483332458878824    1.0763973375525411   -1.1298206903205839    0.2824454332129227    1.6476836977530862  -0.40610153524682457, -11.356221679687501   67.676252422332766   -11.07863784790039  -10.265171432495118  -1.2783043670654297   1.9431022720336915 -0.21493608093261718,  36.372083198270161  -6.1085987486712003   12.196687869445018  -3.4236734950729049  -1.3818230259387381 -0.95215817805719993  -1.5166705028474361, 0.57061690092086792 0.035533491522073746  0.21999263763427734, -0.66603779792785645  0.010074949823319912 -0.013911190442740917   0.74572020769119263,-0.0060968832112848759    0.70237129926681519   -0.15138930082321167,-0.0040649478323757648     1.6299649477005005 -0.0016046243254095316,   0.24850456416606903  0.0091304313391447067   0.069617196917533875  0.0091304313391447067    0.23799587786197662 -0.0068950867280364037   0.069617196917533875 -0.0068950867280364037    0.18302489817142487,   -0.3225511974482842    -0.1049460495634591   -0.33330669133047053    0.34941810157018693    0.30074543847202762   0.029776165643369268 1.4494345279558729e-05,0.4935745894908905
IIWA_7,1714566728.1141284,-0.43282496314737534   1.1201342230468483  0.17848094167066975  -1.4135565249227022  -1.8538059072177893  -1.7196247007600851  -0.9350176760230271,  0.33288779896472626 -0.058100653905593901    1.0871619235493744   -1.1389103444284578   0.26027149537726524    1.6289482449871944  -0.45766883602227104, -11.521564395904541   68.295951545715326   -11.90619026184082  -12.684441680908202 -0.70165880203247066    2.226123695373535 0.080767906188964844,  35.723019128784344   -6.222402110092899   12.264778679613457  -2.9948697134385882  -1.2554400293657189 -0.55134085030042357   -1.480609607829579, 0.57027041912078857 0.039403293281793594   0.2192433625459671,  -0.6658329963684082  0.010775645263493061 -0.013848008587956429   0.74589449167251587,-0.024523817002773285   0.71742737293243408  -0.14932045340538025,-0.0037563350051641464     1.6304488182067871 -0.0010231822961941361,   0.24877610802650452  0.0082841990515589714    0.06950099766254425  0.0082841990515589714     0.2382085770368576 -0.0060553834773600101    0.06950099766254425 -0.0060553834773600101    0.18270383775234222, -0.29215419269856824 -0.091904189810421144  -0.29597611804543789   0.33108346323285076   0.29415890751849361  0.029963798710674894 1.437657992653385e-05,0.50352120399475098
IIWA_7,1714566728.1191263,-0.43082533527820849   1.1197293959994268  0.18412545166335004  -1.4196080191897595   -1.853046107274932  -1.7118700683940389 -0.93865554737710144,  0.34629535393845517 -0.062673605021335427    1.0955099385467113   -1.1531880462250588   0.23860919401610189    1.6133438906316049  -0.51164992298079048,-12.118411273956299  69.632135772705084 -12.555906944274902 -12.780402545928954 -1.4939962196350098  2.2885352592468262 0.13717193984985351,  35.085087073199283  -6.2289051382672458   12.309778439509232  -2.6412424975873039  -1.1703125335398443 -0.11862499061898113  -1.4024435436523559, 0.56986904144287109 0.043326064944267273  0.21854041516780853,  -0.6656222939491272  0.011282384395599365 -0.013824375346302986   0.74607539176940918,-0.041647728532552719   0.73154878616333008  -0.14575342833995819, -0.0034204698167741299      1.6304497718811035 -0.00054411095334216952,   0.24904659390449524  0.0074521577917039394   0.069376580417156219  0.0074521577917039394    0.23840340971946716 -0.0052038906142115593   0.069376580417156219 -0.0052038906142115593    0.18239371478557587,  -0.26240354915518793  -0.078828897828842059   -0.25866122176498862    0.31288285446162689    0.28800892784452969   0.030590236900884804 1.4315555851851514e-05,0.51291960477828979
IIWA_7,1714566728.1241262,-0.42878004752323096   1.1193382308439743  0.18975450207493155   -1.425707390456193  -1.8523863996957488  -1.7042443861891177 -0.94260141338453363,  0.35884779334986544 -0.065785490235166555    1.1015699673006298   -1.1665252876373851   0.21727565838020996    1.5957024007021325  -0.56715457868191987,  -11.40864741897583   67.010848808288571   -11.51354305267334  -10.348807048797607 -0.78441404342651366   2.2027610778808593  0.03637893295288086, 33.688344544888899 -5.9504334849347389  12.229059634051151 -2.0767861173273392 -1.0720258589275535 0.87985076679726104 -1.1408437777849894,0.56884855031967163 0.05134885385632515 0.21729348599910736, -0.66515922546386719  0.011649374850094318 -0.013833940960466862    0.7464824914932251,-0.075108803808689117   0.75835669040679932  -0.13480129837989807, -0.0034214269835501909      1.6309061050415039 -0.00054426322458311915,   0.24958464503288269  0.0058377319946885109   0.069101512432098389  0.0058377319946885109    0.23874068260192871 -0.0034633663017302752   0.069101512432098389 -0.0034633663017302752    0.18180447816848755,  -0.20502315358683632  -0.052557165462374655   -0.18404428039886511      0.276903217054425    0.27727931107257575   0.033534521953981766 1.4401970283017818e-05,0.5310896635055542
IIWA_7,1714566728.1291254,-0.42667364030134397   1.1188575436060302  0.19546324749265148   -1.431686260373161  -1.8517828740906541  -1.6965775982078195 -0.94686090644098597,  0.37133452355537178 -0.071855881705899016    1.1096057905493011   -1.1723750267886301   0.19796155090795559    1.5832334398136325  -0.62410338520362973, -10.067086193084716   66.746031612396237  -11.217737083435058  -11.348912944793701 -0.97809652328491214   1.9184046478271484 0.060742805480957028, 33.688344544888906  -5.950433484934738  12.229059634051151 -2.0767861173273419 -1.0720258589275553 0.87985076679725971 -1.1408437777849894,0.56884855031967163 0.05134885385632515 0.21729348599910736, -0.66515922546386719  0.011649374850094318 -0.013833940960466862    0.7464824914932251,-0.075108803808689117   0.75835669040679932  -0.13480129837989807,  -0.002999449847266078      1.6320483684539795 -0.00012063277245033532,   0.24958464503288269  0.0058377319946885109   0.069101512432098389  0.0058377319946885109    0.23874068260192871 -0.0034633663017302752   0.069101512432098389 -0.0034633663017302752    0.18180447816848755,  -0.20502315358683632  -0.052557165462374655   -0.18404428039886511      0.276903217054425    0.27727931107257575   0.033534521953981766 1.4401970283017818e-05,0.5310896635055542
IIWA_7,1714566728.1341279,-0.42446728450909693   1.1183483338702007  0.20122358506122651  -1.4376953904814509  -1.8512395572832985  -1.6887187030356685 -0.95137116949519562,    0.385321850534179 -0.077853094797897759    1.1180981351824419   -1.1782652257624981    0.1801019130205902    1.5809425587369459  -0.67969323033128992,-10.880357276916504  68.899519672393794 -11.877137889862061 -13.964506797790527 -1.8919256782531737  1.4631673583984375 0.14251196670532226,  32.994006387172853  -5.8552030839667788   12.252951471647009  -1.7644035874158672 -0.99260585401193602   1.3869450683012725 -0.99478795151499844, 0.56818848848342896 0.055420640856027603  0.21666078269481659, -0.66493570804595947  0.011620925739407539 -0.013818424195051193   0.74668234586715698,-0.093026086688041687    0.7700728178024292  -0.13112619519233704,-0.0018142466433346272     1.6320500373840332 0.00070418958785012364,   0.24987998604774475  0.0050528622232377529    0.06893622875213623  0.0050528622232377529    0.23888276517391205 -0.0025787015911191702    0.06893622875213623 -0.0025787015911191702    0.18150010704994202,  -0.17727664154332246  -0.039430821581198927   -0.14678055021821734    0.25906074149784075    0.27258637115323836   0.035641758322491057 1.4528398928348452e-05,0.53975850343704224
IIWA_7,1714566728.1391287,-0.42219717271193913   1.1178663882498661  0.20699129282798348   -1.443844256558394  -1.8508044819564271  -1.6807391267451388 -0.95613154335812078,  0.39906195231365538 -0.081560300651704457    1.1251868188162326   -1.1885668236877223   0.16148454349132699    1.5839370986107448  -0.73416953878203839, -10.067086193084716   66.857604339599604  -11.639436664581298  -11.860410766601563 -0.47364170074462891   1.6867809829711915  0.04372146987915039,  32.337920271311845  -5.6025909244103849   12.247804510172614  -1.6008390275890219 -0.96923628003734885    1.879935153569122 -0.79117606176011668, 0.56753098964691162 0.059537876397371292  0.21610844135284424, -0.66475820541381836  0.011364390142261982 -0.013930151239037514   0.74684226512908936,-0.10738649219274521  0.78118854761123657 -0.12494543939828873,-0.0018145851790904999     1.6323546171188354 0.00070432096254080534,   0.25015291571617126  0.0042767333798110485    0.06877443939447403  0.0042767333798110485    0.23900316655635834 -0.0016808070940896869    0.06877443939447403 -0.0016808070940896869     0.1812320202589035,  -0.14992870672347891  -0.026258670050793853   -0.10933934921286692     0.2413959526856857    0.26818815235696292   0.037877779674566625 1.4687116411948864e-05,0.54769670963287354
IIWA_7,1714566728.1441288,-0.41984706625742696   1.1173146944729659  0.21281544639716229  -1.4498844857068773  -1.8503917452731851  -1.6724413691870723 -0.96110469707330748,  0.41325382003141109 -0.087315991597368345    1.1331155978201388   -1.1924626248895116   0.14569710212274331    1.5990599812112558  -0.78626177963309851,  -10.18941291809082   65.772794811248772   -10.80220012664795  -10.758181381225587  -1.6260524559020997   1.7325049629211426 -0.03637893295288086,  31.618422499789993   -5.399447139437255   12.265260640818276  -1.4209928754385832 -0.91925540060973532    2.317491504861497 -0.57740900045490395, 0.56683754920959473 0.063739262521266937  0.21554717421531677, -0.66465413570404053  0.010992110706865788 -0.014085031114518642   0.74693751335144043,-0.12055236846208572  0.79336464405059814 -0.12032866477966309,-0.0014374752063304186     1.6323548555374146 0.00089792895596474409,    0.25042954087257385   0.0034990340936928988    0.068602092564105988   0.0034990340936928988     0.23910343647003174 -0.00076126976637169719    0.068602092564105988 -0.00076126976637169719     0.18097546696662903,  -0.12260150735876607  -0.012919241319409025  -0.071291240625548369    0.22364486097270486    0.26398140544259263   0.040130621446365922 1.4871515574554905e-05,0.55658972263336182
IIWA_7,1714566728.1491256,-0.41740510061547154   1.1167194979281279  0.21872606619547877   -1.455879054860467  -1.8500624187475605  -1.6638636602715702 -0.96626324675204101, 0.42828168170334585 -0.09366065507141802   1.1429172701887702   -1.193752866055195  0.12973074272317714   1.6223563415890903 -0.83535141085581988,-10.065741943359376   67.51359820556641 -12.078743743896483 -13.489984722137452 -1.1585733795166016  1.2662538681030273 0.14351322174072265,  30.885100879996784  -5.2867867021469035   12.354346475141313   -1.189993820361863 -0.82820217273200791   2.7173828214905358 -0.37771740296098755, 0.56604772806167603 0.068006299436092377  0.21492843329906464, -0.66460579633712769  0.010549016296863556 -0.014210919849574566   0.74698454141616821,-0.13521233201026917  0.80563855171203613 -0.11887891590595245,-0.0014377026818692684     1.6326130628585815 0.00089807104086503386,   0.25073146820068359  0.0027245462406426668   0.068406775593757629  0.0027245462406426668    0.23918458819389343 0.00017661845777183771   0.068406775593757629 0.00017661845777183771    0.18070803582668304, -0.095448017864541157  0.0005335719714949505   -0.03277506614818293    0.20580223315302959    0.26004982812377619   0.042530061106660355 1.5094881788968451e-05,0.56617897748947144
IIWA_7,1714566728.1541257,-0.41489919919969243   1.1161423377248627  0.22464004149836528  -1.4619898711234705  -1.8498091201604161  -1.6548933480493122 -0.97157088027381833,  0.44286140199384111 -0.098014932187740336    1.1508928282664765   -1.1994349433642948   0.11391653766431778    1.6566975621615911  -0.88058646955574882,  -11.158616970062257    66.967832817077635    -12.49868257522583   -12.696766929626465   -1.2008313751220703    1.7441862716674805 -0.081101657867431634,  30.192299832056314  -5.0934238060093167   12.473631283506041  -1.0839590926079525 -0.77776593162659746    3.035063395952017 -0.14317797348563538, 0.56529176235198975 0.072326637804508209  0.21432501077651978, -0.66468089818954468 0.0099875731393694878 -0.014473088085651398   0.74692040681838989,-0.14577697217464447  0.81750208139419556 -0.11712832748889923,-0.0011339433258399367     1.6328281164169312  0.0010604998096823692,  0.25101828575134277 0.0019440555479377508  0.068211853504180908 0.0019440555479377508   0.23924136161804199 0.0011331483256071806  0.068211853504180908 0.0011331483256071806   0.18047481775283813, -0.068135307987660099   0.014100907721470435  0.0063728948473951164    0.18796828539269228    0.25611215774290486   0.044545296955078584 1.5313532664151808e-05,0.57512545585632324
IIWA_7,1714566728.159127, -0.4123589030166766    1.115530003683016  0.23056018861273608  -1.4680384292013104  -1.8495967596671405   -1.645505924934191 -0.97702669857590863, 0.45590096891570581 -0.10290530742405968   1.1575201471880134  -1.2014902778050356 0.099627649862476395   1.7008549743341208 -0.92270190772821103,  -10.534885097503663    65.206865676879886   -11.514423427581788   -10.891117992401123   -1.0273975181579589    1.1180681228637694 -0.055069026947021482,  29.478421686185833  -4.8668581265405804    12.59950284779878  -1.0282154157277592 -0.73008879902527624    3.306103411918909  0.10740423366273183, 0.56452786922454834 0.076727882027626038  0.21372126042842865, -0.66486084461212158 0.0093051781877875328 -0.014797164127230644   0.74676269292831421,-0.15479199588298798  0.83013683557510376 -0.11573436856269836,-0.00087401998462155461      1.6330025196075439   0.0012566283112391829,  0.25129860639572144   0.00115902756806463    0.0680118128657341   0.00115902756806463   0.23927493393421173 0.0021131699904799461    0.0680118128657341 0.0021131699904799461   0.18026617169380188, -0.040697869585493152   0.027846708336554116   0.046299072159250443    0.17007822461589939    0.25231354108168347   0.046418439604956063 1.5556318899712096e-05,0.58451002836227417
IIWA_7,1714566728.1641307,-0.40975305313962052   1.1148629018637404  0.23656644241841865  -1.4740014799993539  -1.8494414442132689  -1.6356856315848087 -0.98254417586981324, 0.46895477021480819 -0.10900831871027378   1.1662662699777133  -1.1997142541657682 0.085914738044844965   1.7534957134425879 -0.95886061793875355, -9.9151859741210941   65.821187801361077  -11.992467002868652  -13.239958248138427 -0.86364778518676755    1.354030559539795  0.10012550354003906,  28.773938455418726  -4.8071953152564149   12.871122959432389 -0.88426097803153891 -0.61156850887027647   3.4830688503867231  0.33357986542299334, 0.56371140480041504 0.081191927194595337  0.21302028000354767, -0.66517740488052368 0.0086371619254350662 -0.015125589445233345   0.74648219347000122,-0.16441334784030914   0.8426477313041687 -0.11850374937057495,-0.00035581222618930042      1.6331236362457275   0.0019340153085067868,   0.25160300731658936 0.00036435731453821063   0.067789658904075623 0.00036435731453821063     0.2392856776714325  0.0031164688989520073   0.067789658904075623  0.0031164688989520073    0.18005305528640747, -0.012942014694594661   0.041764537634492171   0.087107205589909142    0.15197232608166189    0.24849421293726692   0.047895465307590257 1.5801349562138967e-05,0.59433454275131226
IIWA_7,1714566728.1691573,-0.40707817418165104   1.1142054472428218  0.24260235722207424  -1.4800707108476854  -1.8493320522117418   -1.625318977421139 -0.98808490247651759,  0.4821589744906255 -0.11350483980496287   1.1744496081283944  -1.2025406372658722 0.073107470496962104   1.8174627373008614 -0.98871755861917687, -9.8896452293395996    66.77829360580445  -12.032083873748778  -12.615772438049316   -1.839983558654785     1.06800537109375 -0.02970389938354492,  28.140702270729868  -4.7203826976261771   13.225999522247317 -0.83226893438726146 -0.51778760467918628   3.5618261341590358  0.57388796265090614,0.56291693449020386 0.08567451685667038 0.21227498352527618, -0.66565674543380737  0.007935388945043087 -0.015568308532238007   0.74605345726013184,-0.17142845690250397  0.85329324007034302  -0.1225428506731987,-0.00035583291901275516      1.6332186460494995   0.0019341278821229935,    0.25190627574920654 -0.00043914097477681935    0.067560508847236633 -0.00043914097477681935     0.23927102982997894   0.0041354391723871231    0.067560508847236633   0.0041354391723871231     0.17986218631267548,  0.015120346072983182   0.055749528285353733    0.12859431336753602    0.13383712954784244    0.24453929990109202   0.048705997907738663 1.6025128779517672e-05,0.60274672508239746
IIWA_7,1714566728.1741509,-0.40432563745311262   1.1135393640413309    0.248674644141926  -1.4860881101078049  -1.8492864162151252  -1.6144338258611082 -0.99362143462069707, 0.49582864873403737 -0.11744719990360485    1.182451163296786  -1.2027284802174807 0.060311416262231902   1.8893762522419204  -1.0124353326625211,  -8.6959514732360841    63.366587802886961   -11.557561798095703   -11.238866081237793 -0.040497245788574221    1.5546153182983398   0.11147306060791015,  27.523820276307198  -4.6114749205437766   13.620424678571501 -0.83014963829826893   -0.425955676712227   3.5761100172380305   0.8239994281055889, 0.56215000152587891 0.090217046439647675  0.21151430904865265, -0.66628742218017578 0.0071791256777942181  -0.01609022356569767   0.74548685550689697,-0.17616312205791473  0.86409825086593628 -0.12642572820186615,0.00038204554584808648     1.6331853866577148  0.0031831399537622929,   0.25220009684562683 -0.0012544709024950862   0.067328751087188721 -0.0012544709024950862    0.23923030495643616  0.0051777036860585213   0.067328751087188721  0.0051777036860585213    0.17970249056816101,  0.043612556281935611   0.069904405191500985    0.17105694638086533    0.11561479337718339    0.24051649676692932   0.048987196287875179 1.6245262024483509e-05,0.61098194122314453
IIWA_7,1714566728.1791263,-0.40146650092260089   1.1127717744540391  0.25483124017304304   -1.492015148218395  -1.8492204551612375   -1.602928969951966 -0.99908594149905294, 0.51102838020769914 -0.12466134341455745   1.1922247718821104   -1.199264308597586 0.050887575165296982   1.9716952381592239  -1.0285285412642517,  -7.9095653839111328    64.683952533721921   -11.591016044616699   -11.489772930145264   -1.9570734214782715   0.39950075912475586 -0.026366382598876952,  26.286532091203636  -4.7004698171613191   14.732731852743251 -0.68763321184549264 -0.12231389719291286   3.3315766932438335   1.2500199125978642, 0.56057101488113403 0.099502876400947571   0.2096971720457077, -0.66807937622070312 0.0058229546993970871 -0.017161181196570396   0.74386930465698242,-0.18543894588947296  0.88669669628143311 -0.14305804669857025,0.00093076302437111735     1.6331828832626343  0.0041417889297008514,   0.25283780694007874 -0.0029332635458558798   0.066812485456466675 -0.0029332635458558798    0.23907077312469482  0.0073441937565803528   0.066812485456466675  0.0073441937565803528    0.17940165102481842,   0.10240427943042363   0.098873265724996884    0.25959731386748786   0.078406578427170359    0.23200177727744631   0.047495817159237674 1.6640223421404698e-05,0.62909424304962158
IIWA_7,1714566728.1841261,-0.39849471277001763   1.1119955561770918  0.26103379552302053  -1.4979757421382669  -1.8492263992290709  -1.5909504974609285  -1.0044961000244155, 0.52769423026948958 -0.13077780580953771    1.201882031504788  -1.1978352036729456 0.040472297418897726   2.0564950901688772  -1.0392291740259028, -8.4728060188293455   65.650468086242682  -12.544462070465087  -13.106141262054443 -0.70694105148315434   1.8840282249450684 -0.15219076538085938,   25.696320282188651    -4.692018628892602    15.361130667867759  -0.70742568129788175 0.0030529903960605509    3.0961996640479321    1.4662883237896516,0.55985170602798462 0.10425113141536713 0.20873135328292847, -0.66926789283752441 0.0051616230048239231 -0.017800703644752502   0.74278998374938965,-0.18636997044086456  0.89858627319335938 -0.15121029317378998,0.00093071331502869725     1.6330956220626831  0.0041415677405893803,   0.25314724445343018 -0.0038004498928785324   0.066549055278301239 -0.0038004498928785324    0.23894847929477692  0.0084675746038556099   0.066549055278301239  0.0084675746038556099     0.1792980432510376,   0.13287949257012599    0.11365862786316683    0.30579557149312819    0.05954957520515336    0.22741594126252096    0.04548628297840196 1.6793753054855642e-05,0.63809853792190552
IIWA_7,1714566728.1891539,-0.39544784349825668     1.11123629562824  0.26723137755729448  -1.5039761236745981  -1.8492267826779076  -1.5783590917346957  -1.0098227285098578, 0.54403015508602981 -0.13499266660170142   1.2094089065747884  -1.1982834243916045 0.032362499981650875   2.1488523011844158  -1.0444484786384143, -9.5199765548706061   64.721591526031489  -12.283871097564697  -9.7659988594055172  -1.1259995079040528  0.66616835021972653 0.052065261840820311,   25.693877874585478   -4.6922368867709414    15.359574599899677  -0.70683120380419473 0.0031357884984970497    3.0961318977192582    1.4662883237896516,0.55985170602798462 0.10425113141536713 0.20873135328292847, -0.66926789283752441 0.0051616230048239231 -0.017800703644752502   0.74278998374938965,-0.18636997044086456  0.89858627319335938 -0.15121029317378998,0.0016106936382129788    1.6327496767044067 0.0052939434535801411,   0.25314724445343018 -0.0038004498928785324   0.066549055278301239 -0.0038004498928785324    0.23894847929477692  0.0084675746038556099   0.066549055278301239  0.0084675746038556099     0.1792980432510376,   0.13287949257012599    0.11365862786316683    0.30579557149312819    0.05954957520515336    0.22741594126252096    0.04548628297840196 1.6793753054855642e-05,0.63809853792190552
IIWA_7,1714566728.1941507,-0.39235639273599665   1.1104231060417475  0.27347593774637974  -1.5098128007447416  -1.8491939938753823  -1.5652542220325816  -1.0149594069223191, 0.55888215455922508 -0.14052171674105945   1.2173095328232411  -1.1920938223190221 0.027201552086333892   2.2432766290320973  -1.0410259194091855,  -9.3815188331604009    64.893655490875247   -11.854248142242431   -10.706239261627196  -0.92615440368652346    1.5869892311096192 -0.096120483398437498,   25.06112736949769  -4.7194568234786907    16.02882017307223 -0.67125781726953482  0.16393337262090768   2.8403273640096618   1.6610892879900461,0.55910170078277588 0.10908626019954681 0.20768764615058899, -0.67061817646026611 0.0045187398791313171 -0.018400173634290695   0.74156069755554199,-0.18869394063949585   0.9113655686378479 -0.16088660061359406, 0.003610765328630805    1.6324694156646729 0.0087121110409498215,   0.25347161293029785 -0.0046775978989899158   0.066269002854824066 -0.0046775978989899158    0.23879864811897278  0.0096196252852678299   0.066269002854824066  0.0096196252852678299     0.1792028397321701,   0.16380386426462223     0.1286553399673096    0.35325965500998535   0.040521306702956394    0.22283985697590936   0.042966795282595172 1.6950811421168055e-05,0.64811551570892334
IIWA_7,1714566728.1991556,-0.38921317027213476   1.1096130323043023  0.27977167044371803  -1.5156497174704078  -1.8491920764566661  -1.5516804095221433  -1.0198797102133432, 0.57283462220185588  -0.1448203228906571   1.2256769341521248  -1.1871517268818663 0.021837938417716966   2.3375738036432105  -1.0296328671683128, -9.8627602348327645   65.923350780487056  -12.818258666992188  -13.148399257659912  -1.1207172584533691   1.4554910697937011 0.045056476593017578,  23.901613442175744  -5.0651156255809289   17.750315837120034 -0.49692606819678387   0.5581231499419852   2.0541522347977028   1.9948634566351058,0.55766856670379639 0.11886854469776154 0.20533172786235809, -0.67389535903930664  0.003509861882776022 -0.019667821004986763   0.73855668306350708, -0.1901078075170517  0.93321681022644043 -0.18480797111988068,0.0048553184606134892    1.6324530839920044  0.010898692533373833,   0.25415569543838501 -0.0064808353781700134   0.065670162439346313 -0.0064808353781700134    0.23841413855552673   0.011991860345005989   0.065670162439346313   0.011991860345005989    0.17905114591121674,   0.22776789533640596    0.15906164993761962    0.45193806931997926  0.0019943453644089004    0.21283974339514344   0.034994198899518381 1.7093655380051587e-05,0.66605335474014282
IIWA_7,1714566728.2041273,-0.38603153834742421    1.108825668791084  0.28607303586396798  -1.5215886798886136  -1.8491721346736985  -1.5376174608530178  -1.0246015548421998, 0.58553297474990673 -0.14735079884125715   1.2325961641316978  -1.1872798782337251 0.018268022052877694   2.4325769896795881  -1.0125800788889148,  -8.6690664787292473     64.85467224884033   -11.917635135650634   -10.715043010711669   -1.4499774742126466    1.1834834518432618 -0.010012550354003906,  23.373246165381264  -5.2379058579659308   18.688652688260227 -0.40461873517811953  0.74868057798302123   1.6151878056931555   2.1297328940889044,0.55697458982467651 0.12381137907505035 0.20406964421272278, -0.67577260732650757 0.0031197743955999613 -0.020276607945561409     0.736824631690979,-0.19020235538482666    0.942668616771698 -0.19671475887298584,0.0048543629236519337     1.632131814956665  0.010896546766161919,   0.25450760126113892 -0.0074001597240567207   0.065355874598026276 -0.0074001597240567207    0.23817960917949677   0.013209566473960876   0.065355874598026276   0.013209566473960876    0.17900104820728302,   0.26062086448508381    0.17444106290032124     0.5030619335997244  -0.017393543968680092    0.20758234643913909   0.029813434566428043 1.7089600845565656e-05,0.67410880327224731
IIWA_7,1714566728.2091517,-0.38274857980582599     1.10798221901327  0.29246614048027508  -1.5273757422659444  -1.8491555484607509  -1.5231238590631968  -1.0290901263990502, 0.59974472146385394 -0.15161863018556698   1.2418011159576423  -1.1813063976802138 0.015277866160203499   2.5258056633365085  -0.9896069253851455, -6.6110201492309573   62.500890979766844  -10.867347869873047  -9.8848494720458984 -0.32661909103393555   1.1821484451293944 -0.24998000717163085,   23.36430514819666  -5.2386781511595029   18.682831195947088 -0.40248969569230619  0.74893242034950225   1.6149973643360362   2.1297328940889044,0.55697458982467651 0.12381137907505035 0.20406964421272278, -0.67577260732650757 0.0031197743955999613 -0.020276607945561409     0.736824631690979,-0.19020235538482666    0.942668616771698 -0.19671475887298584,0.0063844230026006699    1.6312817335128784   0.01356443390250206,   0.25450760126113892 -0.0074001597240567207   0.065355874598026276 -0.0074001597240567207    0.23817960917949677   0.013209566473960876   0.065355874598026276   0.013209566473960876    0.17900104820728302,   0.26062086448508381    0.17444106290032124     0.5030619335997244  -0.017393543968680092    0.20758234643913909   0.029813434566428043 1.7089600845565656e-05,0.67410880327224731
IIWA_7,1714566728.2141562,-0.3793249863419268  1.1070478090016602  0.2989564971332479 -1.5330847873348803 -1.8491108713480255 -1.5083048856856529 -1.0332682466425376, 0.61673951572705121 -0.15867130461284421   1.2530551588850267  -1.1734069209016065 0.014009377437177901   2.6134034657709626 -0.95881035004761261, -6.4577756805419924    63.99972942352295  -12.883406410217285  -12.265383224487305  -1.6313347053527831   1.6620833587646484 -0.20826104736328124,  22.811163908903087  -5.5431898082299744    19.71133879086435 -0.18345919817919934  0.98573521990862756   1.1349214274894992   2.2206968971586614, 0.5562400221824646 0.12878653407096863 0.20269948244094849, -0.67780047655105591 0.0028793041128665209 -0.020811242982745171   0.73494565486907959,-0.19220541417598724  0.95123010873794556 -0.21061758697032928,0.010240131989121437   1.6306840181350708 0.020712956786155701,   0.25489002466201782 -0.0083296047523617744   0.065017238259315491 -0.0083296047523617744    0.23791763186454773   0.014450048096477985   0.065017238259315491   0.014450048096477985    0.17894332110881805,    0.2940278819005826    0.18996267057325156    0.55545428004677433  -0.036978899116135722    0.20212153056498039   0.023810883719832532 1.7018574993699076e-05,0.68221914768218994
IIWA_7,1714566728.2191255,-0.37578011245721726   1.1061065081029147  0.30542654044447221  -1.5388762239436489  -1.8490890121463419   -1.493251261080492  -1.0371256090761796, 0.63518656797002226 -0.16458907964009761   1.2612458595569935  -1.1703830010720282 0.012081870017087409   2.6928677568232064 -0.92134277738376957, -7.350357498168945  65.107391197204592  -13.11318426132202 -12.025921249389649 -1.1436070060729979  2.2861989974975585  0.2146023292541504,  22.226556342430865  -5.8923941756957454   20.780243243651952 0.071746725900917269   1.2513339552288907  0.62469219245837171   2.3198461535013246,0.55554389953613281 0.13381946086883545 0.20132854580879211, -0.67996895313262939 0.0026415875181555748  -0.02134423702955246    0.7329254150390625,-0.19246889650821686  0.96011823415756226 -0.22182197868824005,0.012594815343618393   1.6306039094924927 0.025236554443836212,   0.25526461005210876 -0.0092681730166077614   0.064677812159061432 -0.0092681730166077614    0.23762623965740204   0.015711767598986626   0.064677812159061432   0.015711767598986626    0.17891804873943329,   0.32798612289397511    0.20557655280395437    0.60912790173883735   -0.05652018197999098    0.19659677938133058   0.017136492744818099 1.6892126808443209e-05,0.69002926349639893
IIWA_7,1714566728.2241261,-0.37215955836906434   1.1051634095150393    0.311894666293347  -1.5446010282448994  -1.8490420339915306   -1.477891739162319  -1.0406583788843604, 0.65297141790213498  -0.1693952072270915   1.2677217216005867  -1.1652985729076448 0.011544622206124379   2.7686750821854864 -0.87838501423424953, -8.4190360298156737    64.69067378234864  -12.349899215698242  -8.5229094886779784 -0.73687379837036127   1.7969190368652344 0.035043926239013673, 21.617476542536682 -6.0443806627727978  21.731569682224013 0.26217554541318228  1.4492636393331109 0.19724856542445912  2.4099874748670693,0.55485010147094727 0.13893862068653107 0.19998809695243835, -0.68223464488983154 0.0024138311855494976 -0.021805427968502045   0.73080408573150635,-0.19284076988697052  0.97040313482284546 -0.22960714995861053,0.012590475380420685   1.6300418376922607 0.025227857753634453,  0.25563690066337585 -0.010210710577666759   0.06433422863483429 -0.010210710577666759   0.23730428516864777   0.01699492521584034   0.06433422863483429   0.01699492521584034   0.17892038822174072,  0.36234460155437631   0.22125651771087718   0.66407859545414283 -0.075978855115010901    0.1911356366957051  0.010050767897951118 1.672572569333397e-05,0.69832611083984375
IIWA_7,1714566728.2291253,-0.36849795817297837   1.1041679398140472  0.31840479687224649  -1.5501028060840163  -1.8489580485733916  -1.4624083601719442   -1.043828805577107, 0.66884114216514667 -0.17533495382136041   1.2745826004364489  -1.1523099718907908 0.012595114490456345   2.8342752253633803 -0.82952507909726314, -9.1476193809509283   65.713647823333744  -13.901119804382324  -10.764344005584716  -1.2166781234741211   1.7191548957824707 -0.33041416168212889,  20.973809095951637  -6.1301232118096172   22.639892347132971  0.51248304156440805   1.6345032222428035 -0.15049291128564968   2.4535565774106689,0.55406904220581055 0.14411406219005585 0.19859179854393005, -0.68459218740463257 0.0022715686354786158 -0.022083016112446785   0.72858816385269165,-0.19693391025066376   0.9805634617805481 -0.23810598254203796,0.015423068776726723   1.6286076307296753 0.030712060630321503,  0.25603795051574707 -0.011144268326461315  0.063967198133468628 -0.011144268326461315   0.23695507645606995  0.018295181915163994  0.063967198133468628  0.018295181915163994   0.17891494929790497,    0.3966596857418736    0.23693692352555473    0.72000219025003531  -0.095323936469604575    0.18586268102804837  0.0026672594595211763 1.6525119050925241e-05,0.70719373226165771
IIWA_7,1714566728.2341542,-0.36481670382418568    1.103209501418293  0.32490420153022787  -1.5556461093421119  -1.8488419452572917  -1.4468743479800554  -1.0466360503055476, 0.68232308768382477 -0.17860549888725463   1.2796422666684142  -1.1435801078364567 0.014720224236361178   2.8887806679662549 -0.77590985241543564, -8.2671358108520501   66.983963813781742    -13.0233860206604  -12.994333648681641  -1.1682575035095215   1.6470645332336427 -0.41151581954956057,   19.73437680651465  -6.3710850971935882   24.546351242238053   1.0836774304005148   1.9841586630066845 -0.87746162902646074   2.5033739076633816,0.55252701044082642 0.15448394417762756 0.19577711820602417, -0.68957608938217163 0.0021842534188181162 -0.022445069625973701   0.72386205196380615,-0.20224402844905853  0.99506831169128418 -0.25102344155311584,0.021933035925030708   1.6282403469085693 0.043546337634325027,  0.25685492157936096 -0.013003156520426273  0.063212677836418152 -0.013003156520426273   0.23617778718471527  0.020918680354952812  0.063212677836418152  0.020918680354952812    0.1789524108171463,   0.46591076246826901     0.2679994412169151    0.83437626392601771   -0.13329185739241467     0.1752410115836156  -0.013813916202920495 1.5855073698389788e-05,0.7202335000038147
IIWA_7,1714566728.2391517,-0.36106156685199609   1.1022789264404655  0.33144123668679609  -1.5612366902971517  -1.8486429114000527   -1.431319782790895  -1.0490917378351654, 0.69606394903464375 -0.18010739822290162   1.2851952195974605  -1.1384873244707587 0.019737533678651848    2.933207141939421 -0.71895538311705964, -6.4174481887817381   65.080506202697748  -12.190551357269287  -9.8945335960388174  -1.2959118652343751   2.3849894943237304 0.085106678009033196,   19.73437680651465  -6.3710850971935846    24.54635124223805   1.0836774304005161   1.9841586630066854 -0.87746162902645675   2.5033739076633816,0.55252701044082642 0.15448394417762756 0.19577711820602417, -0.68957608938217163 0.0021842534188181162 -0.022445069625973701   0.72386205196380615,-0.20224402844905853  0.99506831169128418 -0.25102344155311584, 0.02190050296485424   1.6258254051208496 0.043481752276420593,  0.25685492157936096 -0.013003156520426273  0.063212677836418152 -0.013003156520426273   0.23617778718471527  0.020918680354952812  0.063212677836418152  0.020918680354952812    0.1789524108171463,   0.46591076246826901     0.2679994412169151    0.83437626392601771   -0.13329185739241467     0.1752410115836156  -0.013813916202920495 1.5855073698389788e-05,0.7202335000038147
IIWA_7,1714566728.2441266,-0.35718071534094842   1.1012867523574335  0.33804041003714153  -1.5665778197416012  -1.8483182826026427   -1.415852522679744   -1.051166207167987, 0.71208521966962168 -0.18377288189960503   1.2921231096917858  -1.1244350373545839 0.028775178839317853   2.9652561179975754 -0.65814307980651277,-6.1674177398681644  63.835730957031252 -13.922248802185058 -9.6541912460327151 -1.0758181381225587  2.9400185356140138 0.18623343658447267, 19.061198579306009 -6.8583775784202263  25.670737842076107  1.6912096800203726  2.2908463254375513 -1.2650764915021222   2.483383508091805,0.55169856548309326 0.15965588390827179 0.19437292218208313, -0.69211065769195557 0.0022693232167512178 -0.022440280765295029   0.72143888473510742,-0.20662000775337219  0.99939519166946411 -0.25563305616378784, 0.03560229018330574   1.6246790885925293 0.069485172629356384,  0.25728559494018555 -0.013915787450969219  0.062815509736537933 -0.013915787450969219   0.23575116693973541  0.022234156727790833  0.062815509736537933  0.022234156727790833   0.17897781729698181,    0.5004317758672272    0.28331324777219891    0.89245189283460036    -0.1518410142251625    0.17003921933422816  -0.022491273984570626 1.5405803743817614e-05,0.72482722997665405
IIWA_7,1714566728.2491255,-0.35320500856663029   1.1002398704926653  0.34459236557715273  -1.5718441076133125    -1.84787409927507  -1.4004145640287402  -1.0528506499545272, 0.72869644670842271 -0.18889358011041207   1.2957767093538768  -1.1101995447521213 0.040787476174365844   2.9897232404382139 -0.59389217530681504,  -6.631183895111084   66.024169509887699  -14.621266479492187  -12.437056331634521  -1.6269328308105468   1.9164021377563476 -0.21326732254028319, 18.081052032011065 -7.8712314880901078  26.896552070290923  2.7830346140212203   2.808300895481624 -1.6977328203838571  2.4240673958461652,0.55078673362731934 0.16486753523349762 0.19297389686107635, -0.69462966918945312 0.0024499695282429457 -0.022255377843976021   0.71901899576187134,-0.21364282071590424   1.0042192935943604 -0.25910195708274841, 0.03560229018330574   1.6246790885925293 0.069485172629356384,  0.25774407386779785 -0.014814902096986771  0.062395449727773666 -0.014814902096986771   0.23529501259326935  0.023558406159281731  0.062395449727773666  0.023558406159281731   0.17899833619594574,   0.53484572293971411     0.2985387686074148    0.95136811323026649   -0.17015158037292366    0.16498011019017156  -0.031209328806625081 1.4903238643171335e-05,0.72996717691421509
IIWA_7,1714566728.2541261,-0.34914049878547215    1.099241644480452    0.351099739844831  -1.5771679796784506  -1.8473454512619456  -1.3850903356132855   -1.054150399048315, 0.74553754861306343 -0.19104390457685852   1.2969163381902327  -1.1011145184072197  0.05377590146446689   3.0047477289687579 -0.52710370399696516, -6.0948282546997072   66.409969181060788  -13.475018348693848  -12.235450477600098    -1.45525972366333   1.9874912452697753 -0.51598009490966801, 17.479553745141828 -7.7246550782838961  27.590165813457766  3.0895340007862826  2.8285721279271097 -1.7983185612810839  2.3795201655515719,0.54990488290786743 0.17011283338069916 0.19169837236404419, -0.69711261987686157 0.0026080580428242683  -0.02200981043279171   0.71661901473999023,-0.21803855895996094   1.0093055963516235 -0.25693780183792114,0.035582259297370911   1.6237651109695435 0.069446086883544922,  0.25819003582000732 -0.015701493248343468  0.061980251222848892 -0.015701493248343468   0.23480994999408722  0.024878157302737236  0.061980251222848892  0.024878157302737236    0.1790555864572525,   0.56920965644202681    0.31345765998747055     1.0108137788806815   -0.18787039692824692    0.16008051044380522  -0.039913653690604178 1.4346039911572461e-05,0.73401641845703125
IIWA_7,1714566728.2591288,-0.34497921638777723    1.098212139550049  0.35766631611706923  -1.5823166423942208  -1.8466670482394136  -1.3699749323521735  -1.0551223795628184,  0.7628813347982476 -0.19401532087760648    1.300196121441715  -1.0868381233565834 0.070156842072852332   3.0084143136194883 -0.46056218377770908, -6.1956469841003416   66.244626464843748   -13.41603322982788  -10.446528663635254   -1.398915729522705   2.3876595077514646 -0.11113930892944336, 16.871494204330904 -7.5568131625703083  28.247248497812095  3.4184313082237159  2.8188107789937953 -1.8630547909756792  2.3147829921930656,0.54899829626083374 0.17535679042339325 0.19047117233276367, -0.69959914684295654 0.0028423788025975227 -0.021650731563568115   0.71420180797576904,-0.22256596386432648   1.0131543874740601 -0.25332191586494446,0.041315753012895584   1.6221663951873779 0.079945981502532959,  0.25864493846893311 -0.016570823267102242  0.061556648463010788 -0.016570823267102242   0.23430152237415314  0.026191409677267075  0.061556648463010788  0.026191409677267075   0.17912204563617706,   0.60334514843951581    0.32804559736820949     1.0706400165183538   -0.20507379439393958    0.15527074838939114  -0.048826231897614036 1.3700642398362106e-05,0.73707866668701172
IIWA_7,1714566728.2641265,-0.34073787933703487   1.0971669353830242  0.36428316616207884  -1.5872853618822766  -1.8458154970359109  -1.3551000524789465   -1.055745798954326, 0.77995854986829283 -0.19702042338307738   1.3048308989537567   -1.068219278207502 0.090187521798392914   3.0017266458246707 -0.39338652268246976,-6.2574824714660648  66.385772686004643 -13.057720642089844 -11.629752540588379 -1.2888688659667968  2.8555793609619142  0.3227378730773926, 16.222066963839318 -7.5101562156298751  28.914375114187642  3.9205091861927919     2.8489267433182  -1.880372629817058  2.1988398302363281,0.54798310995101929 0.18061850965023041  0.1892387717962265, -0.70204997062683105 0.0031921451445668936 -0.021068859845399857   0.71180880069732666,-0.23066513240337372   1.0167659521102905 -0.25065013766288757,0.047944303601980209   1.6192389726638794 0.091488279402256012, 0.25913375616073608   -0.017414515838027 0.061106257140636444   -0.017414515838027  0.23376703262329102 0.027503922581672668 0.061106257140636444 0.027503922581672668  0.17917414009571075,  0.63697560847764123   0.34238086914673005    1.1309304541118337   -0.2218259607564832   0.15068982036670064 -0.057638684964445019  1.30072361770317e-05,0.74071633815765381
IIWA_7,1714566728.2691567,-0.33640713997702071   1.0961198137536501  0.37092476366688482  -1.5921890070964209  -1.8448007688919865    -1.34044496322742  -1.0560007633055251, 0.79719641429520061 -0.19950120388142784   1.3095286193552444  -1.0507212311317702  0.11273914319568783   2.9875848867207959 -0.32490779219393962, -6.0733202590942383   66.887177833557132  -14.107127532958984  -13.607074584960937  -1.7695535659790038   2.2771877021789551 0.095786731719970708, 15.406300371429833 -7.7088715009222701  29.572052247837114   4.642425320146323  2.9692007943813441 -1.8995759238423391  2.0901179027370107,0.54695981740951538  0.1859077513217926 0.18813098967075348, -0.70441454648971558 0.0035363289061933756 -0.020403943955898285   0.70948666334152222,-0.23745265603065491   1.0207018852233887 -0.24352210760116577,0.062406487762928009   1.6172168254852295  0.11540522426366806,  0.25962096452713013 -0.018240123987197876   0.06065276637673378 -0.018240123987197876   0.23320324718952179  0.028807470574975014   0.06065276637673378  0.028807470574975014   0.17925257980823517,  0.67041169139780976   0.35635587316384942    1.1916468769355149  -0.23794664653831177   0.14628913072733951 -0.066225516831330822 1.228138035713755e-05,0.74373871088027954
IIWA_7,1714566728.2741296,-0.33198969473234591   1.0950902490457204  0.37752166001705484  -1.5970483706894485  -1.8436478864185939  -1.3260263228926399  -1.0559485120747112, 0.81445494122315254 -0.20078355142233018   1.3114987494909964  -1.0349515286265216  0.13630661349225526    2.966813522767842 -0.25783618452259688, -6.7750186157226562   65.955612773895268  -16.112621574401857  -12.829703540802003  -1.5855552101135253    2.055576587677002 -0.50229627609252925, 14.553381129534912 -7.8466001428729317  30.090740726512937  5.3592338191140767  3.0429504034412558 -1.8496429759976643  1.9781326248688802, 0.5459330677986145 0.19121319055557251 0.18714790046215057, -0.70667964220046997 0.0039024034049361944 -0.019653018563985825   0.70724987983703613,-0.24297574162483215   1.0244866609573364 -0.23282459378242493,0.062315884977579117   1.6148689985275269  0.11523767560720444,  0.26010766625404358 -0.019047390669584274  0.060195527970790863 -0.019047390669584274   0.23261062800884247  0.030098676681518555  0.060195527970790863  0.030098676681518555   0.17935629189014435,   0.70366116709408288    0.36993850449729138     1.2527147635159608      -0.25342237291337    0.14202403936192098  -0.074582991328675519 1.1524087462078114e-05,0.74602419137954712
IIWA_7,1714566728.2791283,-0.32752892659772892   1.0940369554957787  0.38403688390304397  -1.6016871045937373  -1.8423294299695854  -1.3118066205310728  -1.0557154788763943, 0.82999467836320162  -0.2027585831355305   1.3098079550323625  -1.0135105790727699  0.16178354875414502   2.9422389126769581 -0.19694761968540103, -6.6096758995056151   65.462273124694818  -14.779733963012696  -10.977394733428955  -1.3830689811706542   2.4026783332824708 -0.47559614181518556, 13.456643038557829 -8.4503790736945952  30.695659101820816  6.5037827977267284  3.3006610348904308  -1.843863305539859   1.838752313221319,0.54485374689102173 0.19654573500156403 0.18625304102897644, -0.70885390043258667 0.0043353862129151821 -0.018753599375486374    0.7050926685333252,-0.24954183399677277   1.0285570621490479  -0.2207401841878891,0.080408364534378052   1.6119251251220703  0.14211593568325043,   0.2606082558631897 -0.019832491874694824  0.059723984450101852 -0.019832491874694824   0.23198872804641724  0.031381316483020782  0.059723984450101852  0.031381316483020782   0.17947064340114594,   0.73660379149487198    0.38316209186994854     1.3142362752756043   -0.26830611308792385    0.13793015949037368  -0.082684713802017029 1.0743871570184638e-05,0.74859821796417236
IIWA_7,1714566728.2841282,-0.32299673239063714   1.0929595137884729  0.39058308705600675   -1.606060687532648   -1.840809542628143  -1.2978401449363515  -1.0553455257981721, 0.84528351097423249 -0.20530453480065791   1.3096944901444012 -0.98575178081464232  0.19022233266101091   2.9124501539304188 -0.14275997261943343,  -4.80300426864624  65.744565567016608 -13.060361766815186 -12.617533187866211 -1.6181290817260743  2.8732681999206542 0.20525728225708006,   12.2952783580314 -9.2341891424607763  31.336597189215976  7.8659003303386807  3.6359343904432269 -1.8226581288340666  1.6750807763504594,0.54370653629302979 0.20188157260417938 0.18541233241558075, -0.71095490455627441 0.0048343776725232601 -0.017708143219351768   0.70299798250198364,-0.25753402709960938   1.0318890810012817 -0.20893400907516479,0.080345273017883301   1.6106604337692261  0.14200443029403687,  0.26112785935401917 -0.020589454099535942  0.059235069900751114 -0.020589454099535942   0.23134197294712067  0.032651457935571671  0.059235069900751114  0.032651457935571671   0.17958608269691467,   0.76900408094271455    0.39595941287462466     1.3759762209186732   -0.28252321352173482    0.13403035491243998  -0.090575453208785461 9.9380210727417762e-06,0.75111168622970581
IIWA_7,1714566728.2891219,-0.31833498871998833   1.0918675111264668  0.39721288013549994  -1.6103618857769921  -1.8391430642101612  -1.2841010100395087  -1.0548361962891226,  0.86269655560533842  -0.20792373432076802    1.3129473152952484  -0.96064935442548038   0.21883700284808244    2.8795255190180451 -0.093834797733567871,-4.2612716293334962  66.231183967590326 -14.634472103118897 -14.166993026733397 -1.5450579643249511  2.2511550712585451 0.19557848358154298, 11.759472679042913 -8.9174870295663382  31.617058507973383  8.2587908689637786  3.4618648248523414 -1.6086315132176452  1.5334884217298543,0.54259258508682251 0.20716053247451782 0.18465349078178406, -0.71301192045211792 0.0053484411910176277 -0.016684012487530708   0.70093291997909546,-0.26242244243621826   1.0322930812835693 -0.19627109169960022,0.089913450181484222   1.6076259613037109  0.15487301349639893,  0.26164233684539795 -0.021326338872313499  0.058747995644807816 -0.021326338872313499   0.23067909479141235  0.033896222710609436  0.058747995644807816  0.033896222710609436   0.17972062528133392,   0.80111411296002188    0.40818826421862298     1.4375850169328075   -0.29597201635489512    0.13010362027632283  -0.098620393560899799 9.0490228643602677e-06,0.75121116638183594
IIWA_7,1714566728.2941499,-0.31357161889031904   1.0907440499955243  0.40382613491133351  -1.6144814630958784  -1.8372744838206483  -1.2705805872599718  -1.0542406402064586,  0.88069203767104254  -0.21127743269431551    1.3148880432695418   -0.9333025762958338   0.24981281785898096    2.8444373263959126 -0.051245594880292733,-5.5329318695068359   67.67894092178345 -15.171500797271728 -15.946230716705323 -1.6489422035217285  1.9210746612548828 -0.5813954238891601, 10.958337744027819  -8.960679876832975  31.890509625641123  8.9566289676464503  3.4443314354709873 -1.4550571946831772  1.4219297693091952,0.54152202606201172 0.21243712306022644 0.18403498828411102, -0.71496999263763428  0.005822191946208477 -0.015698470175266266   0.69895464181900024,-0.26444971561431885   1.0326031446456909 -0.18054208159446716,0.10025347024202347  1.6043241024017334 0.16774539649486542,  0.26214605569839478 -0.022048370912671089  0.058264788240194321 -0.022048370912671089   0.22999143600463867  0.035120107233524323  0.058264788240194321  0.035120107233524323   0.17988935112953186,   0.83320008434739634    0.41989918084972544     1.4994319426202551   -0.30867237943343895    0.12619471788699599   -0.10652846141923078 8.1334414758771345e-06,0.75054466724395752
IIWA_7,1714566728.2991543,-0.30874101755978295   1.0896635523257812   0.4103980441461843  -1.6184499193361515  -1.8352223050912682  -1.2573112340203252  -1.0535514873519978,  0.89777768335827757  -0.21224185294517894    1.3147868040096651  -0.90538031064759061   0.28193740346238988     2.806323990702595 -0.013430361725801948, -5.1646074447631838   67.248781009674076  -14.836958332061768  -14.624787979125976  -2.1868512725830076   2.7774814682006834 -0.54268022918701175, 10.387039071146184 -8.5042553645092056  31.899219576152824  9.2900739311726586  3.2378902032642722 -1.1426966384732262  1.3096055913528621,0.54038894176483154 0.21778632700443268 0.18353010714054108, -0.71682262420654297 0.0062529495917260647 -0.014629359357059002   0.69707405567169189,-0.26866066455841064   1.0357593297958374 -0.16340576112270355,0.11164065450429916  1.6006971597671509 0.18098685145378113,  0.26266193389892578 -0.022749019786715508  0.057766295969486237 -0.022749019786715508   0.22926932573318481  0.036338485777378082  0.057766295969486237  0.036338485777378082    0.1800769716501236,  0.86510291008856655   0.43123200643435666    1.5620797808715281  -0.32070713564724684   0.12253154170416281  -0.11397784445943415 7.258829093359509e-06,0.75219064950942993
IIWA_7,1714566728.3041263,-0.30382239196650246   1.0885759838909059  0.41697516657042771  -1.6221112198810215  -1.8330034018652293  -1.2441485403601786  -1.0527692171458691,  0.9149671704178417 -0.21329621975115237   1.3149143401774686 -0.87075627031287317  0.31430605181146809    2.771566938967938 0.020546518864504183, -4.4131718482971189   66.287642456054684   -15.01655481338501  -13.096457138061524  -1.0106703948974609   2.1877422523498535 0.079766651153564447, 9.1644855029409484   -9.03820795463891  32.095665048312618  10.541532598673562  3.4888033180690732 -1.0014834171289726  1.2134155737269272,0.53926515579223633 0.22314237058162689 0.18313394486904144, -0.71859800815582275 0.0066555198282003403 -0.013578476384282112   0.69526124000549316,-0.27161702513694763   1.0386052131652832 -0.14538329839706421,0.12322276085615158  1.5968492031097412 0.19385507702827454,  0.26317706704139709 -0.023431070148944855  0.057264611124992371 -0.023431070148944855   0.22852377593517303  0.037537585943937302  0.057264611124992371  0.037537585943937302   0.18028733134269714,   0.89686433051383574    0.44200343939326814     1.6250315260339931   -0.33195491143001021    0.11890555758142796   -0.12132773604367486 6.3655827275965748e-06,0.75355923175811768
IIWA_7,1714566728.3091016,-0.29880375813441812   1.0874526425331834  0.42357260222733661  -1.6255294803823082  -1.8305897790613292   -1.231174957705975  -1.0518236617889054, 0.93271908961764705 -0.21557063010982264   1.3158288984183308 -0.83333543630176599  0.34798975360517476   2.7361968573424975 0.054259429370152275, -3.5636060218811036   66.365608940124517  -14.826393833160401  -14.917952823638915  -1.5952393341064453   2.1046380844116213 -0.16420582580566406,  8.6809100267805341  -8.5731849992909339    32.03748182551351   10.820658739792725   3.2639230263539893 -0.70035721805697904   1.1113640019474245, 0.5381285548210144 0.22848550975322723 0.18280467391014099, -0.72028821706771851 0.0070726862177252769  -0.01250710804015398   0.69352608919143677,-0.27443179488182068   1.0404129028320312 -0.12831838428974152,0.13444246351718903  1.5913331508636475 0.20525157451629639,  0.26370087265968323 -0.024090271443128586  0.056752521544694901 -0.024090271443128586   0.22775666415691376  0.038716748356819153  0.056752521544694901  0.038716748356819153   0.18050901591777802,   0.92831831562456557     0.4522362133565494     1.6881693329171554    -0.3424523737738383    0.11531444496437615     -0.128548165765352 5.4627875556434446e-06,0.75453072786331177
IIWA_7,1714566728.3141298,-0.29366354433939063   1.0863200734015392  0.43018453873416956  -1.6287222576523726  -1.8279924619244532   -1.218340032625113  -1.0507535902797815,  0.9517838234952174 -0.21775926935362483   1.3171405790079826 -0.79437943984398862    0.382284488359182   2.7023544891084752 0.086210403861076229, -3.9709136886596679   66.479870166778568  -14.757724590301514   -17.23774070739746  -2.3717300033569337   2.3509468231201174 -0.60676055145263674, 7.5076256932664602 -9.0374299579904314  32.093708492061083  11.973277450923804  3.4777666492099764 -0.5871840099871628  1.0320950742537858,0.53706175088882446 0.23382540047168732 0.18257316946983337, -0.72193449735641479 0.0074602658860385418  -0.01151500828564167   0.69182538986206055,-0.27377587556838989    1.041822075843811 -0.11076111346483231,0.15892450511455536  1.5861771106719971 0.22655877470970154,  0.26421332359313965 -0.024741290137171745  0.056245476007461548 -0.024741290137171745    0.2269684374332428  0.039876021444797516  0.056245476007461548  0.039876021444797516   0.18076452612876892,   0.96003869598160207    0.46189274420260773     1.7517962216304639   -0.35217520322383677    0.11161755146638086   -0.13591906989329772 4.4988617275976139e-06,0.754802405834198
IIWA_7,1714566728.3191295,-0.28842392138982498   1.0851946348125543  0.43679677500130154  -1.6317856652277931  -1.8252678244149076  -1.2055929519289994  -1.0496206017237015, 0.97101197677879991 -0.21922495904229788   1.3182019138916652 -0.75803985489201342  0.41481309106916747   2.6717668191313257  0.11428786533206166, -4.3083203697204588   66.884489334106448  -16.109980449676513  -16.193616065979004  -1.5054410934448241   1.7989215469360351 -0.28135266494750977,  6.1433885211663313  -8.7744562489579838   31.832661074098432   13.120767815568462    3.384490140229258 -0.17629546950717678  0.87508388590277908,0.53503167629241943 0.24456873536109924 0.18245987594127655,  -0.72500771284103394  0.0082096429541707039 -0.0095885321497917175     0.6886250376701355, -0.26888558268547058    1.0465331077575684 -0.072499565780162811,0.15876211225986481  1.5845562219619751 0.22632725536823273,   0.2652205228805542 -0.026007078588008881  0.055231750011444092 -0.026007078588008881    0.2253192812204361  0.042137738317251205  0.055231750011444092  0.042137738317251205   0.18136817216873169,    1.0239799495028734    0.47941498980907937     1.8807207449400565   -0.36919179563099647    0.10415684405806758   -0.15047723623951015 2.5079636145619588e-06,0.75652337074279785
IIWA_7,1714566728.3241284,-0.28311484982582708   1.0840857944138389   0.4433829454305534  -1.6345811654175311  -1.8223809684997658  -1.1929083089687957  -1.0484146291706233, 0.98917244398295612 -0.21973358318245406   1.3180083482834066 -0.71825189150312896  0.44732470946100666   2.6447991737132073  0.13966919438877709, -3.7222274894714356   65.827909049987795  -14.747160091400147  -15.298274784088134  -1.4323699760437012   2.0458977890014647 -0.24196996688842773,  6.1020129159438437  -8.7718187426327727   31.798263654685954   13.123367518884963   3.3816466727135266 -0.17384572074789162  0.87508388590277908,0.53503167629241943 0.24456873536109924 0.18245987594127655,  -0.72500771284103394  0.0082096429541707039 -0.0095885321497917175     0.6886250376701355, -0.26888558268547058    1.0465331077575684 -0.072499565780162811,0.17130836844444275  1.5801460742950439  0.2358040064573288,   0.2652205228805542 -0.026007078588008881  0.055231750011444092 -0.026007078588008881    0.2253192812204361  0.042137738317251205  0.055231750011444092  0.042137738317251205   0.18136817216873169,    1.0239799495028734    0.47941498980907937     1.8807207449400565   -0.36919179563099647    0.10415684405806758   -0.15047723623951015 2.5079636145619588e-06,0.75652337074279785
IIWA_7,1714566728.3291295,-0.27775125003083984   1.0829416604033217  0.45003670689849806  -1.6369820251740266  -1.8193067750513674  -1.1802587798514805  -1.0471520910419034,  1.0058819469858546 -0.22155222696664972    1.320557137344512  -0.6706359034623236  0.48082750550474262   2.6218205036631743  0.16223688065981781, -2.6280082130432127   65.462273124694818  -14.054305038452148  -16.846854248046874  -2.2379130172729491   2.2147761383056639 -0.27801514816284179,   5.3529777266037311   -8.6925457175233127    31.550510341703131    13.764292179445809    3.3876680111971051 0.0077137913993148288   0.78893627530470711,0.53401154279708862 0.24997851252555847    0.18250772356987,  -0.72647404670715332  0.0085734371095895767 -0.0086270738393068314    0.68708628416061401, -0.26743835210800171      1.04973304271698 -0.054933100938796997,0.18303021788597107  1.5740344524383545 0.24366678297519684,  0.26573231816291809 -0.026617981493473053  0.054711911827325821 -0.026617981493473053   0.22445851564407349  0.043248116970062256  0.054711911827325821  0.043248116970062256    0.1816982626914978,   1.0560846486571407   0.48734239208680918    1.9462830241812057  -0.37653938952075805   0.10042330928161647  -0.15776115811227953 1.473742017310542e-06,0.75858718156814575
IIWA_7,1714566728.3341291,-0.27228182950522423   1.0817929126149273  0.45674529624864796  -1.6391285795501986  -1.8161044943326259   -1.167592532661593  -1.0458406572960226,  1.0234823786133083 -0.22319169310909845   1.3247892838816056 -0.62237089781674138  0.51275323315345456   2.6041062905260399  0.18224685436308746, -3.2503958358764646   66.807867099761964  -16.284294681549071  -15.583516254425049  -1.4218054771423341   1.7081410903930665 -0.34142796707153322,   5.14493525261119 -8.1904639127825511  31.319299324383927  13.800210940263572  3.1587496653769076   0.142835414118621 0.70702936721757836,0.53305304050445557 0.25537273287773132 0.18261811137199402,  -0.72791177034378052  0.0089507224038243294 -0.0077391383238136768    0.68556869029998779,-0.26373520493507385   1.0517692565917969 -0.03836691752076149,0.20580118894577026   1.569280743598938 0.25585523247718811,  0.26623880863189697 -0.027221836149692535  0.054192978888750076 -0.027221836149692535   0.22358094155788422  0.044337861239910126  0.054192978888750076  0.044337861239910126    0.1820528656244278,     1.088536014357544    0.49464445683522484     2.0123935121381109    -0.3831195593759773   0.096494536371061201   -0.16533762552128906 3.5575720147562606e-07,0.75972718000411987
IIWA_7,1714566728.3391302,-0.26678346716637047   1.0806851507206063  0.46340313240589753  -1.6409216592651983  -1.8127248469721116   -1.154864566811447  -1.0445084308973474,  1.0387203964447971 -0.22286383026011619   1.3261448733952674 -0.56961990685337893   0.5453884809433367   2.5924036664266725  0.19908653943748003, -2.7382366905212403    67.08612679290772  -15.350216903686523  -17.486886806488037  -1.8153330612182617   1.8296267013549805 -0.38348067855834961, 3.9667446727574358 -8.5377408638922621  30.911437129931706  14.983010556176092  3.4484233293272935 0.24964889197220241 0.65371338783256927,       0.5322265625 0.26076656579971313 0.18286451697349548,  -0.72930276393890381  0.0092967366799712181 -0.0070143109187483788    0.68409198522567749, -0.25538161396980286    1.0535697937011719 -0.019597211852669716,0.20556418597698212  1.5674736499786377 0.25556060671806335,  0.26672118902206421 -0.027833336964249611   0.05368863046169281 -0.027833336964249611   0.22268219292163849  0.045404143631458282   0.05368863046169281  0.045404143631458282   0.18245759606361389,     1.1219894663776486      0.5013260676074438      2.0793457229668633    -0.38898735388137595    0.092252255176283882     -0.1732480498404243 -8.4708151604218074e-07,0.76011592149734497
IIWA_7,1714566728.3441286,-0.26119971721185681   1.0796213111277428  0.47010513041104424  -1.6424812263617521  -1.8091821184897519  -1.1421840584271583  -1.0431262902637268,  1.0543263153363842 -0.22084464792263261   1.3289958189220821 -0.51807860934485528  0.57801992404905755   2.5811432685128857  0.21455485689480489,-0.85628707504272461   66.682851875305175  -14.532348613739014  -18.030958499908447  -2.1261054039001466   2.3259154472351073 -0.24597498703002929, 4.0775818022639534 -7.3135537162261581  30.262939620989386  14.460356529063709  2.9295784846912589 0.22643026133057909 0.56205301847116695,0.53079670667648315 0.27157896757125854 0.18355508148670197,  -0.73204100131988525  0.0099856993183493614 -0.0058691292069852352    0.68116205930709839,-0.23467366397380829   1.0571985244750977 0.014909147284924984,0.21684145927429199  1.5632636547088623 0.26019880175590515,   0.2676670253276825 -0.029059529304504395  0.052683670073747635 -0.029059529304504395   0.22082489728927612  0.047486543655395508  0.052683670073747635  0.047486543655395508   0.18335680663585663,     1.1912043517341431     0.51285568976933149      2.2162101658729227    -0.39857801414378002     0.08297341649221579    -0.19028726674541474 -3.5601050996092454e-06,0.76115643978118896
IIWA_7,1714566728.3491304,-0.25548821537383259   1.0785833573856802  0.47686770868544448  -1.6438008093771597   -1.805512836357863  -1.1293787942351863  -1.0417432507855413,  1.0719211257900758 -0.21819386802061067   1.3336997861136755 -0.46724620809218731  0.60918722451480145   2.5771251824891901  0.22696546464326478, -1.8496876220703125   65.990563266754151  -16.184812316894529  -17.381241817474365  -1.6551048278808593   1.2889489822387696 -0.14251196670532226, 3.6834970701158607 -7.5802392011266555  30.168642470246866  14.894694120206459  3.1017371404065806 0.25863496874527225 0.56205301847116695,0.53079670667648315 0.27157896757125854 0.18355508148670197,  -0.73204100131988525  0.0099856993183493614 -0.0058691292069852352    0.68116205930709839,-0.23467366397380829   1.0571985244750977 0.014909147284924984,0.22741752862930298  1.5591886043548584  0.2637532651424408,   0.2676670253276825 -0.029059529304504395  0.052683670073747635 -0.029059529304504395   0.22082489728927612  0.047486543655395508  0.052683670073747635  0.047486543655395508   0.18335680663585663,     1.1912043517341431     0.51285568976933149      2.2162101658729227    -0.39857801414378002     0.08297341649221579    -0.19028726674541474 -3.5601050996092454e-06,0.76115643978118896
IIWA_7,1714566728.35413,-0.24974303784422344   1.0775780007217246  0.48360188434426249  -1.6447768046943581   -1.801724191507496  -1.1165694554629924  -1.0403591926895712,  1.0873440018164269 -0.21476936097471355   1.3363268552436607 -0.41283677916168532  0.63889557362652138   2.5740736968791089  0.23693469555341529, -1.7085414009094237   64.319660858154293  -15.893408222198486   -17.47632230758667  -1.4983980941772461   2.0338827285766601 -0.42887090682983398,  3.6429429000971032  -6.7611327229146827   29.337114786769234   14.748028282264091    2.868472586335673 0.062502770706585942  0.45045783083995783,0.52960926294326782 0.28245735168457031 0.18447260558605194,  -0.73467522859573364   0.010740332305431366 -0.0050529218278825283    0.67831516265869141,-0.21303161978721619   1.0627256631851196 0.045552931725978851,0.23560024797916412  1.5537732839584351 0.26442810893058777,   0.2686084508895874 -0.030285520479083061  0.051663875579833984 -0.030285520479083061   0.21888144314289093  0.049506489187479019  0.051663875579833984  0.049506489187479019   0.18436150252819061,     1.2636019822771516     0.52190278091579501       2.357522252101063    -0.40535984843526052    0.072585599181884675    -0.20885239646784015 -6.6426224520910182e-06,0.76441389322280884
IIWA_7,1714566728.3591285,-0.24393470350305241   1.0765634761704577  0.49035673277357184   -1.645417241700571  -1.7978062126981014  -1.1036397950011629  -1.0389242615183978,  1.1022085750999828 -0.21239647083044835   1.3392554213673025 -0.35588690357786701  0.66783561127700097   2.5764453759764638  0.24694500328966973,-1.1237927703857422  64.607330299377438 -17.474561557769775 -16.563373527526856  -1.707046947479248  3.4556648788452149 0.63779945755004885,  3.6429429000971139  -6.7611327229146632   29.337114786769227   14.748028282264073   2.8684725863356624 0.062502770706589494  0.45045783083995783,0.52960926294326782 0.28245735168457031 0.18447260558605194,  -0.73467522859573364   0.010740332305431366 -0.0050529218278825283    0.67831516265869141,-0.21303161978721619   1.0627256631851196 0.045552931725978851, 0.2491317093372345  1.5476889610290527 0.26261281967163086,   0.2686084508895874 -0.030285520479083061  0.051663875579833984 -0.030285520479083061   0.21888144314289093  0.049506489187479019  0.051663875579833984  0.049506489187479019   0.18436150252819061,     1.2636019822771516     0.52190278091579501       2.357522252101063    -0.40535984843526052    0.072585599181884675    -0.20885239646784015 -6.6426224520910182e-06,0.76441389322280884
IIWA_7,1714566728.3641305,-0.23808052939807467   1.0755481726569289  0.49693876873599191  -1.6457299700141095  -1.7937167158452574  -1.0906027559932645  -1.0374355211918871,  1.1159338242790957 -0.21052931720550838   1.3346857755906449 -0.29721865540383191  0.69784836313536036   2.5826378610971084  0.25710561569216361, -6.4134154396057133   63.475472030639651  -24.434805583953857  -16.833648624420167  -1.0890237617492675  -2.6252907028198242 -0.72290613555908201,  3.1084689564015582  -6.4745740453202769   28.489080654225965   15.129027803365815    2.963444857126281 0.046454443422580205  0.40462922375199439,0.52914363145828247 0.28789100050926208  0.1850116103887558,  -0.73597830533981323   0.011120691895484924 -0.0048254886642098427    0.67689657211303711,-0.20023119449615479   1.0645414590835571 0.059726644307374954,0.25939255952835083  1.5469003915786743 0.25726962089538574,  0.26906886696815491 -0.030903622508049011  0.051156628876924515 -0.030903622508049011    0.2178853452205658  0.050486929714679718  0.051156628876924515  0.050486929714679718   0.18490581214427948,    1.3012070577165247    0.52540236235465443     2.4296750115508914   -0.40767413453668411   0.066895641207764811   -0.21890851034545022 -8.367877946113822e-06,0.76546400785446167
IIWA_7,1714566728.3691018,-0.23239095871293255   1.0744936208336799   0.5030048238486664  -1.6457278128962372  -1.7894817784369166   -1.078790864271022  -1.0360902319855083,  1.1203298868289613 -0.21060552669436605   1.3103908249794958 -0.23768863960817252  0.72767618684192026    2.538585957767387  0.25949606080888188,-11.959789806365967  60.184748703002931 -29.269824581146239 -19.102374763488768 -2.5469246101379395 -3.0207864418029784 -1.2368837203979492,   3.2780175279496939    -5.886242885118472    27.856064547536146    14.935934530633984    2.8911043819869047 -0.084017039940082583   0.36393598056411691,0.52879118919372559 0.29332444071769714 0.18562091886997223,  -0.73728716373443604   0.011521401815116405 -0.0047413506545126438    0.67546463012695312,-0.18541805446147919   1.0661337375640869 0.074035875499248505,0.25939255952835083  1.5469003915786743 0.25726962089538574,  0.26951658725738525 -0.031533755362033844  0.050655994564294815 -0.031533755362033844   0.21687348186969757  0.051447447389364243  0.050655994564294815  0.051447447389364243   0.18548433482646942,     1.3401581034866439     0.52819942532256192       2.503040478697649    -0.40931948205624735    0.060762584988438562    -0.22967786663841139 -1.0264820105021499e-05,0.766379714012146
IIWA_7,1714566728.3741293,-0.22702496214455004    1.073326896590322  0.50843643410678219  -1.6454954387778788  -1.7852342814647455  -1.0678689210612764  -1.0349112240057918,  1.1109037721984698 -0.21515339108981096   1.2655770703082279 -0.18085594695220591  0.75204082836037955   2.4677464946037335  0.25475716783576485,-13.423677757263183  60.023438735961911 -30.193337860107423 -19.565451965332031 -2.6886649703979493 -3.6932960739135741 -1.0546553039550781,  4.8302423909943011   -4.738847312671556   27.437005055835314   13.614906487460734   2.4518959613162004 -0.74826168908397506  0.29861563149810855,0.52845674753189087 0.30373778939247131 0.18700268864631653,  -0.73976421356201172   0.012457255274057388 -0.0049844118766486645    0.67273241281509399,-0.14941880106925964    1.051639199256897  0.10124417394399643,0.25904390215873718  1.5448211431503296 0.25692379474639893,     0.27033731341362 -0.032761141657829285  0.049720674753189087 -0.032761141657829285   0.21491678059101105  0.053213160485029221  0.049720674753189087  0.053213160485029221   0.18666471540927887,     1.4177932493142364      0.5306824432240731      2.6456625633901609    -0.40984399165910901     0.04758164183282787    -0.25243365189275835 -1.4394220038127514e-05,0.75590896606445312
IIWA_7,1714566728.3790965,-0.22196893746940174   1.0720762827692178   0.5134177970871886  -1.6450982814707722  -1.7808652165505865  -1.0578295560567621   -1.033889089382654,  1.0909640047647076  -0.2221472657160144   1.2117161754628387 -0.12879846527749855  0.77639525925466391   2.3757717958635589  0.24469111919412498, -14.633502510070802   62.096271812438964  -23.995498504638672  -19.598025836944579 -0.13645811080932618  -2.0916217689514158 -0.59174172592163088, 6.1068438213582921  -3.984607155004726  27.505450720297247  12.635400596943096   2.100684388897073 -1.0144796353333225 0.31247182782254601,0.52847898006439209 0.30837598443031311 0.18781954050064087,   -0.7408066987991333   0.012900174595415592 -0.0053426069207489491    0.67157310247421265,-0.12799572944641113   1.0249780416488647  0.11545589566230774,0.26177659630775452  1.5429078340530396 0.25220939517021179,  0.27066880464553833 -0.033317867666482925  0.049329657107591629 -0.033317867666482925   0.21404683589935303  0.053953934460878372  0.049329657107591629  0.053953934460878372   0.18722973763942719,     1.4536344374427301     0.53023000862673086      2.7094015151121198    -0.40869130373977214    0.041073559478022048     -0.2633486170466881 -1.6383957301968621e-05,0.73719531297683716
IIWA_7,1714566728.3841143,-0.21719939571916511   1.0708372337179035  0.51840041834090278  -1.6444236295753183  -1.7762104476955942  -1.0483615389818546  -1.0329492265261289,   1.0635528738212316  -0.22727977462538487    1.1686777905188381 -0.076052696403842698   0.80730696160342219    2.2793381196871483   0.23334740961630568,   -10.9220290184021   60.241207191467282  -18.781918296813963  -17.371557693481446 -0.41993883132934567  0.34309672546386721 -0.39015571212768557,  5.9921015441661636  -3.8741894124216092   27.324900968260636    12.67683518613735   2.1014640958218971 -0.92626588691377609  0.31247182782254601,0.52847898006439209 0.30837598443031311 0.18781954050064087,   -0.7408066987991333   0.012900174595415592 -0.0053426069207489491    0.67157310247421265,-0.12799572944641113   1.0249780416488647  0.11545589566230774,0.26228740811347961   1.539559006690979 0.24571825563907623,  0.27066880464553833 -0.033317867666482925  0.049329657107591629 -0.033317867666482925   0.21404683589935303  0.053953934460878372  0.049329657107591629  0.053953934460878372   0.18722973763942719,     1.4536344374427301     0.53023000862673086      2.7094015151121198    -0.40869130373977214    0.041073559478022048     -0.2633486170466881 -1.6383957301968621e-05,0.73719531297683716
IIWA_7,1714566728.3891592,-0.21246508758503693   1.0695780513119197  0.52356801613372783  -1.6434648316417384  -1.7714396716921437  -1.0391536395609289  -1.0320554430889333,   1.0402146244221124   -0.2321911159396588    1.1416461441280727 -0.022490239779878511   0.83667660942075983    2.1917864725867471   0.22242926518086834, -8.8720481872558601   60.281534683227541  -14.406455001831054  -14.895943450927733  -1.2457304954528809  0.36445683288574221 -0.47359363174438479, 7.5559829851566214 -3.0469887364257504  27.531091370974686  11.567517554984166  1.6936450297541601 -1.1519513731338682 0.33694609763288741,0.52861583232879639  0.3126789927482605 0.18873587250709534,  -0.74170142412185669   0.013370010070502758 -0.0058421492576599121    0.67057144641876221,-0.10546323657035828   0.9905974268913269  0.13069444894790649,0.25856587290763855  1.5406944751739502  0.2300480455160141,  0.27095228433609009 -0.033848557621240616  0.048982001841068268 -0.033848557621240616   0.21323756873607635  0.054614625871181488  0.048982001841068268  0.054614625871181488   0.18778358399868011,     1.4880236185268458     0.52903719956276518      2.7688350138497242    -0.40707928785188585    0.034499786472963478    -0.27399523737070552 -1.8291243186752126e-05,0.71341097354888916
IIWA_7,1714566728.3941326,-0.20776427537358072   1.0683129365318083  0.52901268919954714  -1.6421116329304388  -1.7665872109635743  -1.0302938219519531  -1.0312179854627734,  1.0202041879959385 -0.23635748395618653   1.1311038379352305 0.036135756628080176  0.86343971667938291   2.1078218824284303  0.21144171719108795, -5.8622730522155759   60.899889556884766  -14.982220191955566  -15.590559253692627  -1.9236191749572753   2.4847812461853027 -0.42686839675903321, 9.3047723032834231  -1.379324209093046  26.995660617089925  9.9126891952876157  1.0267984008175617 -1.0410353219787334 0.35067707682289218,0.52891623973846436 0.31682369112968445 0.18985097110271454,  -0.74237418174743652   0.013918457552790642 -0.0065015191212296486    0.66980940103530884,-0.080397412180900574   0.95707535743713379   0.15090931951999664,0.25368380546569824   1.542960524559021 0.22008004784584045,  0.27119198441505432 -0.034388966858386993  0.048660732805728912 -0.034388966858386993   0.21243581175804138  0.055222515016794205  0.048660732805728912  0.055222515016794205   0.18837732076644897,     1.5232203870043648     0.52764850439146471      2.8269848894968419    -0.40573403224986038     0.02750440486121164    -0.28444001784766471 -2.0043170678718525e-05,0.69108593463897705
IIWA_7,1714566728.3991303,-0.20301516673831255   1.0670569298614816  0.53454874192359769  -1.6404868116819777  -1.7616930452434627  -1.0213786971497263  -1.0304564479137461,  1.0061276958074776  -0.2393262539780156   1.1263251793102067 0.093901455240907483  0.88651840214796984   2.0428624980318153  0.19961487571396247, -3.6146875114440919   60.739923839569094  -18.965916652679443  -17.618062667846679  -1.2835866165161132   1.7084748420715332 -0.26266257095336915, 12.387558397461202  1.2170950982074236  25.684470076206598  7.0318667146964309 0.12116714742096946 -1.0240654861369958 0.41988836822411579,0.52977091073989868 0.32525637745857239  0.1927637904882431,  -0.74319887161254883   0.014732750132679939 -0.0081253508105874062    0.66885900497436523,-0.034484412521123886   0.91486722230911255   0.20632225275039673,0.25340497493743896   1.541264533996582 0.21983811259269714,  0.27159219980239868 -0.035508621484041214  0.048046216368675232 -0.035508621484041214   0.21073520183563232  0.056359138339757919  0.048046216368675232  0.056359138339757919   0.18975408375263214,     1.5983181819612113     0.52396657254316636       2.946270419082353    -0.40258696659201121    0.013392160502334605     -0.3036352268432907 -2.2885617845247452e-05,0.66864180564880371
IIWA_7,1714566728.4041276,-0.19813830621953388   1.0658481410014891  0.53998071171953943  -1.6387695321618077  -1.7567617764414476  -1.0126668247746236   -1.029739132099226, 0.99997657739712897 -0.23981255758211401   1.1183389352858351  0.14381234499952958  0.90646547379898035   1.9827648934295619  0.18838453315197679, -3.3149198226928709   62.081485065460207  -19.503825721740721   -17.40589231491089  -1.4350111007690429   2.5398502731323243 -0.38848695373535158, 12.347168540868363  1.2219875126801583   25.64940748333775  7.0281482793547552 0.11714290799892879 -1.0212022403858967 0.41988836822411579,0.52977091073989868 0.32525637745857239  0.1927637904882431,  -0.74319887161254883   0.014732750132679939 -0.0081253508105874062    0.66885900497436523,-0.034484412521123886   0.91486722230911255   0.20632225275039673,0.24630704522132874  1.5422725677490234 0.20819501578807831,  0.27159219980239868 -0.035508621484041214  0.048046216368675232 -0.035508621484041214   0.21073520183563232  0.056359138339757919  0.048046216368675232  0.056359138339757919   0.18975408375263214,     1.5983181819612113     0.52396657254316636       2.946270419082353    -0.40258696659201121    0.013392160502334605     -0.3036352268432907 -2.2885617845247452e-05,0.66864180564880371
IIWA_7,1714566728.4091313,-0.19312686292580158   1.0647647071425288  0.54538577693781243  -1.6369131757529432  -1.7518152635846798  -1.0039426685540791  -1.0290705321329534,  1.0004389936669948 -0.23518740042410158   1.1108737569595881  0.18930413235420374   0.9230328933098978   1.9351781635654277  0.17745162517248358,-0.99340054702758784   60.631039611816405  -19.486218223571775   -14.26911651611328  -1.6621478271484376   2.5778979644775393 -0.44856225585937498,  14.822096702374985   3.5659317989354382   23.661057072877131   4.4770129297064871 -0.39973059816712375  -1.0799908289806117  0.50538452609268059,0.53082060813903809 0.33386990427970886  0.1961497962474823, -0.74370044469833374   0.01527013722807169 -0.010045356117188931   0.66826307773590088,0.0013764230534434319   0.89467793703079224   0.25854015350341797,0.24630704522132874  1.5422725677490234 0.20819501578807831,  0.27194935083389282 -0.036654237657785416   0.04743291437625885 -0.036654237657785416   0.20894366502761841  0.057421062141656876   0.04743291437625885  0.057421062141656876   0.19127976894378662,      1.678318375335941     0.51836407907046578      3.0695888573273322    -0.39799403465234917 -0.00098009460014480965     -0.3221778201254466 -2.5325800123709996e-05,0.66514390707015991
IIWA_7,1714566728.4141569,-0.18794003051378869   1.0638050104734671  0.55084273373999038  -1.6348473351097772  -1.7469666380426088 -0.99526171545025699   -1.028413616927857,  1.0078244914141119 -0.22653778710174946   1.1069772776547886  0.23407693161000101  0.93237133633075808   1.8953806550052266  0.16823790834184146, -2.3363060226440431   57.263694049835202  -16.569536151885988  -11.931721134185791 -0.16727123260498047   1.8953757820129395 -0.27834889984130862, -63.720722426278066 -0.86269596034562235  -55.402215905664647   8.0545468741569142   5.6338561300588079  -5.1832498450821225   -1.437123037241099,0.53082060813903809 0.33386990427970886  0.1961497962474823, -0.74370044469833374   0.01527013722807169 -0.010045356117188931   0.66826307773590088,0.0013764230534434319   0.89467793703079224   0.25854015350341797,0.24630704522132874  1.5422725677490234 0.20819501578807831,  0.27194935083389282 -0.036654237657785416   0.04743291437625885 -0.036654237657785416   0.20894366502761841  0.057421062141656876   0.04743291437625885  0.057421062141656876   0.19127976894378662,      1.678318375335941     0.51836407907046578      3.0695888573273322    -0.39799403465234917 -0.00098009460014480965     -0.3221778201254466 -2.5325800123709996e-05,0.66514390707015991
IIWA_7,1714566728.4191594,-0.18265732422072062   1.0629213536547577  0.55650318284298139   -1.632597177007459   -1.742126353429033  -0.9867537546913201  -1.0277550238068509,  1.0175678448540122 -0.21657650242977511   1.1119997862434716  0.27726786938072928  0.93950845360763746    1.856622954361657  0.16093405151371856,-5.5530956153869626  56.166786273956298 -16.155759944915772 -9.8593185997009272 -1.2149173736572265  2.3946682929992678 -0.3744693832397461,-63.097265261339665  1.3156203700147056 -56.312180832578491  5.8927168452460625  4.9552488739946723 -4.5456537664534817 -1.1794773529195874,0.53171002864837646 0.34272661805152893 0.19952808320522308, -0.74409365653991699   0.01566040888428688 -0.011811332777142525   0.66778731346130371,0.01837909035384655 0.89098900556564331 0.29203525185585022,0.24630704522132874  1.5422725677490234 0.20819501578807831,  0.27236750721931458 -0.037744972854852676  0.046747729182243347 -0.037744972854852676   0.20707765221595764  0.058450087904930115  0.046747729182243347  0.058450087904930115   0.19282685220241547,     1.7595630884343905     0.51003833625085093      3.1967432782886718    -0.39049869564244943   -0.014949737781932981    -0.34010897134351126 -2.7521772416605472e-05,0.67151588201522827
IIWA_7,1714566728.4241302,-0.17742435250276817   1.0620828773017301   0.5622523750662024  -1.6300774338217145  -1.7373387994009502 -0.97838085612746584  -1.0271614451822293,  1.0233731446013077 -0.20680025606492347   1.1195675179236177  0.32260402293436097   0.9431089240094237   1.8202143060434961  0.15249038619583949, -8.3652660408020019   54.944863273620605  -16.741209259033202   -11.82871726989746 -0.63563068389892574   2.3305879707336428  -0.2359624366760254,-63.097265261339665  1.3156203700147091 -56.312180832578491  5.8927168452460545  4.9552488739946696 -4.5456537664534835 -1.1794773529195874,0.53171002864837646 0.34272661805152893 0.19952808320522308, -0.74409365653991699   0.01566040888428688 -0.011811332777142525   0.66778731346130371,0.01837909035384655 0.89098900556564331 0.29203525185585022,0.24630704522132874  1.5422725677490234 0.20819501578807831,  0.27236750721931458 -0.037744972854852676  0.046747729182243347 -0.037744972854852676   0.20707765221595764  0.058450087904930115  0.046747729182243347  0.058450087904930115   0.19282685220241547,     1.7595630884343905     0.51003833625085093      3.1967432782886718    -0.39049869564244943   -0.014949737781932981    -0.34010897134351126 -2.7521772416605472e-05,0.67151588201522827
IIWA_7,1714566728.429152,-0.17327241776129765   1.0611982018652362  0.56665400108286945  -1.6273618684027211   -1.732188458791087 -0.97076817684363814  -1.0269244570678271, 0.98477590533986703 -0.20082722231169692   1.0717190550055762  0.36670583510722582   0.9605007636020666   1.7606786161879047  0.13147183353275974,  10.349378635406493    55.96783731460571 -0.19720397949218749   -13.89583755493164  -1.7642713165283204   2.0672578964233397 -0.41718959808349609, -63.639885620636029   3.4481087085096376  -58.181462279889701   4.1221990888691407   4.4900925733570425  -3.7165673215119668 -0.91897063570444115,0.53250682353973389 0.35193014144897461 0.20330114662647247, -0.74411755800247192  0.015706118196249008 -0.013506115414202213   0.66772747039794922,0.025869371369481087  0.90080589056015015   0.3286687433719635,0.24630704522132874  1.5422725677490234 0.20819501578807831,  0.27280780673027039 -0.038812354207038879  0.046004388481378555 -0.038812354207038879    0.2050650417804718  0.059423584491014481  0.046004388481378555  0.059423584491014481   0.19450747966766357,      1.845021968033933      0.4996422848062565      3.3301189418910582    -0.38103370172759554   -0.028284503131636995    -0.35589554126236322 -2.9013894398133289e-05,0.68876391649246216
IIWA_7,1714566728.434129,-0.16944195990532437   1.0603213760470531  0.57043837962859623  -1.6245663681039002  -1.7267289254247842 -0.96421783922384352  -1.0269668213356777,  0.9410390385108246 -0.19573481057667941   1.0087503858335318  0.40518468003861741  0.98678194553376464   1.6705563977421087  0.10348289611218189,  40.279098770141601     54.9126012802124   18.118995990753174  -15.094908180236816   -2.518752613067627   0.2853576850891113 -0.32607538986206053, -63.639885620636015   3.4481087085096394  -58.181462279889693   4.1221990888691256   4.4900925733570372  -3.7165673215119712 -0.91897063570444115,0.53250682353973389 0.35193014144897461 0.20330114662647247, -0.74411755800247192  0.015706118196249008 -0.013506115414202213   0.66772747039794922,0.025869371369481087  0.90080589056015015   0.3286687433719635,0.24630704522132874  1.5422725677490234 0.20819501578807831,  0.27280780673027039 -0.038812354207038879  0.046004388481378555 -0.038812354207038879    0.2050650417804718  0.059423584491014481  0.046004388481378555  0.059423584491014481   0.19450747966766357,      1.845021968033933      0.4996422848062565      3.3301189418910582    -0.38103370172759554   -0.028284503131636995    -0.35589554126236322 -2.9013894398133289e-05,0.68876391649246216
IIWA_7,1714566728.4391308,-0.16491455935410626   1.0594640246126636   0.5747496446048167   -1.621827553263024  -1.7211165689347816 -0.95861221800305774  -1.0271624638000139, 0.93392725285738432 -0.19088190583692255  0.97945090771564447   0.4337003376659434   1.0139198160271148   1.5606699670251185 0.074960618316300687,    46.80274268722534     50.56664191818237    17.374198818206786   -15.992890586853028    -1.299433364868164  -0.34943800735473635 -0.064414073944091793, -60.174320501580532   4.5713217799803916  -56.227353542899692   2.0373781803484499   3.8374006054482295   -3.975744999891317 -0.77619874875724282,0.53354895114898682  0.3554559051990509 0.20499052107334137, -0.74417853355407715  0.016280123963952065 -0.014999298378825188    0.6676139235496521,0.055836454033851624   0.8615347146987915  0.33335515856742859,0.24630704522132874  1.5422725677490234 0.20819501578807831, 0.27287900447845459 -0.03938760980963707 0.045771513134241104 -0.03938760980963707  0.20430515706539154 0.059766095131635666 0.045771513134241104 0.059766095131635666  0.19525556266307831,     1.8863392545638291     0.49459364641712966      3.3848257914694813    -0.37875413491050836   -0.037029239277508452    -0.36708011951702701 -3.0374294190949058e-05,0.66520661115646362
IIWA_7,1714566728.4441302,-0.15982497886967606   1.0584734085632383  0.57906552346799778  -1.6190765744590092  -1.7152657744635509 -0.95396737206481141  -1.0274593729946278, 0.95072502166311557 -0.19233016664654992  0.95619588069975869  0.45699942229334511   1.0451676316709204   1.4343298111499478 0.048092126868484852,  31.912488479614257   50.748115631103516   2.5125899887084961  -14.866891078948974  -2.5486853599548338   2.4116896286010743 -0.20692604064941406, -56.248789276667956   5.7095747958693384   -53.92463338473604 -0.10008699948568456    3.102385322591807   -4.186151896059302 -0.63436513284796614,0.53473347425460815 0.35860332846641541 0.20671005547046661, -0.74405217170715332  0.016968574374914169 -0.016600295901298523   0.66769969463348389,0.086225144565105438  0.81510132551193237  0.33810365200042725,0.24630704522132874  1.5422725677490234 0.20819501578807831,  0.27289316058158875 -0.039936348795890808   0.04558611661195755 -0.039936348795890808   0.20363727211952209   0.06003434956073761   0.04558611661195755   0.06003434956073761   0.19596794247627258,    1.9252050186526759    0.48917528967251656     3.4332683478055515   -0.37674447662183752  -0.045857052620057459   -0.37772951001624477 -3.149397898027928e-05,0.6378898024559021
IIWA_7,1714566728.4491296,-0.15478183734240136   1.0574519331291421   0.5824641298165778  -1.6163685591161936  -1.7092727991882672 -0.94976606239513428  -1.0278511373434289,  0.9623056784214804 -0.19472315068109006    0.900900958503008  0.47392015154730083    1.075853116348082   1.3155162357070436 0.022803127542741032,  20.150303382873535   50.996801830291751  -7.8591068077087405  -13.250522747039795  -1.5494598388671874    2.354618091583252 -0.22895365142822266, -55.391805180821095   6.9313363935497172  -54.065541539993632   -1.195145099665575   2.6676080341957968  -3.6166061491988932 -0.48768969976830712,0.53543800115585327 0.36235103011131287 0.20882779359817505,  -0.7434852123260498  0.017152566462755203 -0.017734227702021599   0.66829711198806763,0.090589798986911774  0.80194735527038574  0.35786151885986328,0.24630704522132874  1.5422725677490234 0.20819501578807831,  0.27297735214233398 -0.040393680334091187  0.045318149030208588 -0.040393680334091187   0.20281669497489929   0.06031404435634613  0.045318149030208588   0.06031404435634613   0.19675762951374054,      1.963049689708285     0.48237468117484639      3.4861575422970859    -0.37200389443459159    -0.05258473780145323    -0.38356714771747846 -3.1424475466224067e-05,0.63586509227752686
IIWA_7,1714566728.4541285,-0.15009217047629914   1.0564401649981794  0.58485402399663222  -1.6136493384323312  -1.7031285351082295 -0.94615239908503435  -1.0283272705810222,    0.95743121738127346    -0.19624924578338043     0.81631653400458326     0.48790494859233802      1.1064530562799764      1.1969595209696322 -0.00080282746954011761,  19.605882244110106   50.667460647583006  -3.4387443923950194  -11.064551849365234 -0.56608106613159181   1.8920382652282715 -0.21493608093261718, -56.077424801297425    8.266655810026089  -55.371681000929378  -1.8018444162480347    2.345108277657391  -2.6055824868061324 -0.32699002752109418,0.53584772348403931 0.36642470955848694 0.21123960614204407, -0.74261093139648438  0.016994912177324295 -0.018579304218292236   0.66924953460693359,0.081753648817539215   0.8045114278793335  0.38542056083679199,0.24630704522132874  1.5422725677490234 0.20819501578807831,  0.27308809757232666 -0.040774140506982803  0.045019242912530899 -0.040774140506982803   0.20193004608154297  0.060574792325496674  0.045019242912530899  0.060574792325496674   0.19758361577987671,     1.9989814428376107     0.47382486155633785      3.5397291509680073    -0.36454181169265354   -0.057786058161646281    -0.38586160715592399 -3.0547123053281666e-05,0.64600145816802979
IIWA_7,1714566728.4591296,-0.14556986323217067   1.0554529044533241  0.58687905840555432  -1.6108872142829622  -1.6968255038366584 -0.94320182300968136  -1.0289039514732414,  0.94683726367015764  -0.19648981842091706   0.73405460356055063   0.50080892484862805    1.1372836958868233     1.075590659789825 -0.023709497664399434,  28.015508525848389   50.141859004974364   5.9830278778076167  -10.689512138366698  -2.0697614097595216     1.44414351272583 -0.10179426193237305, -55.651754664349042   9.1937800069521511  -55.357298512829907  -2.4573412517572373   1.9974433291599154  -1.9775263277061077 -0.19224363025422941,0.53633815050125122 0.37014538049697876 0.21341407299041748, -0.74184548854827881  0.017016045749187469 -0.019472545012831688   0.67007201910018921,0.078410036861896515  0.79255801439285278  0.39768257737159729,0.24630704522132874  1.5422725677490234 0.20819501578807831,  0.27317172288894653 -0.041121318936347961  0.044762067496776581 -0.041121318936347961   0.20116502046585083  0.060794074088335037  0.044762067496776581  0.060794074088335037   0.19831463694572449,     2.0313689365405452     0.46421407214047861      3.5870992721260819    -0.35618728248287823   -0.063163802762389309    -0.38888421797711459 -2.9925751654502619e-05,0.64263314008712769
IIWA_7,1714566728.4641302,-0.14091525021326398   1.0544825418590373  0.58898989985457206  -1.6081861497138927  -1.6904667700329441 -0.94085603079091396  -1.0295827978312202,  0.94365433169239354    -0.196006358508203    0.6716773408091502     0.508689722641682    1.1641763088580315   0.95430421658255637 -0.046121452450670286,  30.178406333923341   48.292171382904051    8.209496021270752  -12.751350173950195 -0.60393718719482425  0.21293357086181641 0.032373912811279298,  -53.600303400683373     9.820623349501874   -53.818636001367224   -3.4044410002436685    1.5301372673371176   -1.7695910274764719 -0.085763627963297395,0.53705286979675293 0.37331825494766235 0.21533440053462982, -0.74116659164428711  0.017333677038550377 -0.020515473559498787   0.67078369855880737,0.085594914853572845  0.76123267412185669  0.39702937006950378,0.24630704522132874  1.5422725677490234 0.20819501578807831,   0.2731945812702179 -0.041454389691352844   0.04457445815205574 -0.041454389691352844   0.20056068897247314  0.060954097658395767   0.04457445815205574  0.060954097658395767   0.19894596934318542,      2.060190542588991     0.45420574600374408      3.6261373856305568    -0.34809823843495735   -0.069090328584486826    -0.39310031711980997 -2.9625779163211519e-05,0.62338143587112427
IIWA_7,1714566728.4691308,-0.13613354449988863   1.0534999551968356  0.59104998811068965  -1.6056172112597717  -1.6840150386289652 -0.93907511514813613  -1.0303617725284717,   0.9461916938889291  -0.19610855329463223   0.61974540289202362   0.50970931627818494    1.1894103032455821   0.83467999897715817 -0.068056149850597117,  27.152500202178956   46.372582775115966    3.162306671142578  -12.004792251586913  -1.6366169548034668   0.9772249145507812 -0.25298377227783203,  -51.354692063052163    10.450748788126138   -52.197882927707994   -4.4043723261908019    1.0262678598815254   -1.5691247963345747 0.0095711730987603216,0.53782916069030762 0.37628403306007385 0.21726630628108978, -0.74036741256713867  0.017719311639666557 -0.021572904661297798   0.67162245512008667,0.094258964061737061  0.72792667150497437  0.39684492349624634,0.24630704522132874  1.5422725677490234 0.20819501578807831,  0.27318543195724487 -0.041767463088035583   0.04441354051232338 -0.041767463088035583   0.20000909268856049  0.061074055731296539   0.04441354051232338  0.061074055731296539   0.19955554604530334,     2.0872237994060683     0.44396141922042887      3.6612997794271962    -0.34005397340397536   -0.074948549613651494    -0.39665739889738205 -2.9156665526386405e-05,0.60332906246185303
IIWA_7,1714566728.4741335,-0.1314003148701551  1.0524678138375145 0.59269823844086333 -1.6031484610315336 -1.6775460497584085 -0.9376579805539299 -1.0312393173132237,   0.9462825403004842  -0.19817249700854817   0.56172633552056628    0.5065174621520725    1.2102877974187334   0.72442938294997561 -0.089546711270557439,  20.424530326843261   47.181821109771725 -0.27115547180175781  -11.026695728302002   -1.590837459564209   1.2889489822387696 -0.07809789276123047,-50.165641164393605  11.134978308967284 -51.485181608682048 -5.0610438138530389 0.64068019168695578 -1.1065377146402788 0.10076500473956795,0.53842097520828247  0.3793734610080719 0.21934393048286438, -0.73936086893081665  0.017936140298843384 -0.022446703165769577   0.67269605398178101,0.093823738396167755   0.7061733603477478  0.40245184302330017,0.24630704522132874  1.5422725677490234 0.20819501578807831,  0.27319374680519104 -0.042034916579723358  0.044230084866285324 -0.042034916579723358   0.19941915571689606  0.061182938516139984  0.044230084866285324  0.061182938516139984   0.20018252730369568,     2.1130405917464401     0.43321820248554133      3.6966254787538233    -0.33105600368266153   -0.079956897901745094      -0.397987454822335 -2.8191522005727165e-05,0.59208858013153076
IIWA_7,1714566728.4791329,-0.12690233566138712   1.0514658127872121  0.59387742629857587  -1.6007097311209284  -1.6710485865392373 -0.93659024604067431  -1.0321755250139628, 0.93694520059110697  -0.1986180396189369  0.49654858272495456  0.50276316614586725   1.2281287667018355  0.62225288689020419 -0.10908567704600995,   20.222892868041992     47.12267412185669    -1.968518295288086   -8.2024530220031728  -0.41025470733642577     1.648065788269043 -0.052065261840820311, -49.682737091891795   11.789753827574408  -51.302370433397293  -5.4220501372984344  0.34950054404012532 -0.48442989799702207  0.17963039062083186,0.53883254528045654 0.38253375887870789 0.22150607407093048, -0.73819732666015625  0.018037755042314529 -0.023142078891396523   0.67394644021987915,0.086309261620044708  0.69153690338134766  0.41019588708877563,0.24630704522132874  1.5422725677490234 0.20819501578807831,  0.27321949601173401 -0.042253781110048294   0.04402904212474823 -0.042253781110048294   0.19881166517734528  0.061281491070985794   0.04402904212474823  0.061281491070985794   0.20080579817295074,     2.1370442212935714     0.42189110869106372      3.7313095623670023    -0.32099261780604849   -0.084219185541023478    -0.39744517201700802 -2.6847258638440508e-05,0.58567911386489868
IIWA_7,1714566728.4841332,-0.12258915322281722     1.05048496392753  0.59465070838630596   -1.598223663626769  -1.6645311815370984 -0.93566865907216223  -1.0331400753345912, 0.9220834580156817 -0.1981283860824328 0.42817014968916717 0.50165323268306827  1.2431992134470211 0.53466578825264643 -0.1258505544619426,  21.072458694458007   47.107887374877933 0.032573871612548828  -8.0844827842712395 -0.79145704269409178  0.69687350463867193 0.011347557067871094, -48.917397773317298   12.294572381186248  -50.748102595925246  -5.7528775774999854 0.080788599598757838 0.011029532204555714  0.25786835675427844, 0.5392267107963562 0.38552957773208618  0.2235884815454483, -0.73704689741134644  0.018152020871639252 -0.023827847093343735   0.67517745494842529,0.07993827760219574 0.67325162887573242 0.41306442022323608,0.24630704522132874  1.5422725677490234 0.20819501578807831,  0.27323326468467712 -0.042446356266736984  0.043847382068634033 -0.042446356266736984   0.19825905561447144  0.061359971761703491  0.043847382068634033  0.061359971761703491   0.20138415694236755,    2.1587689080728723    0.41014602689148916     3.7626460877815404   -0.31040401459314637  -0.088295817898931261   -0.39663995262539942 -2.552396338728613e-05,0.57543045282363892
IIWA_7,1714566728.4891315,-0.11839838959606221   1.0495787167668968  0.59519017831345733  -1.5957259114805167  -1.6580128178256017 -0.93503822891121546    -1.03412571795923, 0.90529731148274573 -0.19475259529127203  0.36411491683738856   0.5012326719965492   1.2552939192174857  0.45294983703998803 -0.14010614855510806,  21.862877532958983   49.801763824462888   1.2844669914245606  -6.3765554618835445 -0.62770730972290034   1.6196968955993651 -0.19924975204467774, -47.418404638007104   12.638100468234331  -49.542341023234513  -6.2183157237594768 -0.23309272919910207  0.28873510735683094  0.32202446854540623,0.53971785306930542 0.38823738694190979 0.22554408013820648,  -0.7359192967414856  0.018398821353912354 -0.024572717025876045   0.67637300491333008,0.079248033463954926  0.64711219072341919  0.41016045212745667,0.24630704522132874  1.5422725677490234 0.20819501578807831, 0.27321654558181763 -0.04262986034154892 0.043699808418750763 -0.04262986034154892  0.19778639078140259 0.061410333961248398 0.043699808418750763 0.061410333961248398   0.2019122987985611,     2.1784798398600813      0.3984429728305372      3.7895639226990241    -0.30017231020185164   -0.092569084396032508    -0.39618263338692117 -2.4330091719093616e-05,0.55864483118057251
IIWA_7,1714566728.4941335,-0.11430577685053775   1.0488161007134749   0.5955432934368039  -1.5931831585284124  -1.6515010694355687 -0.93443781928606773  -1.0351499497045473, 0.88794235900717489 -0.18630671836989696  0.30541653840377364  0.50269625568141008   1.2647050709753083  0.38637625463789987 -0.15305418865677822,   21.345341388702394    48.117418918609616    0.8891786575317383   -8.2596773910522465   -1.0273975181579589   0.35277552413940427 -0.021026355743408203, -45.387004478085657   12.869427129602194  -47.868881450526175  -6.8357925140672009 -0.59060626511824132  0.36716110839576421  0.38225525147273876,0.54034113883972168 0.39069971442222595  0.2273794412612915, -0.73485058546066284  0.018777107819914818 -0.025421269237995148   0.67749232053756714,0.084445826709270477  0.61641448736190796  0.40296831727027893,0.24630704522132874  1.5422725677490234 0.20819501578807831,  0.27316814661026001 -0.042819011956453323  0.043585818260908127 -0.042819011956453323   0.19738499820232391  0.061438623815774918  0.043585818260908127  0.061438623815774918   0.20240145921707153,     2.1970597047173968     0.38675095078932742      3.8129635745560719     -0.2903519019072931   -0.097208852094077258    -0.39648721642215889 -2.3343017296895141e-05,0.53793489933013916
IIWA_7,1714566728.4991324,-0.11035343938040533   1.0481208958207497  0.59567757666962462  -1.5907683971153417  -1.6450616097906265 -0.93402400401116448  -1.0361772375213849, 0.86844738601103677 -0.17685357040492242  0.24970456003584773  0.49874746106795736   1.2693424425779343  0.32565361470644993 -0.16353486359892599,   21.188064170837404    47.960141700744629  -0.17255348205566406   -8.7623714637756347   -0.5387894439697265    1.0953730087280273 -0.080767906188964844, -43.329783117672157   13.030288268311716  -46.175771074827871  -7.4319155003142621 -0.94214984668980595  0.40362483051280007    0.429765609160492, 0.5410010814666748 0.39301899075508118 0.22915399074554443, -0.73375445604324341  0.019215689972043037 -0.026265375316143036    0.6786348819732666,0.090434253215789795   0.5861172080039978  0.39471745491027832,0.24630704522132874  1.5422725677490234 0.20819501578807831,  0.27310556173324585 -0.042997214943170547  0.043486539274454117 -0.042997214943170547   0.19702108204364777  0.061450064182281494  0.043486539274454117  0.061450064182281494   0.20286664366722107,     2.2143672132042269     0.37507954751170303       3.833910540206098    -0.28070957424741749    -0.10184217377950944    -0.39658946057308242 -2.2354651463274422e-05,0.5172455906867981
IIWA_7,1714566728.5041361,-0.10651716914169058    1.047489866466454  0.59557349374151569  -1.5884640104332501  -1.6386709499006358 -0.93360084097095375  -1.0371754035379053, 0.84820871835741929 -0.16672403049576631  0.19560033090432105  0.49117343613802755   1.2711003496619782  0.27744941337358908 -0.17075453153995532,  21.780878299713134   46.146748821258548  0.12677398681640625  -8.9261211967468252  -1.3751456069946288  0.99958627700805669 -0.16720959091186524,-41.258194123230766  13.042467071463307 -44.414685287140756 -7.9890312006214392 -1.2689176364990558 0.32897282002059081 0.46273952445345023,0.54172021150588989 0.39521899819374084 0.23080812394618988, -0.73268914222717285  0.019752915948629379 -0.027135288342833519   0.67973530292510986,0.097923308610916138  0.55709671974182129  0.38322925567626953,0.24630704522132874  1.5422725677490234 0.20819501578807831,  0.27303692698478699 -0.043174970895051956  0.043393991887569427 -0.043174970895051956   0.19668927788734436  0.061456192284822464  0.043393991887569427  0.061456192284822464   0.20330619812011719,    2.2310369263731644    0.36346689785915487     3.8533455784524051   -0.27138694036032973   -0.10671309036869303   -0.39712338352781984 -2.147925748374746e-05,0.49629923701286316
IIWA_7,1714566728.5091293,-0.10277036109885763    1.046853923573982  0.59530366889348363  -1.5863009177534184  -1.6324185401586897 -0.93328715392624051  -1.0381885499335615, 0.82843929639925351 -0.15881694009549471  0.14568727080217433  0.47946245610369104   1.2669766694074256  0.23450701248740088 -0.17712948105821205,   23.225946754455567    43.971752765655516  -0.49036882400512694   -10.115507698059082  0.013205623626708985   0.95986982727050785 -0.016353832244873048, -39.21981204390935  12.901770954611118 -42.599806920959288 -8.3905631049851817 -1.5446964100255229 0.21144132315442166 0.47455474050732033,0.54242074489593506 0.39727452397346497 0.23234717547893524, -0.73164510726928711  0.020357817411422729 -0.027953479439020157   0.68080806732177734,0.10352565348148346 0.52806901931762695 0.36931493878364563,0.24630704522132874  1.5422725677490234 0.20819501578807831,  0.27296739816665649 -0.043335031718015671  0.043308250606060028 -0.043335031718015671   0.19639509916305542  0.061456501483917236  0.043308250606060028  0.061456501483917236   0.20370692014694214,     2.2460280503668884      0.3520407380310786      3.8705651352222148    -0.26222301809752935    -0.11149516520081448    -0.39763199290732132 -2.0651281573691449e-05,0.47428515553474426
IIWA_7,1714566728.514132,-0.099071729706616735    1.0461682461063941    0.5948819440045765   -1.5843584546532421   -1.6262545259328363  -0.93301637034703366   -1.0391779675962893, 0.81069669280903889 -0.15448065077990988 0.099680821085454396  0.46126848889000555   1.2601419045600781  0.19843695315819454 -0.18128029135568424,   22.688246864318849    43.799688800811765  0.031693496704101563    -10.05476182937622   -1.3460932350158692    1.0786854248046875 -0.048060241699218749,   -37.151996863420621     12.583272383117601    -40.651129642211274     -8.677538463506405    -1.7850187931758268 -0.0037763237031689378     0.4636564043537047,0.54313516616821289 0.39918613433837891 0.23373198509216309,-0.73067986965179443 0.021080005913972855 -0.02875145711004734  0.68178874254226685,0.10889618098735809 0.49907761812210083 0.35189741849899292,0.24630704522132874  1.5422725677490234 0.20819501578807831,  0.27289697527885437 -0.043487753719091415  0.043229777365922928 -0.043487753719091415   0.19614318013191223  0.061457391828298569  0.043229777365922928  0.061457391828298569   0.20406514406204224,     2.2597442789358269     0.34076352277967459      3.8859183684873955    -0.25325556676047967    -0.11640781933852651    -0.39874047994814532 -1.9986128307891704e-05,0.45092383027076721
IIWA_7,1714566728.5191324,-0.095437633390631396    1.0454430806735631   0.59432144176910784   -1.5826201428247548   -1.6202694123186354  -0.93288238676542889   -1.0401509667285775, 0.79392120688664469 -0.15259113793717097 0.057324567449617003  0.43854726425149532   1.2475180682160962  0.16410890579074638 -0.18394419837607581,  22.149202724456789   44.571288143157958   1.2624576187133789  -10.219391937255859 -0.85044216156005858    1.044976505279541 -0.15352577209472656, -35.277486703052233   12.218540814048602  -38.811323791063714   -8.835535696814226  -1.9681630226412894 -0.20466199040340127  0.45499955795613245,0.54380571842193604 0.40099802613258362 0.23503150045871735, -0.72975820302963257  0.021795893087983131 -0.029511041939258575   0.68272030353546143,0.11169876158237457 0.47187888622283936 0.33446180820465088,0.24630704522132874  1.5422725677490234 0.20819501578807831,  0.27282813191413879 -0.043624404817819595  0.043157488107681274 -0.043624404817819595   0.19591911137104034  0.061456412076950073  0.043157488107681274  0.061456412076950073   0.20439185202121735,     2.2720395787771963     0.32960277523930159       3.899654222626836    -0.24422241757804386    -0.12111370685996548    -0.39978455347267072 -1.9363822545415132e-05,0.42836153507232666
IIWA_7,1714566728.5241306,-0.091900848888838718     1.044724806127868   0.59369952052459696   -1.5810645305352029   -1.6144320401274841  -0.93286482984398467    -1.041085196971274, 0.77660834558102287 -0.15080389217753931 0.020982804179258352  0.41306230298327318     1.23150934221893  0.13198940149036625 -0.18452456840871884,  21.728452560424806   46.092978832244874   1.4314896011352538  -9.4217722702026361 -0.83371503829956051  0.57004786682128905 -0.12816064453125001, -33.676481551134721   11.789487283707548  -37.115351125265803  -8.8202201787058865  -2.0933183686606123 -0.38076129973816064  0.43541811654611551,0.54439783096313477  0.4027383029460907 0.23624430596828461, -0.72889572381973267  0.022529302164912224 -0.030197629705071449   0.68358725309371948,0.11102480441331863 0.44723895192146301 0.31694328784942627,0.24630704522132874  1.5422725677490234 0.20819501578807831,  0.27276811003684998 -0.043742317706346512  0.043085396289825439 -0.043742317706346512   0.19571855664253235  0.061460182070732117  0.043085396289825439  0.061460182070732117   0.20468363165855408,     2.2828574581685857     0.31848741955275983       3.912185721557826    -0.23493656804696172    -0.12560810781092613    -0.40087082313089439 -1.8802226442460324e-05,0.40681320428848267
IIWA_7,1714566728.5291293,-0.088456163230012222    1.0440370314290177   0.59302774471358433   -1.5796707651360995   -1.6087657068869028  -0.93297808076848798   -1.0420298535927559,  0.75907410281787824  -0.14815410169604287 -0.010084789097098579   0.38620045835075489     1.211860803398396   0.10106148421216035  -0.18540591958625147,  20.319678848266602   47.548801284790038   1.2272426223754882  -9.6955688667297366  -1.0106703948974609   1.1037168006896974 -0.10146051025390625, -32.318011180813272   11.329469732745887  -35.568183725606886  -8.6568445600684552  -2.1579509817947047 -0.51474079284420604  0.41514853051106515,0.54489827156066895 0.40440472960472107 0.23738369345664978, -0.72807514667510986  0.023224076256155968 -0.030801678076386452   0.68441104888916016,0.10703112930059433 0.42455801367759705 0.29990378022193909,0.24630704522132874  1.5422725677490234 0.20819501578807831,  0.27271637320518494 -0.043836575001478195  0.043015867471694946 -0.043836575001478195   0.19553937017917633  0.061465084552764893  0.043015867471694946  0.061465084552764893   0.20494312047958374,     2.2919757997854617     0.30746482383747775        3.92328679101972    -0.22537462504690353    -0.12971193631727829    -0.40164320848568025 -1.8247774846713583e-05,0.38611927628517151
IIWA_7,1714566728.5341361,-0.085151692959967815    1.0433949766116712   0.59224529473854282   -1.5784634144274106   -1.6032871904469905  -0.93314202499928178   -1.0429688176047163,  0.73943809305607888  -0.14420547405069317 -0.039365830279339278   0.35725439502816142    1.1886293003152073  0.074291418137976295  -0.18588329614741572,  19.029199111938478     47.6697837600708  -1.0828611373901367  -9.6313014984130856 -0.25090684890747073  0.85073302841186527 0.023028865814208984, -31.150703467831217   10.846241097331596  -34.179361154750467  -8.3904175822329137  -2.1846825588325407 -0.61596565360689004  0.38297226251620231,0.54531925916671753  0.4060063362121582 0.23846049606800079,  -0.7272723913192749  0.023915830999612808 -0.031315021216869354   0.68521690368652344,0.10085760056972504 0.40378588438034058 0.28367528319358826,0.24630704522132874  1.5422725677490234 0.20819501578807831,  0.27267414331436157 -0.043911300599575043  0.042944233864545822 -0.043911300599575043   0.19537311792373657  0.061471987515687943  0.042944233864545822  0.061471987515687943   0.20517772436141968,     2.2997945972473843     0.29667776349473485      3.9334095039604833    -0.21580075136284904    -0.13352104512698304    -0.40211381289445569 -1.7685025888170003e-05,0.36653736233711243
IIWA_7,1714566728.5391312,-0.082020934110460533    1.0427841407168212   0.59125174249990009    -1.577395260489719   -1.5979639894609501  -0.93332718119822267   -1.0439006509649347,  0.71678082842515434  -0.13979781503455468 -0.071234753769180439   0.32852967353019119    1.1638314796937836  0.052026886552745705  -0.18597997132666874,  16.714401084899901   47.871421218872072  -2.2044587707519532  -8.5519618606567374 -0.88301603317260746   1.4798549423217773 -0.12849439620971681, -30.158537507188431   10.345513585208742  -32.934608400572642   -8.039224625082884   -2.171125762693547 -0.68954513038536813  0.34841163832037153,0.54565978050231934 0.40754970908164978 0.23947255313396454, -0.72648286819458008  0.024575026705861092 -0.031749628484249115   0.68601065874099731,0.092881143093109131  0.38480702042579651  0.26801210641860962,0.24630704522132874  1.5422725677490234 0.20819501578807831,  0.27264273166656494 -0.043965321034193039  0.042869783937931061 -0.043965321034193039   0.19521741569042206  0.061480741947889328  0.042869783937931061  0.061480741947889328   0.20538881421089172,      2.306299630867592     0.28612100969116483       3.942600356046988    -0.20620425808903775    -0.13699911411002574    -0.40219198444635396 -1.7097301352464456e-05,0.34796750545501709
IIWA_7,1714566728.5441315,-0.079120751690181942    1.0421885846341572    0.5900261159031982    -1.576411295671907   -1.5928222775843757  -0.93357118008206386   -1.0448187624374907, 0.68943195955126713 -0.13566049533420532 -0.10601286688341995  0.30218233153663471   1.1367336588180037 0.031861553888548971 -0.18550843596357697,  15.444085094451903   48.778789783477784  -2.2291092681884765  -8.8037490844726562 -0.51589969635009769   1.1314181900024414 -0.10379677200317383, -29.127945890631946   9.7446768673828323  -31.613954804859659  -7.6140191375777233  -2.1264189717715509 -0.81310592237975321  0.30435679489681827,0.54594641923904419 0.40898585319519043 0.24036359786987305, -0.72575199604034424  0.025252219289541245 -0.032122902572154999   0.68674194812774658,0.084560520946979523  0.36530572175979614   0.2505403459072113,0.24630704522132874  1.5422725677490234 0.20819501578807831, 0.27262008190155029 -0.04400261864066124 0.042796444147825241 -0.04400261864066124  0.19508664309978485 0.061493504792451859 0.042796444147825241 0.061493504792451859   0.2055642306804657,      2.311352414486656     0.27592249031105354      3.9504515300752274    -0.19677939760587293    -0.14027641291569637    -0.40233940238465493 -1.6568654892523682e-05,0.32831078767776489
IIWA_7,1714566728.5491314,-0.076466305738097914     1.041640605899653    0.5886307325838781   -1.5755368068495921   -1.5878471943858845  -0.93390619908631034   -1.0457432255995269, 0.65772340572437482 -0.13044754564753164 -0.14062562627953989  0.27672541812190332   1.1083902549940494 0.012088482940979819 -0.18538527525230974,   15.066350921630859     50.32736546707153   -1.4279681015014649   -9.1955159187316902  -0.55199506759643557    1.1257444114685058 -0.043387718200683593,-27.821287027315424  9.0538292776157316 -30.035352094789072 -7.2185289040046579 -2.0957019362873295  -1.036032387368178 0.25634187797019414,0.54624676704406738 0.41025742888450623 0.24111062288284302, -0.72510850429534912   0.02598896436393261 -0.032497294247150421   0.68737632036209106,0.078682020306587219  0.34310770034790039  0.23073172569274902,0.24630704522132874  1.5422725677490234 0.20819501578807831,  0.27259305119514465 -0.044033069163560867  0.042736619710922241 -0.044033069163560867   0.19500018656253815   0.06150556355714798  0.042736619710922241   0.06150556355714798   0.20569859445095062,     2.3150042727131392     0.26612468982190052      3.9562059219475643    -0.18772907686148699    -0.14354495379276244    -0.40300823777794648 -1.6172079675413897e-05,0.30645492672920227
IIWA_7,1714566728.5541327,-0.074048308593677059    1.0411434403537423   0.58712018098678809   -1.5747850962678351   -1.5830209073129098  -0.93440606105683233   -1.0466897995742752,  0.62289861035633409   -0.1242446583544544  -0.17292256490723251   0.25144875776780018    1.0797636869142284 -0.010323692468095601  -0.18617117919177933,   16.198209190368651    50.160678501129148  -0.97193389892578119   -9.8091372299194326   -1.1031097602844238    1.2926202507019042 -0.080767906188964844,-26.126639380567465  8.3395734407388904 -28.170929066429508 -6.9398077229522821 -2.1071310625034063 -1.3524625952289973 0.21463188625769702,0.54660874605178833 0.41132473945617676 0.24173282086849213, -0.72454649209976196   0.02678113617002964 -0.032918862998485565   0.68791824579238892, 0.0766763836145401 0.31716817617416382 0.20985963940620422,0.24630704522132874  1.5422725677490234 0.20819501578807831,  0.27254927158355713 -0.044064465910196304  0.042700722813606262 -0.044064465910196304   0.19496625661849976  0.061509426683187485  0.042700722813606262  0.061509426683187485    0.2057965099811554,    2.3174639923695395    0.25687398269980122     3.9593827683432892   -0.17933140779291534    -0.1468652865979081   -0.40426352316202951 -1.591264542355475e-05,0.28249242901802063
IIWA_7,1714566728.5591314,-0.071797910835835935    1.0406620939267563   0.58549733719636954   -1.5741606582585428    -1.578391353229621  -0.93512092010226422   -1.0476454815497251,  0.58833479859871229  -0.11864958376300114  -0.20325180354252798   0.22613652658593414    1.0489931128629348 -0.036853315791752189  -0.18716422237142064,   18.080158805847169    49.952319793701172   -2.1164212799072266   -10.348807048797607  -0.46219682693481445    1.5382614860534667 -0.082770416259765625,-24.184589117240154  7.5996003326405432 -26.144187407065928  -6.720807448169535 -2.1439451531678553 -1.7257812010693987 0.17193151716169683,0.54701137542724609  0.4122033417224884 0.24223905801773071, -0.72403848171234131  0.027629010379314423 -0.033362932503223419   0.68839806318283081,0.076914303004741669  0.28884217143058777  0.18848066031932831,0.24630704522132874  1.5422725677490234 0.20819501578807831, 0.27249440550804138 -0.04409303143620491  0.04268210381269455 -0.04409303143620491  0.19497601687908173 0.061506714671850204  0.04268210381269455 0.061506714671850204  0.20586079359054565,     2.3187376557318728     0.24826835820945803      3.9603011397622012    -0.17167684973884434    -0.15019808231286902    -0.40590648751592795 -1.5741711045791362e-05,0.25729992985725403
IIWA_7,1714566728.5641298,-0.069664718809500162    1.0401713399569359   0.58370851183050465   -1.5736649307548527   -1.5739258393266016   -0.9360892454609816   -1.0486243530604475,  0.55599551993240071  -0.11454982580321918   -0.2341544574686179   0.20073832141635095    1.0178150464111244 -0.068215666982096995  -0.18888623832603255,   18.795299659729004    49.926779048919677   -2.6182349777221678   -10.868228244781495   -1.0555695152282714    1.6076818351745605 -0.080767906188964844,-22.153215372108249  6.8748326132335329 -24.105731889560193 -6.5307843661733989  -2.197231022325485  -2.098887028786566 0.12716192995505832,0.54742890596389771 0.41291943192481995 0.24266155064105988, -0.72354626655578613  0.028509592637419701 -0.033805172890424728   0.68885791301727295,0.077891513705253601  0.25964328646659851  0.16798567771911621,0.24630704522132874  1.5422725677490234 0.20819501578807831,  0.27243214845657349 -0.044113799929618835  0.042676176875829697 -0.044113799929618835    0.1950194388628006  0.061496607959270477  0.042676176875829697  0.061496607959270477   0.20589740574359894,     2.3188010632315681     0.24031401853719103      3.9592094746314643    -0.16472624447150253    -0.15344628716373876     -0.4075828441809648 -1.5592616975368401e-05,0.23219117522239685
IIWA_7,1714566728.5691283,-0.06761859220565089   1.0396554191028833  0.58174471687987817  -1.5733150513628562  -1.5696575378552138  -0.9373705388978435  -1.0496307283421877, 0.52664148009989142 -0.11227669480467972 -0.26587536399995371  0.17458583281294029  0.98498409598441128 -0.10582427106015346 -0.19136400193043368,   19.125985092163084    51.689090438842776   -2.7731809616088867   -11.100647220611572  -0.84251878738403319    2.2778552055358885 -0.054735275268554685, -20.228410802808206   6.1954297917068946  -22.184712113385235  -6.3189343493312471  -2.2412061507008358  -2.4231130986539227 0.087731903003376188,0.54782140254974365 0.41351276636123657 0.24302351474761963, -0.72306382656097412  0.029359595850110054 -0.034217655658721924    0.6893082857131958,0.077820122241973877  0.23134581744670868  0.14914599061012268,0.24630704522132874  1.5422725677490234 0.20819501578807831,  0.27236691117286682 -0.044119317084550858  0.042681574821472168 -0.044119317084550858   0.19508931040763855  0.061479151248931885  0.042681574821472168  0.061479151248931885   0.20590883493423462,     2.3174338834888175      0.2328165794507342       3.956240089996399    -0.15810347043387907    -0.15640114497283975    -0.40893892083104788 -1.5425050570172516e-05,0.2082449197769165
IIWA_7,1714566728.5741298,-0.065637599762322946    1.0391671817887613   0.57963117889716609   -1.5731053873596419   -1.5655752314098221     -0.93895335541628   -1.0506997212378342, 0.50055288181303093 -0.10935084840862191 -0.29724181050844606  0.14805522637892488  0.95127953460319503  -0.1479720775855829 -0.19585091737020444,   18.284484764099123    52.002300624847415   -2.6182349777221678   -11.569887046813964  -0.58544931411743162    1.4354659690856935 -0.036045181274414063,-18.431225683834743  5.5628563114240528 -20.368768072055424 -6.0823495370468015 -2.2801299635981662 -2.6930092031290629 0.05584311917014545,0.54818236827850342 0.41399174928665161 0.24332746863365173,  -0.7225918173789978  0.030164705589413643 -0.034601610153913498   0.68974912166595459,0.076636239886283875  0.20410729944705963  0.13175122439861298,0.24630704522132874  1.5422725677490234 0.20819501578807831,  0.27229839563369751 -0.044106092303991318  0.042700383812189102 -0.044106092303991318   0.19518905878067017  0.061453323811292648  0.042700383812189102  0.061453323811292648   0.20589208602905273,     2.3143748113447771     0.22560931047266308      3.9511380520451667    -0.15157510901708804    -0.15901516925875825    -0.40990441079635787 -1.5234498107474792e-05,0.18542733788490295
IIWA_7,1714566728.5791285,-0.063700649502755224    1.0386861948996011    0.5773900090223294   -1.5730542147423057   -1.5616842891468043  -0.94103118025367172   -1.0518168307883793,  0.4779203158331336 -0.10672015429330579 -0.32744024340022448  0.12049108579658895  0.91666131820326735 -0.20149065556413503 -0.20136511591796813,   15.511297580718994    52.773899967193607   -3.0196859359741208   -11.710747032165527    -1.000986270904541    2.2628363800048827 -0.024030120849609374, -16.827285518334747   4.9798846575327351  -18.694772799967733  -5.7906280506519545  -2.2983105549187823  -2.8894538655622002 0.034104815416887375,0.54848337173461914 0.41437137126922607 0.24358241260051727, -0.72212332487106323  0.030884703621268272 -0.034936893731355667   0.69019091129302979,0.073414929211139679  0.17831918597221375  0.11588790267705917,0.24630704522132874  1.5422725677490234 0.20819501578807831,  0.27222979068756104 -0.044067464768886566  0.042732074856758118 -0.044067464768886566   0.19531625509262085  0.061418414115905762  0.042732074856758118  0.061418414115905762   0.20584607124328613,     2.3093388080415167     0.21860629154790701      3.9438148135930717    -0.14494131533204779    -0.16114061074645747    -0.41021980426148019 -1.4992643571076769e-05,0.16373966634273529
IIWA_7,1714566728.5841324,-0.061855797867987512    1.0382109005108795   0.57498813064804921   -1.5731281573613958   -1.5579811636844558  -0.94353576340045009    -1.052972888997429, 0.45613031805721538 -0.10438789898350966 -0.35802732969138706 0.093435163873666918  0.88145407305655477 -0.26137585032244293 -0.20733442109636402,   12.357687725067139    53.366714096069337   -3.6421109962463381   -11.781177024841309  -0.81258604049682615    1.5723041572570802 -0.033041416168212892, -15.447062940520997   4.4028592140055256  -17.167824048078693  -5.4175654536755777  -2.2840462154243917  -3.0296724816983271 0.017964505729847015,0.54871165752410889  0.4146723747253418 0.24377131462097168, -0.72165262699127197   0.03151911124587059 -0.035211153328418732   0.69064044952392578,0.068038575351238251  0.15451779961585999  0.10056018829345703,0.24630704522132874  1.5422725677490234 0.20819501578807831,  0.27216795086860657 -0.044000208377838135  0.042770251631736755 -0.044000208377838135   0.19546498358249664  0.061377685517072678  0.042770251631736755  0.061377685517072678   0.20576998591423035,     2.3023069378851346     0.21176881385276403       3.934570451474606    -0.13816169798364086    -0.16277459820468465    -0.40983555251283832 -1.4688814609087331e-05,0.14298970997333527
IIWA_7,1714566728.5891383,-0.060146368075211294    1.0377217643521925   0.57240858615531298   -1.5732913226299277    -1.554460198410671  -0.94655243258566535   -1.0541864715132951, 0.43328144615682107 -0.10307576553428588 -0.38960364346255888 0.068221520357658175  0.84600186939663868 -0.32976744766656474 -0.21441083751173595,   11.151895721435547    53.088454402923581   -4.4740652847290034   -12.335813217163086  -0.50973707199096674    1.6667558822631836 -0.069420349121093752, -14.388500169266914   3.9013693089098727  -15.912012215216219  -4.9584821777856183  -2.2394196587563409  -3.0395203833369315 0.005879442310133258,0.54882514476776123 0.41491833329200745 0.24394673109054565, -0.72111994028091431  0.032018300145864487 -0.035376075655221939   0.69116520881652832, 0.05925191193819046  0.13324066996574402 0.087777167558670044,0.24630704522132874  1.5422725677490234 0.20819501578807831,  0.27211514115333557 -0.043893016874790192   0.04281383752822876 -0.043893016874790192   0.19562706351280212  0.061325408518314362   0.04281383752822876  0.061325408518314362   0.20566898584365845,     2.2928911988238099     0.20503254497405976      3.9231995223012461    -0.13105962087323064    -0.16367845040843321    -0.40806568570861401 -1.4229045497415882e-05,0.12381691485643387
IIWA_7,1714566728.5941393,-0.058554862980509173    1.0372017089222252   0.56963274011828191    -1.573523696748286   -1.5511201469858307  -0.95011030928238527   -1.0554705812570713, 0.41028536071354171 -0.10326282962612306 -0.42271675625128996 0.045282251551794432  0.81040355251092233 -0.40612902600204859 -0.22289305976043394,   10.942192764282227    53.747136768341065   -4.6554225158691409    -12.62721731185913   -1.0053881454467772    2.1790647087097166 0.0013350067138671875,    -13.403124642987855      3.4522614410511494     -14.738779910880059     -4.4973829081884107     -2.1946328065458696     -2.9915485996123312 -0.00059661026850613488,0.54887521266937256 0.41506808996200562 0.24409286677837372, -0.72054988145828247  0.032419294118881226 -0.035479564219713211   0.69173556566238403,0.049790062010288239  0.11233628541231155 0.076414473354816437,0.24630704522132874  1.5422725677490234 0.20819501578807831,  0.27206292748451233 -0.043756082653999329  0.042869668453931808 -0.043756082653999329   0.19581298530101776  0.061259247362613678  0.042869668453931808  0.061259247362613678   0.20554164052009583,     2.2813953900984174       0.198527032701179      3.9094517266304862    -0.12392615117207129    -0.16403350981875064    -0.40532796032177743 -1.3676421772856884e-05,0.10523668676614761
IIWA_7,1714566728.5991385,-0.057031787773371541    1.0366618795663309   0.56667323570205719   -1.5738582962190135    -1.547972993713244  -0.95416289475592764   -1.0567898047346531,  0.3891512968563387 -0.10420343793666846 -0.45655358165002091 0.022841822412333186  0.77420897291220325 -0.48700663974333369 -0.23108338691162089,   11.567268886566161    53.726973022460939   -5.4820945549011233   -12.172063484191895  -0.68317092895507814    2.0158601379394532 -0.046725234985351562,  -12.363446400169726    3.1126936898782844   -13.601630593044291   -4.1170394032579889     -2.17821168377534     -2.88091836877663 0.0072270297475667857,0.54889369010925293 0.41509178280830383 0.24424131214618683, -0.71991723775863647  0.032709937542676926 -0.035557184368371964   0.69237625598907471,0.041051104664802551 0.090526223182678223 0.067475363612174988,0.24630704522132874  1.5422725677490234 0.20819501578807831,   0.2720014750957489 -0.043593160808086395  0.042945683002471924 -0.043593160808086395   0.19602806866168976  0.061170950531959534  0.042945683002471924  0.061170950531959534   0.20539256930351257,     2.2679107110743502     0.19235974228326569      3.8928634641166582    -0.11697311952207912    -0.16386575843529982    -0.40152900446521755 -1.3016751232441948e-05,0.087347999215126038
